-14.936667775502759,-5.445698010434317,12.738094996385641,25.974842462202467
-12.0,17.0,0.0,0.0
-15.670088865656542,-6.749161586002401,-7.843022284413124,29.626102806760887
-15.120321149887044,-1.7984740152677858,-9.532447413760883,24.366282540630085
-18.35363294088447,-19.27306561801859,-13.612022677137325,Inf
-15.670088865656542,-6.749161586002401,-7.843022284413124,29.626102806760887
-15.995052330391957,-6.894006963957748,-11.805561101164281,29.22691130985418
-14.316490898059762,2.7231645253332033,-11.285566164087681,19.450513677232586
-17.544158342824055,-6.08956784258277,8.431416361739466,27.03489511008404
-16.286858064144525,-5.41173759385666,7.8695752713319855,25.499993403874164
-17.62848218122344,-11.499606749157385,13.2445097200048,32.61954950494944
-14.936667775502759,-5.445698010434317,12.738094996385641,25.974842462202467
-17.837109910570597,-13.449896664060796,5.823583229535068,33.938083558663266
-16.286858064144525,-5.41173759385666,7.8695752713319855,25.499993403874164
-17.575382422627364,-12.72471504627533,10.261688674121974,34.103771805600715
-16.286858064144525,-5.41173759385666,7.8695752713319855,25.499993403874164
-13.74650652519879,-9.988540962557533,2.0466631207819503,29.015390790026007
-13.023342762256318,-0.2895453859382897,3.0446398027603223,19.238405647299988
-16.136893843541216,-11.226732721739845,-7.804629449772156,33.98136288705054
-16.14179513606036,-2.2236523711145395,-9.396068206931965,24.838706974227712
-17.38651810361266,-15.84167739818084,8.43847176878431,37.65179192865622
-17.544158342824055,-6.08956784258277,8.431416361739466,27.03489511008404
-16.975256010232165,-12.752605067214038,10.609513184641326,33.85377597229653
-16.286858064144525,-5.41173759385666,7.8695752713319855,25.499993403874164
-17.319436278027105,-19.187743535771116,6.458820537060301,39.734151117784585
-17.837109910570597,-13.449896664060796,5.823583229535068,33.938083558663266
-15.520778232676662,-17.02406794731739,12.341177446662272,38.60102897584603
-17.62848218122344,-11.499606749157385,13.2445097200048,32.61954950494944
-15.583547399320157,-17.457397517268554,14.456019683351045,39.0339696260606
-15.093751430949807,-13.403474244090683,15.353501763749513,34.35286313647437
-12.75603863446059,-14.014980654551445,11.35361015812082,34.9249568052103
-14.936667775502759,-5.445698010434317,12.738094996385641,25.974842462202467
-15.093751430949807,-13.403474244090683,15.353501763749513,34.35286313647437
-14.936667775502759,-5.445698010434317,12.738094996385641,25.974842462202467
-12.236219913892112,-12.608582354490565,4.1875001791782225,32.720625715686914
-13.74650652519879,-9.988540962557533,2.0466631207819503,29.015390790026007
-13.609847568343216,-9.740152001573046,16.0634710713297,31.565988407708147
-14.936667775502759,-5.445698010434317,12.738094996385641,25.974842462202467
-14.316490898059762,2.7231645253332033,-11.285566164087681,19.450513677232586
-14.53949056636655,9.239344271271719,-8.757004732589433,12.457377739307116
-19.81745085710073,-0.9806088970054887,-12.14606491523706,24.62909509469533
-16.329586794275237,3.839922550225559,-10.986658279149148,18.567169418617002
-14.552139623485107,12.953179225536786,-19.73533619697126,22.15854671867225
-11.777536675107072,17.694097953464947,-13.73617457694598,14.024379763835853
-13.112913877745811,2.642575964489886,-13.233164992092235,20.556049470562158
-14.53949056636655,9.239344271271719,-8.757004732589433,12.457377739307116
-12.305151598041348,-5.361714718276742,-17.933381047845415,29.87340854948028
-13.112913877745811,2.642575964489886,-13.233164992092235,20.556049470562158
-17.655334670534764,-0.6281111327242783,-17.35009386687438,26.454770124947725
-16.329586794275237,3.839922550225559,-10.986658279149148,18.567169418617002
-18.449373471982355,-2.820430925995325,-15.454292718569116,26.862563409952408
-16.329586794275237,3.839922550225559,-10.986658279149148,18.567169418617002
-16.295215517246326,7.97968915413832,-15.111070023351703,19.1688192265386
-14.53949056636655,9.239344271271719,-8.757004732589433,12.457377739307116
-15.243548392399893,11.11598912936076,-12.502375194655189,17.529699627523676
-14.53949056636655,9.239344271271719,-8.757004732589433,12.457377739307116
-16.358256069799417,17.786989745195605,-16.864892014344186,19.572396694322016
-11.777536675107072,17.694097953464947,-13.73617457694598,14.024379763835853
-16.454510493942884,17.24529054647924,-17.572865092447138,20.090326211207227
-11.777536675107072,17.694097953464947,-13.73617457694598,14.024379763835853
-18.133466694537994,12.961634614222731,-2.850722561449956,7.8774632848659225
-12.0,17.0,0.0,0.0
-18.45904456482628,12.894247093406065,16.06591980371674,20.207512309648045
-17.116624519984587,14.78883295242347,15.085915929346726,16.781536404663555
-18.260371975619627,5.88089315624309,6.814174191443676,15.989002276172123
-15.47572527784264,8.64168617108156,5.941320390646858,11.971775737901396
-19.52290445624434,8.560825699111376,-8.29638083621127,15.015589821041608
-18.133466694537994,12.961634614222731,-2.850722561449956,7.8774632848659225
-19.55239199808462,11.89724615292483,5.068378982128998,12.549568189420034
-17.013833888085266,17.186412273595977,0.36569782992021516,5.03060778593082
-18.49623055906031,-2.9848580087413197,2.998525783487551,25.643863526544557
-13.023342762256318,-0.2895453859382897,3.0446398027603223,19.238405647299988
-19.273798031754197,9.966462165876386,4.97602170047136,13.703019798448533
-17.33233975795347,11.460027073523456,-0.04980757148354442,7.689449142462771
-19.67241565569652,7.382514390659843,10.664692977011914,18.091326245597173
-12.550257448674484,11.164654829492228,7.278605541748604,9.34516640575028
-13.41286334280185,2.3772462274456103,15.7175477318237,22.51346518396937
-13.369804435923642,2.7322623610577352,12.544789181408753,19.32061577571072
-16.286858064144525,-5.41173759385666,7.8695752713319855,25.499993403874164
-11.615491523902728,2.889932829855457,6.193811980042632,15.827993621737065
-13.023342762256318,-0.2895453859382897,3.0446398027603223,19.238405647299988
-11.785842598381642,4.715728381134269,4.761433847370604,13.804111403284129
-16.14179513606036,-2.2236523711145395,-9.396068206931965,24.838706974227712
-16.329586794275237,3.839922550225559,-10.986658279149148,18.567169418617002
-15.120321149887044,-1.7984740152677858,-9.532447413760883,24.366282540630085
-14.316490898059762,2.7231645253332033,-11.285566164087681,19.450513677232586
-16.611877572743808,-1.815646052436115,-10.07720539447881,24.302345863370565
-16.329586794275237,3.839922550225559,-10.986658279149148,18.567169418617002
-15.984739410176623,-0.18119851759973216,19.676273439184186,27.45598343365574
-13.369804435923642,2.7322623610577352,12.544789181408753,19.32061577571072
-17.364272375998855,-4.090311497031838,14.111020742387524,27.38016721955559
-13.369804435923642,2.7322623610577352,12.544789181408753,19.32061577571072
-14.979915241932762,-1.8439279094524075,8.888171553629498,22.18630412351992
-11.785842598381642,4.715728381134269,4.761433847370604,13.804111403284129
-15.47572527784264,8.64168617108156,5.941320390646858,11.971775737901396
-10.706575467456627,14.662120843791158,2.010845746090169,3.3439686878004315
-13.081707073916489,13.488527663229604,-1.6005247711122728,4.007768420032364
-12.0,17.0,0.0,0.0
-13.91422262360015,2.8861441186877457,-3.6932612452649565,17.612641589471615
-17.33233975795347,11.460027073523456,-0.04980757148354442,7.689449142462771
-16.329586794275237,3.839922550225559,-10.986658279149148,18.567169418617002
-14.53949056636655,9.239344271271719,-8.757004732589433,12.457377739307116
-16.086185670087183,17.32092113782773,5.803670576541524,7.105103508615783
-12.0,17.0,0.0,0.0
-17.013833888085266,17.186412273595977,0.36569782992021516,5.03060778593082
-12.0,17.0,0.0,0.0
-17.33233975795347,11.460027073523456,-0.04980757148354442,7.689449142462771
-12.0,17.0,0.0,0.0
-17.819042225046722,7.208855586264001,3.5465592537735446,13.27901018492149
-17.33233975795347,11.460027073523456,-0.04980757148354442,7.689449142462771
-14.947768260009386,19.98980824218495,-1.611718854274848,4.49732461636703
-12.0,17.0,0.0,0.0
-14.53949056636655,9.239344271271719,-8.757004732589433,12.457377739307116
-12.537969267536315,13.493546164379325,-3.013904463866261,4.654916707253254
-12.537969267536315,13.493546164379325,-3.013904463866261,4.654916707253254
-12.0,17.0,0.0,0.0
-17.82088172230211,9.755000020339164,16.316207905059585,20.213766115128383
-15.066694889653443,9.210132955194723,12.727659075265905,15.657439971004367
-17.989123394471083,3.1112324417271893,18.77274474193019,24.728285386744577
-15.066694889653443,9.210132955194723,12.727659075265905,15.657439971004367
-12.550257448674484,11.164654829492228,7.278605541748604,9.34516640575028
-12.0,17.0,0.0,0.0
-13.369804435923642,2.7322623610577352,12.544789181408753,19.32061577571072
-12.550257448674484,11.164654829492228,7.278605541748604,9.34516640575028
-15.272521827327852,8.321416362878622,9.368446947723122,13.801865344139753
-12.550257448674484,11.164654829492228,7.278605541748604,9.34516640575028
-15.066694889653443,9.210132955194723,12.727659075265905,15.657439971004367
-12.550257448674484,11.164654829492228,7.278605541748604,9.34516640575028
-17.520364456712265,9.191609549263653,13.997020539245469,17.93189869619519
-12.550257448674484,11.164654829492228,7.278605541748604,9.34516640575028
-17.194552411530488,8.198360400478197,19.520211319778973,22.84703156791207
-15.066694889653443,9.210132955194723,12.727659075265905,15.657439971004367
-12.429009912470041,13.398590445491045,10.098332213879743,11.708819364977915
-10.706575467456627,14.662120843791158,2.010845746090169,3.3439686878004315
-12.772177475033795,19.52356358280518,9.524698335165187,9.883547419085344
-12.0,17.0,0.0,0.0
-17.116624519984587,14.78883295242347,15.085915929346726,16.781536404663555
-16.086185670087183,17.32092113782773,5.803670576541524,7.105103508615783
-2.8336100085324674,15.021465459596293,-10.667787655806285,14.203485412835105
-12.0,17.0,0.0,0.0
-3.446379745909695,-19.96677513230585,-7.629464452950359,56.46414638530527
-9.854761094198583,-16.908743701137983,-3.913450793043829,38.943021237849244
18.3648475018747,10.382165712598663,-15.555151016810314,40.1012328621229
12.042526787272934,10.700277976551025,-9.425783900395936,30.292190365715477
-1.7410491408542157,7.256988961148387,-11.040406145004784,19.134672636760413
-6.702086753717396,9.757716458996441,-4.9208071532518005,10.562428266762474
11.741817192723325,-2.0208505405172694,-11.268395984507107,33.962992731179014
2.748604180704284,2.277243613995374,-4.626913563684125,22.045830266435427
8.7626116757097,-18.928528369187745,-17.138516116869447,71.97412676638196
-3.446379745909695,-19.96677513230585,-7.629464452950359,56.46414638530527
-4.610578996853629,-15.19563428729703,-15.184816529101095,41.32098540529504
-8.297509605680657,-8.212034209507486,-11.460076335579537,32.58955843886837
8.174872212594202,-15.416029465068384,-19.084211040163943,Inf
9.1744411689543,-14.115223935029082,-16.719000492899376,Inf
-6.775455890521762,-6.775898950169772,-14.339587280494337,33.835807348480955
-10.735808896866592,-1.0277984227975807,-16.114504056670953,25.792879717767427
6.185710442770294,-5.980255824417533,-15.2521551996891,34.83786699272518
5.673329405736798,0.24133273004701294,-12.10075474446957,27.84486883046934
-7.547998868241823,2.7748407064327907,-19.713081907456377,27.18380856701941
-10.187396985789583,6.898419068974128,-14.431628904895595,19.98213745864518
-8.549530288002147,-12.873872732495428,-15.80428119569536,38.53771900302683
-9.029633895777893,-6.405591981096883,-12.049473183807011,30.55323131744708
-11.064704938199723,-2.6455498329133498,-18.721373087960124,28.44780861619933
-13.112913877745811,2.642575964489886,-13.233164992092235,20.556049470562158
-10.206798127874848,2.6768320063033784,-16.993879070838076,24.92048734953946
-10.187396985789583,6.898419068974128,-14.431628904895595,19.98213745864518
-10.735808896866592,-1.0277984227975807,-16.114504056670953,25.792879717767427
-13.112913877745811,2.642575964489886,-13.233164992092235,20.556049470562158
-4.895005015757388,-0.22472041740922322,-15.021817174900693,27.631158559867163
-2.3399329672082487,1.9419523695849428,-13.712657152602166,24.034387215569218
-10.187396985789583,6.898419068974128,-14.431628904895595,19.98213745864518
-14.53949056636655,9.239344271271719,-8.757004732589433,12.457377739307116
-7.357012149076283,2.8638754907625525,-13.069532831446189,25.595633403952686
-2.6475905413885314,8.017985868704478,-6.2366952164086165,14.395775119588382
-8.297509605680657,-8.212034209507486,-11.460076335579537,32.58955843886837
-9.029633895777893,-6.405591981096883,-12.049473183807011,30.55323131744708
-9.029633895777893,-6.405591981096883,-12.049473183807011,30.55323131744708
-13.112913877745811,2.642575964489886,-13.233164992092235,20.556049470562158
7.35694201237439,-5.6244071157571,-13.83533794463883,34.18917606027722
5.673329405736798,0.24133273004701294,-12.10075474446957,27.84486883046934
-2.3399329672082487,1.9419523695849428,-13.712657152602166,24.034387215569218
-2.6475905413885314,8.017985868704478,-6.2366952164086165,14.395775119588382
-1.0210923374805176,-5.320809911093702,-14.310881838546132,31.44012346034204
-2.3399329672082487,1.9419523695849428,-13.712657152602166,24.034387215569218
0.6044498801998159,-1.1720388830382973,-11.5251679349221,27.897370283535842
-1.7410491408542157,7.256988961148387,-11.040406145004784,19.134672636760413
-6.019712710535918,0.7846027226775831,-13.179395748321099,26.639297556860768
-7.357012149076283,2.8638754907625525,-13.069532831446189,25.595633403952686
5.673329405736798,0.24133273004701294,-12.10075474446957,27.84486883046934
3.018256949155802,4.927874909507892,-8.032264946755143,21.094632050646922
6.597509435636219,-0.18490093995875156,-13.08566872588898,29.125099970004406
3.018256949155802,4.927874909507892,-8.032264946755143,21.094632050646922
16.857673699411663,-17.72712661522445,-14.208653913302749,80.66650779081344
8.7626116757097,-18.928528369187745,-17.138516116869447,71.97412676638196
12.031274796216636,-0.6729573069192369,-14.064930986599071,34.56181636414604
5.673329405736798,0.24133273004701294,-12.10075474446957,27.84486883046934
9.915638456725251,-4.681076592406859,-18.907901744839684,37.25574285505001
6.597509435636219,-0.18490093995875156,-13.08566872588898,29.125099970004406
9.1744411689543,-14.115223935029082,-16.719000492899376,Inf
7.35694201237439,-5.6244071157571,-13.83533794463883,34.18917606027722
14.011333335952337,-15.37574617755447,-15.776547814071638,Inf
14.20110366239578,-17.237132253420118,-11.03795068504354,Inf
6.8734858095814815,-18.26030154659791,-8.631192887983126,80.71425675084168
5.050262928141791,-9.184187901944156,-7.835307528535376,34.45281045148946
-0.7985106419087451,-6.315781497356028,-10.916076732958464,32.888031292766485
-2.3399329672082487,1.9419523695849428,-13.712657152602166,24.034387215569218
5.050262928141791,-9.184187901944156,-7.835307528535376,34.45281045148946
5.560101409264611,-6.423459357374606,-7.737250751623215,31.643687366764773
-3.0928681831422296,-9.56159094715594,-9.528916829821261,37.28032094804817
-0.7985106419087451,-6.315781497356028,-10.916076732958464,32.888031292766485
5.560101409264611,-6.423459357374606,-7.737250751623215,31.643687366764773
2.748604180704284,2.277243613995374,-4.626913563684125,22.045830266435427
3.018256949155802,4.927874909507892,-8.032264946755143,21.094632050646922
-2.6475905413885314,8.017985868704478,-6.2366952164086165,14.395775119588382
0.26192780045111874,-4.0729404951565495,-10.059494897570964,30.704502799761034
2.748604180704284,2.277243613995374,-4.626913563684125,22.045830266435427
14.20110366239578,-17.237132253420118,-11.03795068504354,Inf
6.8734858095814815,-18.26030154659791,-8.631192887983126,80.71425675084168
14.150194042922536,-13.330021646591081,-7.822527026201342,Inf
8.186545813945045,-10.271907974929846,-3.735524390571303,35.774218745652504
-2.1275566090060316,9.687376615558286,-10.10314233865051,16.501303005214762
-7.00144487534514,11.908976653535905,-3.350574459550515,7.88228528140463
-5.088066688188464,14.362490115832784,-10.674561183890248,15.839767668131202
-10.75844383810952,18.159959835982413,-7.7237351665201714,7.908416620712451
-7.82130254746038,11.946687477314129,-16.70875417048017,21.60862297552286
-11.777536675107072,17.694097953464947,-13.73617457694598,14.024379763835853
-11.590616590699838,7.408148431912593,-19.150681463497747,24.931713837881656
-10.187396985789583,6.898419068974128,-14.431628904895595,19.98213745864518
16.003964140932673,11.555790106687276,-10.688627522882133,34.24458638710314
8.048479830965888,10.595833629292038,-10.22355738902923,26.217909785045308
8.048479830965888,10.595833629292038,-10.22355738902923,26.217909785045308
-1.3069854369077483,13.602986197682412,-10.010123499315595,16.388705800324825
11.30451129252922,7.536783410207715,-17.969225433604556,34.74628479429223
6.886764644860335,13.291548750993087,-16.5679114169078,27.35727332157918
-4.609120956090873,10.147235823645868,-14.439921023611406,20.617496935539595
-6.702086753717396,9.757716458996441,-4.9208071532518005,10.562428266762474
16.943696944652032,9.511729809462306,-18.326893768183137,40.731997344740726
11.30451129252922,7.536783410207715,-17.969225433604556,34.74628479429223
6.886764644860335,13.291548750993087,-16.5679114169078,27.35727332157918
3.0174369324977235,15.50580142275151,-17.04738573494872,22.87346830109631
4.7638634903255195,14.74759421745069,-19.84782544964301,26.259815371863475
3.0174369324977235,15.50580142275151,-17.04738573494872,22.87346830109631
16.945448357979068,14.15929130204556,-19.739855308770835,37.821882056540446
15.458581793280182,16.42375380844865,-16.201827257457442,33.36585185960447
17.476456672249803,12.956655850080956,-10.12019189156148,35.93752465930979
8.048479830965888,10.595833629292038,-10.22355738902923,26.217909785045308
12.042526787272934,10.700277976551025,-9.425783900395936,30.292190365715477
8.048479830965888,10.595833629292038,-10.22355738902923,26.217909785045308
-1.3069854369077483,13.602986197682412,-10.010123499315595,16.388705800324825
-2.8336100085324674,15.021465459596293,-10.667787655806285,14.203485412835105
19.853896406347474,-13.158378318079551,-19.564186943988304,Inf
14.011333335952337,-15.37574617755447,-15.776547814071638,Inf
14.979390679068494,-12.134523629305827,4.5938133884638255,79.92180399531941
8.784292720857074,-7.3395593607720055,7.558553587843242,36.93623186243265
2.748604180704284,2.277243613995374,-4.626913563684125,22.045830266435427
-3.2884048416057325,8.11783641997037,-2.349694158897151,13.282393793179818
8.22612292380012,-10.336472599263908,13.074923403849041,39.498399104445795
6.472867536492963,-1.4216048968310702,10.711781815935186,30.110470218395918
-7.258243625905081,-4.141121816435485,6.254139187582837,23.479838230250948
-7.942104302448625,3.971656403398356,6.701022546312323,15.326032946492802
-8.004395419790598,-8.890969787561227,11.05318643845477,30.273118201253716
-7.258243625905081,-4.141121816435485,6.254139187582837,23.479838230250948
-7.451714418351605,-15.992187565115081,6.163112111679183,38.63897289293786
-13.74650652519879,-9.988540962557533,2.0466631207819503,29.015390790026007
-11.941539381352086,-11.077047357413985,2.0617150969022724,31.123228336895938
-13.74650652519879,-9.988540962557533,2.0466631207819503,29.015390790026007
-8.881172383009623,-9.04122937270806,-6.815303126552292,34.3044592134644
-15.120321149887044,-1.7984740152677858,-9.532447413760883,24.366282540630085
-9.854761094198583,-16.908743701137983,-3.913450793043829,38.943021237849244
-13.74650652519879,-9.988540962557533,2.0466631207819503,29.015390790026007
-11.020090819139448,-19.89482909304271,12.301086427874282,41.12849158458346
-12.75603863446059,-14.014980654551445,11.35361015812082,34.9249568052103
11.99093235929751,-2.0675196156649562,5.259625693223178,37.20996128231497
10.52356477438936,5.357491058746504,1.6796687936213317,28.21402705803283
12.0,-12.0,0.0,40.37379357181118
6.466582562189505,-5.623268446433469,-4.686793553002868,30.717321770175474
0.6493289233781674,-4.97219718340248,-3.9331204629950918,29.624926343644226
2.748604180704284,2.277243613995374,-4.626913563684125,22.045830266435427
-6.604097592523885,-7.982684266768656,-4.302479127897447,37.48696517107595
0.6493289233781674,-4.97219718340248,-3.9331204629950918,29.624926343644226
5.01702052133977,-17.462126545971604,-6.026944151411318,45.33252470243856
5.050262928141791,-9.184187901944156,-7.835307528535376,34.45281045148946
10.677792866815665,-18.476307510265073,-4.674823422939056,Inf
8.186545813945045,-10.271907974929846,-3.735524390571303,35.774218745652504
9.475059733936419,-18.62547176849808,-2.7684910955563247,Inf
8.186545813945045,-10.271907974929846,-3.735524390571303,35.774218745652504
11.258498302976356,-15.3302106206963,-1.6235701217116443,Inf
8.186545813945045,-10.271907974929846,-3.735524390571303,35.774218745652504
8.186545813945045,-10.271907974929846,-3.735524390571303,35.774218745652504
6.466582562189505,-5.623268446433469,-4.686793553002868,30.717321770175474
6.353465349191218,-4.453479024253513,-3.724985200917928,29.673857238426137
2.748604180704284,2.277243613995374,-4.626913563684125,22.045830266435427
6.466582562189505,-5.623268446433469,-4.686793553002868,30.717321770175474
2.748604180704284,2.277243613995374,-4.626913563684125,22.045830266435427
12.709774490001536,-5.73675612630228,-7.494116593302085,37.17424505954894
6.353465349191218,-4.453479024253513,-3.724985200917928,29.673857238426137
12.438406172503953,-2.542114836732008,7.238416463802064,36.31700858614273
9.364752110199657,-3.5343839214953903,7.392774161881022,33.08346973060796
4.241527545846768,-8.49373561557682,4.480600763028608,33.01847190416177
0.5907035054087189,0.0710465193203369,2.4737924366840147,23.49422448763694
4.112655685624684,-10.717335133660848,5.491020703572627,35.46427468227566
4.241527545846768,-8.49373561557682,4.480600763028608,33.01847190416177
8.375289499923948,-19.97187272540777,4.1163144903296285,Inf
11.045701333365912,-15.10941761863874,4.919948911130845,42.518843270147464
11.045701333365912,-15.10941761863874,4.919948911130845,42.518843270147464
4.241527545846768,-8.49373561557682,4.480600763028608,33.01847190416177
10.230497172821742,-16.770748555522907,1.2106860932759105,Inf
8.186545813945045,-10.271907974929846,-3.735524390571303,35.774218745652504
10.667520879660863,-13.13254181147455,4.196779896516958,40.94894903568354
4.241527545846768,-8.49373561557682,4.480600763028608,33.01847190416177
-6.738075533155277,-13.752048620258144,12.619328978866726,35.53491028474296
-8.004395419790598,-8.890969787561227,11.05318643845477,30.273118201253716
2.7588121379609305,-15.773605125422048,7.728412469100981,41.12669155703607
4.241527545846768,-8.49373561557682,4.480600763028608,33.01847190416177
4.127650714980263,-18.232532203820668,6.700177308496357,Inf
4.241527545846768,-8.49373561557682,4.480600763028608,33.01847190416177
-0.9889651947070561,-17.14438491695767,9.074618924368806,Inf
-6.738075533155277,-13.752048620258144,12.619328978866726,35.53491028474296
5.784560574751467,-18.379427660829172,12.653046488944995,Inf
0.10934558173588016,-13.04249297683092,14.150676944494961,38.0368811374614
1.2296262862926994,-17.06420934646351,7.944018896497305,Inf
4.241527545846768,-8.49373561557682,4.480600763028608,33.01847190416177
9.364752110199657,-3.5343839214953903,7.392774161881022,33.08346973060796
2.1600263980777257,0.8729491683792112,8.167058290404164,24.60218601505538
8.784292720857074,-7.3395593607720055,7.558553587843242,36.93623186243265
9.364752110199657,-3.5343839214953903,7.392774161881022,33.08346973060796
-6.266462608441472,-4.663568878106847,12.529074434758144,27.251112873743285
-5.486885136721575,1.0208450890155092,6.8341280648244584,19.167010119544166
11.704538192908352,-7.095358384767936,10.110701250364187,37.851474955856084
6.472867536492963,-1.4216048968310702,10.711781815935186,30.110470218395918
13.919901627143368,-13.757291851352651,11.900407268039892,Inf
11.704538192908352,-7.095358384767936,10.110701250364187,37.851474955856084
13.715456787455068,-2.4158268040796216,2.825710226958442,37.24347394048701
10.52356477438936,5.357491058746504,1.6796687936213317,28.21402705803283
12.716182610786497,-3.980511855870077,12.07603079362336,36.994376319952096
6.472867536492963,-1.4216048968310702,10.711781815935186,30.110470218395918
1.9283215986290898,-0.7640211291424848,4.294974738009731,25.90322119072347
0.5907035054087189,0.0710465193203369,2.4737924366840147,23.49422448763694
0.5907035054087189,0.0710465193203369,2.4737924366840147,23.49422448763694
-3.071336107667399,6.948458301092586,-2.456298310658809,14.273859976358997
2.1600263980777257,0.8729491683792112,8.167058290404164,24.60218601505538
-6.0453581764880315,5.059314571418973,6.718938198896591,15.277431696376642
-5.486885136721575,1.0208450890155092,6.8341280648244584,19.167010119544166
-7.942104302448625,3.971656403398356,6.701022546312323,15.326032946492802
6.472867536492963,-1.4216048968310702,10.711781815935186,30.110470218395918
2.1600263980777257,0.8729491683792112,8.167058290404164,24.60218601505538
12.412546309825593,0.8573570626585436,7.114263158867615,35.92736183150009
9.554886267692133,3.807488920534894,8.116163392041138,30.43061419336395
14.141584282282302,2.0753292022841023,5.8662160375191235,35.38348439254979
10.52356477438936,5.357491058746504,1.6796687936213317,28.21402705803283
9.798133609881106,0.9274635216157705,8.988154949844855,32.28449382702544
2.1600263980777257,0.8729491683792112,8.167058290404164,24.60218601505538
-8.418548285724201,-6.178452142974473,18.516389763478962,32.02955976202309
-10.497334620735597,0.9242056356039186,16.120664380720882,24.250832343233974
-11.535080013213559,-19.54397471506529,13.763252790420253,41.07856492495515
-12.75603863446059,-14.014980654551445,11.35361015812082,34.9249568052103
-10.497334620735597,0.9242056356039186,16.120664380720882,24.250832343233974
-13.369804435923642,2.7322623610577352,12.544789181408753,19.32061577571072
14.202357458298273,-15.658781208951327,14.068660599134745,Inf
8.22612292380012,-10.336472599263908,13.074923403849041,39.498399104445795
3.525921715926348,-17.790064199944275,18.679872610787484,Inf
-1.3258471665864064,-14.034974430161089,16.05171083870708,38.730403352485396
14.349664588662506,-18.769850532716514,18.507204432100707,Inf
14.202357458298273,-15.658781208951327,14.068660599134745,Inf
-1.3258471665864064,-14.034974430161089,16.05171083870708,38.730403352485396
-2.8342114344539198,-8.340860574681663,13.98330930153935,32.48729673136318
-2.8342114344539198,-8.340860574681663,13.98330930153935,32.48729673136318
-6.266462608441472,-4.663568878106847,12.529074434758144,27.251112873743285
-3.215672180702967,-15.073684200107662,15.540432461597682,39.28939263362872
-8.004395419790598,-8.890969787561227,11.05318643845477,30.273118201253716
-0.9148489098597778,-15.361805184293322,14.828451903403703,39.81477117550404
-2.8342114344539198,-8.340860574681663,13.98330930153935,32.48729673136318
0.10934558173588016,-13.04249297683092,14.150676944494961,38.0368811374614
-2.8342114344539198,-8.340860574681663,13.98330930153935,32.48729673136318
13.951230238388405,-2.090526142981382,14.023153870992346,38.31647711710528
6.472867536492963,-1.4216048968310702,10.711781815935186,30.110470218395918
6.782396948815883,-7.730415159743522,18.981796410677433,Inf
7.178525074626396,0.695437870732345,16.207865957769386,33.29376691739352
3.445783771032886,-4.216956631394346,18.26978143156186,38.718639921233496
6.472867536492963,-1.4216048968310702,10.711781815935186,30.110470218395918
-3.3471998718413865,-11.94702187726742,17.278276227156994,36.423119207212935
-6.266462608441472,-4.663568878106847,12.529074434758144,27.251112873743285
9.289169477287924,-13.897884750567071,19.26763893463808,Inf
8.22612292380012,-10.336472599263908,13.074923403849041,39.498399104445795
9.016258406784399,-13.194963037830325,18.078764356136773,Inf
8.22612292380012,-10.336472599263908,13.074923403849041,39.498399104445795
11.132097658273494,-13.079630863294893,16.508416799102193,Inf
8.22612292380012,-10.336472599263908,13.074923403849041,39.498399104445795
7.178525074626396,0.695437870732345,16.207865957769386,33.29376691739352
2.2965687349174324,8.043967900838389,12.42363738980724,23.694038944123875
12.162554188517106,-1.5805098415307306,16.94929789991886,38.55466300856993
6.472867536492963,-1.4216048968310702,10.711781815935186,30.110470218395918
7.721316400801584,-7.617970932318059,19.049867426694355,Inf
7.178525074626396,0.695437870732345,16.207865957769386,33.29376691739352
-1.4088345743757387,5.526128463122262,4.013233129689205,21.10333803649136
-4.058171480397084,10.068661135842003,-2.755140140375552,11.404239498955645
2.461590541747711,6.121883185760993,2.977374723287607,22.07266157461304
-4.058171480397084,10.068661135842003,-2.755140140375552,11.404239498955645
-7.00144487534514,11.908976653535905,-3.350574459550515,7.88228528140463
-12.0,17.0,0.0,0.0
-3.071336107667399,6.948458301092586,-2.456298310658809,14.273859976358997
-7.00144487534514,11.908976653535905,-3.350574459550515,7.88228528140463
-6.702086753717396,9.757716458996441,-4.9208071532518005,10.562428266762474
-7.00144487534514,11.908976653535905,-3.350574459550515,7.88228528140463
-4.058171480397084,10.068661135842003,-2.755140140375552,11.404239498955645
-7.00144487534514,11.908976653535905,-3.350574459550515,7.88228528140463
-2.6475905413885314,8.017985868704478,-6.2366952164086165,14.395775119588382
-7.00144487534514,11.908976653535905,-3.350574459550515,7.88228528140463
-3.2884048416057325,8.11783641997037,-2.349694158897151,13.282393793179818
-7.00144487534514,11.908976653535905,-3.350574459550515,7.88228528140463
-10.563158346388795,11.147209896306371,3.9538543606446623,7.207817300725309
-12.0,17.0,0.0,0.0
-10.706575467456627,14.662120843791158,2.010845746090169,3.3439686878004315
-12.0,17.0,0.0,0.0
10.5289531368473,3.0990735964453293,1.7203397417731203,30.778972733698833
4.705481276366569,6.95189560322536,-1.47020269382989,22.112946977100098
12.096635367942625,6.730292451869289,3.4367400447355045,31.737818952349873
10.52356477438936,5.357491058746504,1.6796687936213317,28.21402705803283
4.705481276366569,6.95189560322536,-1.47020269382989,22.112946977100098
-4.058171480397084,10.068661135842003,-2.755140140375552,11.404239498955645
14.732488956240601,4.570418689624553,-2.6490093250883646,34.30270342800057
10.52356477438936,5.357491058746504,1.6796687936213317,28.21402705803283
12.816752956267159,7.891176949504704,-7.498474868128051,32.339810723374
8.048479830965888,10.595833629292038,-10.22355738902923,26.217909785045308
10.52356477438936,5.357491058746504,1.6796687936213317,28.21402705803283
4.705481276366569,6.95189560322536,-1.47020269382989,22.112946977100098
12.098493585209333,14.06671434549412,-2.9403803393632444,34.51600370068373
8.768059537829789,18.963488066321474,-6.712031035254329,27.494925949458782
9.767100143493277,13.405647446014363,18.253570395673584,30.47708606541873
3.9853006019530994,16.293988484415266,11.137554227679392,20.864104946337108
0.7884333867507998,9.034658196718233,17.641272415970647,26.375151969454386
-2.7534779459501735,13.554307149031885,9.98241775605278,15.831064735254062
2.2965687349174324,8.043967900838389,12.42363738980724,23.694038944123875
-2.7534779459501735,13.554307149031885,9.98241775605278,15.831064735254062
-11.615491523902728,2.889932829855457,6.193811980042632,15.827993621737065
-10.563158346388795,11.147209896306371,3.9538543606446623,7.207817300725309
-11.785842598381642,4.715728381134269,4.761433847370604,13.804111403284129
-10.563158346388795,11.147209896306371,3.9538543606446623,7.207817300725309
-7.942104302448625,3.971656403398356,6.701022546312323,15.326032946492802
-10.563158346388795,11.147209896306371,3.9538543606446623,7.207817300725309
9.554886267692133,3.807488920534894,8.116163392041138,30.43061419336395
2.461590541747711,6.121883185760993,2.977374723287607,22.07266157461304
-6.0453581764880315,5.059314571418973,6.718938198896591,15.277431696376642
-10.563158346388795,11.147209896306371,3.9538543606446623,7.207817300725309
0.027636804677282356,6.735476187226901,7.791508034251624,21.668143069555722
-6.0453581764880315,5.059314571418973,6.718938198896591,15.277431696376642
-9.729267240897217,2.2962141010959414,12.712466141915051,21.817451310765872
-7.942104302448625,3.971656403398356,6.701022546312323,15.326032946492802
-0.24938208036817855,8.014892349906717,12.642260383692147,22.46660353964661
-2.7534779459501735,13.554307149031885,9.98241775605278,15.831064735254062
2.741308290447016,7.86389208734855,13.19952572832662,24.370577781277262
-2.7534779459501735,13.554307149031885,9.98241775605278,15.831064735254062
9.759016318963035,8.681896571414931,18.1137828433328,32.26283719442863
4.281601332635088,9.730833653771079,17.715389097099923,26.671677966484097
-2.9484164112240308,9.58398479542219,12.964322950109974,20.821817166715903
-2.7534779459501735,13.554307149031885,9.98241775605278,15.831064735254062
6.743674797292112,9.86479121102957,11.942277069628105,26.643577605834324
0.2298626027344497,11.595198102681294,8.193634242284453,18.749627259525834
-6.3578991569174015,10.388555433964761,12.050994030181734,17.201585651803782
-10.563158346388795,11.147209896306371,3.9538543606446623,7.207817300725309
-0.7000969199925748,14.492441165379688,12.245448229938638,17.873355588605335
-7.421066076995668,18.640019292629255,6.445607362679866,8.074785038951124
-2.7534779459501735,13.554307149031885,9.98241775605278,15.831064735254062
-7.421066076995668,18.640019292629255,6.445607362679866,8.074785038951124
0.2298626027344497,11.595198102681294,8.193634242284453,18.749627259525834
-1.2746889263653927,15.315909353034264,4.119631232066787,13.807177898024397
9.054171359626643,11.003545453608687,8.21134311928062,27.593766081279107
0.2298626027344497,11.595198102681294,8.193634242284453,18.749627259525834
4.281601332635088,9.730833653771079,17.715389097099923,26.671677966484097
-0.7000969199925748,14.492441165379688,12.245448229938638,17.873355588605335
-8.045260277959931,9.93428413754419,19.378366197851513,24.734442536618417
-6.2243149342273,9.885639916436453,16.421245978722553,20.76445260937609
-6.2243149342273,9.885639916436453,16.421245978722553,20.76445260937609
-6.3578991569174015,10.388555433964761,12.050994030181734,17.201585651803782
-4.425486792359683,11.239060275785022,15.277605700400969,21.057567874668692
-6.3578991569174015,10.388555433964761,12.050994030181734,17.201585651803782
-7.1501156555506284,11.44941739717602,19.316279952133463,24.586530784531927
-6.2243149342273,9.885639916436453,16.421245978722553,20.76445260937609
-11.77725888969082,12.073335764149022,19.95046393730715,21.671026894530655
-12.429009912470041,13.398590445491045,10.098332213879743,11.708819364977915
9.153267292598688,14.108750083147726,14.248755713566574,27.279922997979725
3.9853006019530994,16.293988484415266,11.137554227679392,20.864104946337108
5.937425277824406,13.964240526300188,19.65946924608432,27.838464944226427
-0.7000969199925748,14.492441165379688,12.245448229938638,17.873355588605335
11.118214400781248,5.0172793471503425,11.831092704397072,33.039272224213136
2.2965687349174324,8.043967900838389,12.42363738980724,23.694038944123875
13.439998238331711,4.413346188668612,10.129073584078341,34.847962435801335
9.554886267692133,3.807488920534894,8.116163392041138,30.43061419336395
10.578147227241857,10.404939980255826,8.328060368194762,30.139867699631615
9.054171359626643,11.003545453608687,8.21134311928062,27.593766081279107
13.032290094890655,10.172798859026742,16.6438288460078,33.30278820061396
9.153267292598688,14.108750083147726,14.248755713566574,27.279922997979725
17.54028139215481,-15.794479598283129,-4.702692719150727,Inf
12.0,-12.0,0.0,40.37379357181118
16.884806103656203,-18.17556735108944,15.788688107243864,Inf
14.202357458298273,-15.658781208951327,14.068660599134745,Inf
19.12148405773935,4.350881590870451,16.852965775344217,42.51110522064341
13.032290094890655,10.172798859026742,16.6438288460078,33.30278820061396
15.560460761476591,9.07758838781352,-0.42079637746645915,34.81867687898624
10.52356477438936,5.357491058746504,1.6796687936213317,28.21402705803283
15.458050170673651,-12.863111172499195,4.079738444205212,Inf
10.667520879660863,-13.13254181147455,4.196779896516958,40.94894903568354
15.035344934724712,3.6406680878248636,1.127696609406641,33.07286587207334
10.52356477438936,5.357491058746504,1.6796687936213317,28.21402705803283
16.6356429171003,-14.153581281712793,-0.8071953238387337,Inf
8.186545813945045,-10.271907974929846,-3.735524390571303,35.774218745652504
19.544653455587536,5.724006988356194,3.0922421247244287,37.35239334180824
10.52356477438936,5.357491058746504,1.6796687936213317,28.21402705803283
19.73454753635324,-8.504053665617697,-3.5282347660162046,Inf
12.709774490001536,-5.73675612630228,-7.494116593302085,37.17424505954894
17.179329435345217,3.88499403621325,0.7004302260541095,35.10070687312582
10.52356477438936,5.357491058746504,1.6796687936213317,28.21402705803283
17.04004246994227,-12.429573219116303,-6.66486199257891,Inf
12.709774490001536,-5.73675612630228,-7.494116593302085,37.17424505954894
18.9111906110535,10.444570093211077,-7.444240327071139,37.44554231977861
12.042526787272934,10.700277976551025,-9.425783900395936,30.292190365715477
17.919816027785686,-2.802672330025537,12.171721195410512,Inf
9.798133609881106,0.9274635216157705,8.988154949844855,32.28449382702544
16.363352910904545,-1.9972230856910684,4.070039161938084,37.88524548527057
10.5289531368473,3.0990735964453293,1.7203397417731203,30.778972733698833
18.851912885643515,-2.890186021319483,16.83312280002164,Inf
13.951230238388405,-2.090526142981382,14.023153870992346,38.31647711710528
16.617569408245032,1.7350285048842728,18.171688692236373,42.02511559138188
9.759016318963035,8.681896571414931,18.1137828433328,32.26283719442863
18.241490978282243,7.506724080303417,19.402219463716506,39.772134950413026
13.032290094890655,10.172798859026742,16.6438288460078,33.30278820061396
15.458581793280182,16.42375380844865,-16.201827257457442,33.36585185960447
-2.8336100085324674,15.021465459596293,-10.667787655806285,14.203485412835105
3.0174369324977235,15.50580142275151,-17.04738573494872,22.87346830109631
-2.8336100085324674,15.021465459596293,-10.667787655806285,14.203485412835105
-2.9847497139068047,17.282743123167407,-19.784497599991884,22.355033441289365
-5.922868166143216,18.19581119345378,-14.374713033032709,16.131529412106268
-10.428389727519214,16.334254248810574,-16.79130150853443,17.163841839133152
-10.75844383810952,18.159959835982413,-7.7237351665201714,7.908416620712451
-4.100651095704908,15.188510514220006,-18.79217017921551,21.777613016294058
-5.922868166143216,18.19581119345378,-14.374713033032709,16.131529412106268
4.204017316227908,16.890926627569158,-18.926386357414458,25.49209163775644
3.0174369324977235,15.50580142275151,-17.04738573494872,22.87346830109631
7.686450252454602,18.302946388830335,-18.174277965405707,28.431668679119685
3.0174369324977235,15.50580142275151,-17.04738573494872,22.87346830109631
2.182432848031901,18.464221044013,-8.844107464077293,20.554789325783023
-2.8336100085324674,15.021465459596293,-10.667787655806285,14.203485412835105
0.06275032808209957,15.575332840132987,1.587975774435641,14.552581074135311
-6.6004357866559715,19.8933829912054,2.382517721477697,6.572925491816981
-1.2746889263653927,15.315909353034264,4.119631232066787,13.807177898024397
-10.706575467456627,14.662120843791158,2.010845746090169,3.3439686878004315
0.014665603604598232,16.215338214839136,-0.6931117195236709,14.742813877758177
-6.6004357866559715,19.8933829912054,2.382517721477697,6.572925491816981
-5.922868166143216,18.19581119345378,-14.374713033032709,16.131529412106268
-10.75844383810952,18.159959835982413,-7.7237351665201714,7.908416620712451
-11.777536675107072,17.694097953464947,-13.73617457694598,14.024379763835853
-10.75844383810952,18.159959835982413,-7.7237351665201714,7.908416620712451
-10.75844383810952,18.159959835982413,-7.7237351665201714,7.908416620712451
-12.0,17.0,0.0,0.0
-11.058619341765201,18.683077251757673,-13.559992068568416,13.775754329621671
-10.75844383810952,18.159959835982413,-7.7237351665201714,7.908416620712451
-3.8824005254597793,19.319606512837794,12.884433982214858,15.453299856441834
-7.421066076995668,18.640019292629255,6.445607362679866,8.074785038951124
-6.6004357866559715,19.8933829912054,2.382517721477697,6.572925491816981
-12.0,17.0,0.0,0.0
-7.421066076995668,18.640019292629255,6.445607362679866,8.074785038951124
-12.0,17.0,0.0,0.0
-9.510887036586286,18.377366958623682,19.798107734712133,24.41803970428061
-3.8824005254597793,19.319606512837794,12.884433982214858,15.453299856441834
0.40587255711233183,15.585955767585332,5.7316209456959655,15.453172014364078
-6.6004357866559715,19.8933829912054,2.382517721477697,6.572925491816981
-1.3825388100563707,18.955793828306753,6.345193853210695,13.191711212914065
-6.6004357866559715,19.8933829912054,2.382517721477697,6.572925491816981
-2.365683625836297,19.90593956430107,5.499516306767092,11.831153683117819
-6.6004357866559715,19.8933829912054,2.382517721477697,6.572925491816981
-0.004101990224132379,17.540748586432898,7.512786820971034,15.254294579102943
-6.6004357866559715,19.8933829912054,2.382517721477697,6.572925491816981
8.768059537829789,18.963488066321474,-6.712031035254329,27.494925949458782
2.182432848031901,18.464221044013,-8.844107464077293,20.554789325783023
19.724194911832413,16.814190464260783,-2.643030777727297,48.798744934473035
12.098493585209333,14.06671434549412,-2.9403803393632444,34.51600370068373
17.416241819800362,17.643703798699647,-11.874314089458524,36.50346714725388
9.512691608992156,17.88589787948503,-8.546414639160771,27.913849877461544
9.512691608992156,17.88589787948503,-8.546414639160771,27.913849877461544
2.182432848031901,18.464221044013,-8.844107464077293,20.554789325783023
2.4230375691813393,18.239138659515852,-11.893955910646454,20.487532927529976
-2.8336100085324674,15.021465459596293,-10.667787655806285,14.203485412835105
18.863046458330416,16.998612829467476,-9.677966637424005,37.37412579803076
9.512691608992156,17.88589787948503,-8.546414639160771,27.913849877461544
11.90039874960986,15.436852280834543,4.029060436741769,34.32033342402403
9.054171359626643,11.003545453608687,8.21134311928062,27.593766081279107
3.9853006019530994,16.293988484415266,11.137554227679392,20.864104946337108
-0.004101990224132379,17.540748586432898,7.512786820971034,15.254294579102943
3.6481155539778953,15.846258332194793,13.936654292757318,22.814962531317768
-0.7000969199925748,14.492441165379688,12.245448229938638,17.873355588605335
5.029437510952441,16.926743214795707,17.363248628782337,26.664254242013104
-0.7000969199925748,14.492441165379688,12.245448229938638,17.873355588605335
12.109169533220495,17.479107370690762,11.468212117924352,29.08061806489292
3.9853006019530994,16.293988484415266,11.137554227679392,20.864104946337108
18.25220564117054,15.901003366955493,-0.678152061795636,42.15834406648147
12.098493585209333,14.06671434549412,-2.9403803393632444,34.51600370068373
18.339865412393493,16.489555574873513,-0.000138520569556988,Inf
12.098493585209333,14.06671434549412,-2.9403803393632444,34.51600370068373
17.678043485507175,16.262604103124673,7.270944397658418,36.15940988356102
12.458763004427162,16.743083979978337,11.519369372270969,29.35804600187287
17.98992859365824,15.069561107872332,15.42790584759232,36.246535279853454
9.153267292598688,14.108750083147726,14.248755713566574,27.279922997979725
12.458763004427162,16.743083979978337,11.519369372270969,29.35804600187287
3.9853006019530994,16.293988484415266,11.137554227679392,20.864104946337108
9.030490233520663,19.84817035008465,-10.285658663349437,27.688461276247686
2.4230375691813393,18.239138659515852,-11.893955910646454,20.487532927529976
