14.0,-5.0,0.0,0.0,0.0
7.875080185537115,-19.028352343513532,12.785484176382546,19.944370579987982,19.944370579987982
-11.11579876897542,-19.21019038665535,-13.15911099728452,33.810203461785186,33.08573181976347
-4.70559878716351,-19.672394155900488,-17.473117995988083,30.164249970834522,30.164249970834522
9.172821251911188,-19.638929346942817,-11.30110249451211,19.3827548905154,19.3827548905154
5.615424001906952,-19.789038413226603,14.666147568012924,22.98107671616452,22.98107671616452
-15.46320435969415,-19.81242128342891,-9.210604510635134,Inf,36.97771605403503
-0.879976724380704,-19.870578275445254,-10.539904987388855,23.981742479470707,23.981742479470707
-6.6673920392469554,-19.79503305578603,17.969647726588406,33.202952429938804,31.31173582176776
-1.4077678673537442,-19.03760560056736,10.207787885148399,24.845037935408193,23.480556127895245
-0.7341250639142416,-19.638778266004955,-1.5656984693660547,21.470293397535677,21.36526615409211
-2.7665475758196756,-19.380893352403028,-3.8045201731870293,22.981297238825128,22.981297238825128
-2.1922653010901527,-19.701041097221452,4.7703966328797165,22.931497074216903,22.931497074216903
-5.687009171446045,-19.44275472155665,-2.2425970692318558,24.84515871145313,24.84515871145313
-10.142549059074843,-19.42396339555083,6.931585396617692,Inf,31.174950280109776
-7.106127448750357,-19.111674523325153,7.274746158350158,29.467760889077415,28.478132154187286
0.8981651319009458,-19.483462325172134,-10.8904530236949,22.870540995923694,22.870540995923694
-5.461075383385339,-19.13515957640748,18.411505609485857,32.356634269698155,30.69325359440197
-10.473164761014155,-19.318326572982407,18.896560562029727,Inf,34.96999540993366
-1.0060846372783132,-19.207961607185908,10.796750737134158,24.49121821444427,23.663203581475166
8.573582152337735,-19.6037759598744,11.086067210085755,20.476644334402714,20.476644334402714
9.552505421485122,-19.301671147973593,8.794044573367678,18.915152274778535,18.915152274778535
-2.0765137981170056,-12.596477929834524,10.027066430890194,20.97680914632719,20.789047447034054
-4.207055166397264,-3.952117598929359,-11.233120949178579,21.41910179296932,21.41910179296932
-17.696735459559072,17.187124153047336,8.780402341093758,59.077384912733635,44.99092217210457
-6.2075392490945625,-12.426819726551663,0.7232699110059286,23.851899772120042,22.915038254758212
-4.373415421253473,-5.8861620294073,-18.67563813118427,27.512019696411958,27.23076178162077
-11.990697610285679,-2.503861386189392,-9.292141327548622,29.570784910192653,28.449929334764427
-15.493878150804008,-13.029238262345526,-17.443111765347137,37.90646424124991,37.065164255218455
-17.970466696696885,-4.520044324477546,-18.869860568789065,Inf,38.14750322632188
-8.957199609907951,-14.694936652646753,-18.760867804560153,34.850518865106295,32.51146541790915
-11.188011682710606,-16.29675250842095,-19.356287785225767,Inf,35.148884449154075
-4.969498219736002,-18.91532520626975,-18.525019343870113,31.910577868243244,30.78408387684597
-15.808620197128054,-9.845044366640607,-19.93164623013243,37.152936880100064,37.152936880100064
-15.159041606915071,-7.469086174191251,-19.082371589987037,Inf,35.442572901390406
-10.343490578128991,-10.50646780994076,-18.63627766327582,33.23712832040368,32.591479257802106
-12.780791777989764,-12.948384962371469,-18.632126712109507,Inf,34.80642765564585
-14.285272762374168,-8.457335583803518,-17.78397493917735,Inf,34.32769299765428
-6.006430339282645,-3.595726018021388,-17.59389065294463,27.22376430033503,27.22376430033503
-14.626988320610943,-10.39092857409492,-6.639667598036363,32.82432271224311,31.9268918801125
-18.586667184232084,-13.09682374426858,-5.454663546171625,39.81149554211218,36.69236144039546
-15.865781820916647,-14.106909067524649,-6.704448690733056,37.409608078025485,35.249625453849944
-14.958313356726576,-16.90947688218408,-9.398041912912936,Inf,35.7459262490182
-18.8033378407855,-16.503563868642466,-16.332670394597784,Inf,40.08814022090233
-18.94992973892263,-16.51771491236663,-8.35877549425998,Inf,37.99172221699104
-14.708707424153369,-17.61051305839893,-15.465918053734882,Inf,36.79000588166875
-18.283797427072734,-18.882560386749063,-2.1384790684983486,Inf,38.617783525693184
-18.752080625992225,-16.38541151755036,-1.2684794544958962,Inf,36.275378367817225
-18.788875790967232,-14.788517392637353,-3.0352201319962475,Inf,36.099550433965476
-17.20415498105926,-16.839109701979265,-4.606324620787623,Inf,36.40043581706609
-16.01533218523808,-17.490373406609628,0.3645651472441003,Inf,34.40785939114338
-15.552545878008512,-11.820988973348125,-5.285326228784442,37.04756605973176,33.5701707481772
-15.48053453818575,-5.149395187556811,-7.36184109117894,31.444079579512675,31.102777959088414
-15.914425063184403,-6.419979611019908,-7.745381939688922,Inf,31.861398512353198
-16.266341346470526,-11.630677808271432,-12.157430246246479,Inf,34.20533607736439
-15.996220730150199,-6.517547751561432,-14.489083596936636,Inf,33.98965063281047
-18.300291742287584,-12.984188551804374,-15.591367392644342,Inf,38.41970078285851
-19.528044242619245,-10.332577064874044,-12.992747825315734,Inf,37.394060727920476
-15.911517851068808,-13.030066949124137,-17.391692311527542,Inf,38.19644572129805
-19.601349307918365,-11.304151058917888,-11.26986405693045,Inf,37.31963126442286
-16.306080173188782,-9.80410546196091,-9.091411336438489,Inf,33.20162579249312
-17.159125665425652,-7.678404036373081,-0.05578016392474794,36.31350710657136,32.500074089601725
-18.853941130475143,-11.96406872471555,-0.2599830812156583,Inf,35.12398067752392
-17.39952043671377,-12.312470674248788,-1.452871381246279,Inf,33.8474474097602
-17.307956831209133,-2.973915817005725,0.25851522011036465,Inf,32.101773145854196
-16.366943101214666,-5.633876935988029,-0.3693889041406777,Inf,31.760617050813337
-15.666629021849516,-7.967089017588522,0.4098905740303138,32.91466810258656,31.07306247243165
-7.149749388821736,-7.373029830322579,-8.909578897296768,24.447610220027745,23.747326592154046
-12.945951374074678,-8.031021569933268,-15.87922591012517,33.248930473996346,32.19497534247462
-10.453992279185877,-7.775069668149799,-16.75910216703894,30.593830902585477,30.593830902585477
-13.861888442174006,-16.96278845797788,-16.786813271134626,Inf,36.84800616312463
-8.778353849465415,-15.860619663402309,-0.2202754067313677,27.644791680285884,26.966623528095127
-12.794795200734228,-9.342844461406239,-7.524773281806736,30.584742978255704,29.432970626693116
-10.874169016065576,-11.952220983235335,0.06834521122770099,27.137448086060616,27.137448086060616
-13.675259404212206,-18.903762889595825,-14.452791243113587,Inf,35.791666008216936
-13.931781183012122,-12.59331781937206,-2.7062247168353366,Inf,30.97242193373723
-13.793666398017734,-13.92144933300683,-5.774440060874184,Inf,31.666658088337364
-10.346295188928076,-18.82718981537262,-14.841443247937445,33.8491981593355,33.45935876502966
-12.100777659574309,-18.37880132269489,-14.222506302043927,Inf,34.26495337717183
-12.829136806701431,-12.607896834598744,-10.598558169214787,Inf,31.22852813757347
-13.078289006572934,-18.260875752960484,-6.623594577566312,Inf,31.63130961027767
-10.408718593368596,-12.534767782707021,-10.136636878315981,29.39121030424612,29.39121030424612
-12.210788140780213,-18.611596037288358,-13.633509568006685,Inf,34.13292166984212
-11.554380817726964,-13.209249189728691,-14.182345331812654,Inf,31.840486918204753
-9.380275313814908,-18.58663255845442,-11.264146054557367,30.441538528287246,30.441538528287246
-8.967189977698311,-16.529732352098428,-11.756174424275754,29.869362319154362,29.125714240563674
-9.029171928541428,-7.989387337388081,0.49618423563882175,24.633628535851308,24.633628535851308
-13.981922475535908,-8.368330655635381,-1.44474082188788,Inf,29.96659451156627
-14.295376219294997,-8.014397214639857,-8.792404140570138,Inf,30.559676310799425
-4.839223045348877,-7.596155342040314,-11.11999821660298,23.476936905594712,23.140306350591167
-5.846134040967472,-15.074292534077047,-4.528853321481696,23.539924160247608,23.539924160247608
-5.439116610352688,-18.881381595541626,-15.402504626434421,29.593019036171253,29.23711068803443
-7.521932160137732,-8.643844753766814,-8.678084001816568,24.331546835025293,24.331546835025293
-8.513088682698866,-9.345038117063185,-9.98414704698451,25.895806306483337,25.895806306483337
-5.9908316345161605,-11.693387693528239,-15.732855389087739,27.317479057927976,27.317479057927976
-5.338098352385403,-8.024325676115902,-10.082846896366684,22.766816935603906,22.766816935603906
-5.367803198292096,-18.902478258841732,-11.3361652929352,27.370186046805014,27.370186046805014
-4.820672036124769,-15.168242228139945,-13.918270322937474,27.22345859673839,26.882297906466444
-4.622782511724939,-7.60355837684676,-13.02647081962479,24.06954774077849,24.06954774077849
-7.038208279035469,-9.570351370790764,-1.3110918237178026,24.911244194223258,24.022582705338667
-7.941049200199064,-7.778014097686219,-2.560687681422486,24.531134143797924,23.878851805523865
-4.893707982848348,-18.801650924453064,-4.188614694974193,24.37595388276727,24.37595388276727
-6.591472556830107,-12.58932125916055,-0.4248471341365878,23.285756182259806,23.285756182259806
-5.6758474830020145,-7.503242894248601,-13.908944720244403,25.85340226270973,25.447143187582263
-9.492309398976166,-2.983850127790557,-12.483659565765972,26.93592162238509,26.93592162238509
-9.22232431889892,-5.620345475863413,-13.854166892558402,27.318745066822615,27.318745066822615
-11.881692901421843,-2.5045118839755176,-12.941785203128235,29.41379754719009,29.41379754719009
-5.148311711553317,-7.292233080898756,-16.93800876263685,27.50293565358441,27.456757427369947
-12.479964599377071,-4.526465714821013,-11.296037229324636,29.71216303130719,29.527465566282487
-14.143678877704806,-6.9335789837101025,-0.42070182863297845,31.146663225294738,29.935853792061433
-7.77536543232741,-2.5441855190268114,0.5469806746259636,22.960055937569457,22.55514131962963
-6.1288029181262615,-4.830039494891594,-7.431262176041091,22.086639136791085,21.68917683115994
-12.080924331027312,-5.2861824292496085,-11.57294450987103,28.954804694245066,28.954804694245066
-11.909746802396652,-6.270104774559426,-8.828236743109246,27.808379241917677,27.808379241917677
-7.141836320243096,-3.7869011908287646,-6.2420895800555165,22.57962588325971,22.404161452931827
-4.6423915887192635,-6.09359958337385,-5.0429852171409095,20.312743166342575,20.312743166342575
-6.975670134147354,0.008167578898088834,-14.625246423104032,27.322965168778723,27.06006150222454
-16.175401896522985,5.020469176017119,-19.834159214255294,39.023008086048904,37.997212485338224
-16.97639525282284,-0.21906375965794211,-15.7708294147319,38.0590639176249,35.565004444163456
-17.62047498641661,14.741974649754539,-16.128950443625676,Inf,42.90757167745203
-18.985933065568492,13.372440895397553,-19.421465563264604,Inf,47.84484650573643
-13.427507326103223,7.416717657675491,-18.177414886955432,41.62323761333319,35.76292265507893
-15.37479938855312,4.8757778228436095,-17.490332655216676,Inf,36.116337747106066
-8.032319243833701,2.9273871924109045,-19.664804168788706,32.1189343149102,31.42320357435723
-14.382034629278042,-1.1640530978495889,-18.767154761069698,Inf,34.47318247659866
-10.932565316743785,6.387081030338209,-18.49597826058325,Inf,33.568846524061634
-6.82637713526125,-0.03413262933128891,-18.330035300568586,28.65389406184391,28.595121316958146
-13.547121309274752,4.874917293177134,-16.752377088445947,Inf,34.130401170483424
-14.804979189684824,0.7131231650376151,-15.6607672079973,Inf,33.65318495619824
-9.07258750636787,3.866906332221429,-14.661389869172421,29.1350331713653,29.1350331713653
-8.28967003458855,1.1233708982098278,-16.853558893434055,29.330445898031847,29.330445898031847
-5.163261397949546,5.238489809736393,-15.346413553921412,26.999411014396316,26.999411014396316
-7.306901452226446,8.258997217333555,-15.760208871235655,31.116357157549036,30.726324515710882
-6.627868655397364,15.601775701194505,-19.71271892646552,Inf,36.52611173346261
-13.299398774358409,7.695283149075578,-17.678314100974212,Inf,35.06046083567205
-10.821844881991964,10.70686236731719,-14.730824111825331,Inf,33.40755892568902
-12.259125890620446,15.399829253143118,-14.760629252613366,Inf,38.814946019447646
-6.849841279911875,16.965182894056554,-4.945466991875991,36.478783358391155,31.935855484462614
-12.0,8.0,0.0,30.481373201535575,29.834420386801078
-7.757292696065701,7.315404484739496,0.3192111520673464,26.44580110664363,25.56427969028017
-17.899813533734353,-0.1883593617014938,0.28747587080003356,Inf,33.626205216983564
-18.11059244337139,0.13927239357624188,-2.2172723877770366,Inf,34.86858147429632
-18.22245078154287,-2.1962045754040105,-9.047949212585964,Inf,34.69404897565109
-18.29930374097856,7.020790284720945,-0.6856185882019261,Inf,36.05165214449772
-18.819871052682842,1.4335230160373413,-3.3617816550813906,Inf,35.65261698531673
-18.02182979615747,2.2864796267853933,-5.999478595902392,Inf,35.277536187482085
-13.77563324454992,6.868785576845717,-4.917954797077311,37.68734795926853,31.71904758561226
-8.386043928135392,0.9905712410303735,-10.542533618398506,26.50331925622302,26.50331925622302
-9.325585813418265,2.4809841171058693,-14.049706222779825,30.109171198722997,29.16764579823891
-12.04983783664436,-0.035365022824038306,-12.544464595081557,30.283063261342587,30.283063261342587
-15.946705318595127,4.305305262461296,-12.113187983567277,Inf,34.906771965011465
-17.166491146996403,2.513004439212885,-13.263428644064161,Inf,35.82090080654091
-12.90169588919822,2.9515451671841504,-14.430156654077901,Inf,32.1820844107789
-7.91634349263175,-2.196599969192114,-14.401125436822486,26.603396775817966,26.603396775817966
-8.215823501269686,4.480607449170257,-12.625685839183216,27.934073104028336,27.66062578005027
-9.006985096972357,1.0195055447088635,-8.314895167005956,26.835607284777645,26.835607284777645
-11.489821080903111,2.9272816111303186,-3.3311570449614614,29.390336636227776,28.991763451935938
-12.048866304500372,0.49761417194028823,-4.552608921268826,29.309437177539685,29.309437177539685
-10.024501427589056,-2.1522693708734053,-4.718250068003824,26.227072410134422,26.227072410134422
-10.664002849036942,-1.5300030468819692,-4.650837107706689,26.879798918082734,26.879798918082734
-13.150010507541952,2.1802337879482536,-8.683193730611283,Inf,31.15389322241919
-9.8005238666184,6.650831669122994,-4.214704612400801,28.554699546985894,27.756983916078497
-12.344909299035969,5.192851805625054,-5.747206303737924,32.48301317181768,30.376631917459136
-10.683254117025998,2.933570723538061,-6.95305391215963,30.714375322484326,29.608358401016908
-7.427776890246447,2.9051437824293203,-1.737238952347866,25.02670649879998,24.45087460286053
-8.454482275017048,-1.0885342266826292,-9.450273608554607,26.843057122137893,26.747947222932076
-15.911599161040169,7.452121187461156,-11.190839632438134,37.86852139887565,36.307461936477125
-17.327174713589457,7.420773442013015,-10.000632764961335,Inf,37.86141920569074
-17.40914898733763,7.7520189570157605,-4.405410063799566,Inf,36.162101356712654
-8.330462418321138,6.87187991650914,0.5334238365982387,26.605460150965406,26.000525558055134
-16.277315496548805,7.142114739823626,0.4841704697275091,Inf,33.8274023321385
-17.477574469297778,-1.6529471996036094,0.5365283244079251,Inf,32.298204246179104
-9.56897776958721,9.991479027825683,-13.267249204740814,33.13090813270365,31.46416851278967
-18.592668158359285,13.251263820704793,-13.873145053202762,Inf,42.744455600079405
-9.812070294086306,16.525797354993216,-12.177319319596203,Inf,36.368084073493264
-11.449635334211639,9.33812388738998,-8.572503951023904,33.74454236676554,32.06382571881942
-15.313569238803968,8.578837410333612,-10.935779778953192,Inf,36.02897483238223
-17.563239480442405,16.119556153128336,-6.343501628470554,Inf,43.14307579414428
-12.410225990301464,11.837176343302922,-6.8258434682662195,Inf,33.204465720267144
-15.856458918037086,13.319848353380138,-7.504062823610154,Inf,37.673239616083336
-15.247671600528117,10.805301240470236,-11.03095892096075,Inf,36.832600137658915
-13.570242902440697,15.458349090264953,-6.599423207068469,Inf,36.56754550258827
-19.922469114397956,11.249522761899165,-5.647639027608431,Inf,42.18417750763011
-9.898817667415871,15.260562517730634,-5.666404964912388,Inf,33.9872819950049
-15.120146292198324,14.659324502253241,-2.8414544359717127,Inf,36.89119624011688
-18.213731152544295,16.768404786668142,-3.3883490081906764,Inf,41.947075339324364
-9.118655139126126,16.338029536789982,-0.3494996658743972,Inf,33.192700614797594
-9.05010786611312,10.912464574451441,-4.027027280345203,29.660020071468118,29.660020071468118
-7.3832327491192995,12.68384561712358,-9.67401168826954,31.263483956750456,31.114529032023228
-9.254759110165516,11.400610930076105,-9.558785203166629,33.64936853240907,31.447577534013984
-7.0459450193272755,16.202110603177857,-7.086682524706722,Inf,32.040803719422286
-7.220880649939918,11.298464034201476,-3.5434996061822055,28.755045549193476,28.755045549193476
-7.715923663438424,17.17686853380701,-2.436292606794659,Inf,32.60632651337487
-4.45350808976313,12.445610135617756,-10.50265995594784,29.593710853652137,29.593710853652137
-4.433746890196684,0.34878984283101033,-12.103832680006636,24.514773541148113,23.163759736945963
-6.106996338698716,4.228189482540799,-12.346655076717381,26.345017228838636,25.459524462591126
-6.420370728954614,4.982714968579323,-4.432288166836846,24.77906831978003,24.331875177723646
-6.463608703762285,-2.0830628246532434,-11.393885751778532,24.353594072392447,23.875486094309178
-5.293831213628124,-2.154782732818809,-11.043079128362256,23.528037707460452,22.7526887008695
-6.34665901198872,4.687159648521622,-2.9000713747916933,23.71773498422432,23.71773498422432
-4.4277151963253925,5.274730360597424,-8.04519986042978,23.946393466205535,23.383275752493766
-5.5441686654610844,5.627325649730146,-3.208559561459346,23.265163346010464,23.265163346010464
-5.666064503321504,2.94763536744842,-10.038838986674508,23.718158153133025,23.718158153133025
-5.2250884234265005,9.732434744598095,-7.163199062349106,27.4147646328749,27.4147646328749
-6.292644162442329,9.526411234916516,0.5574874935904788,25.762552053820563,25.762552053820563
-4.575662818242314,16.965533265826174,-1.346412156673928,Inf,30.99662640609619
-4.207171303622772,-17.388197199491835,-8.360096134226351,25.203268102149423,24.652647718111048
-4.227965311275241,7.599740676768985,-10.647076448395483,25.052294239782334,25.052294239782334
-7.226536838024229,1.4939993115014332,9.917431671035182,25.57112481120666,25.57112481120666
-18.78458131370799,5.70662100452455,1.1606983228201528,72.89929688147825,35.85726705674686
-9.102304662241645,-0.909015122441339,6.511771255242593,24.95789401599641,24.405215234098367
-9.02738911586062,-8.120506371885137,3.775470525783433,24.2879939339378,24.2879939339378
-18.510533938887555,-14.049321923141056,1.5146317840158545,38.189568289844075,35.18751929303057
-11.781836435706863,-15.051699291228404,3.163492742712073,29.394882758944846,29.31135729922051
-19.873050788227022,-18.417068822638328,6.0654692302085245,Inf,38.62607603583775
-19.366276556254547,1.3115479336359144,5.643172115638819,Inf,35.56698068214078
-15.368662573086791,2.051730528103697,2.3978321834880667,Inf,31.618823091091304
-18.18901993575914,-11.794031553014754,4.7751467624856225,Inf,34.20916418319443
-16.844409905873043,-7.116079416314038,3.385246477611652,33.36046571592975,31.448761183719505
-17.852777843941574,-7.251628676527364,2.6471695708020775,Inf,32.46912547659728
-18.749103654517878,-1.3748069842624666,1.218369378174387,Inf,34.56313206938059
-16.995177492270763,-1.16449255997221,4.547537209727082,Inf,33.09551809294058
-18.146881105357913,-2.240466771229734,5.3874918406106715,Inf,33.63890814853076
-19.69024722565078,2.5392763670897907,4.604477299949643,Inf,35.70812586455234
-10.91508681851539,-9.31526125357201,3.905218238590429,26.525777728878978,26.525777728878978
-11.259490307176563,-12.099369628836865,4.775422166367758,28.37925839474686,28.37925839474686
-13.831352787512472,-0.14714395166372185,1.0271121946817274,29.49085354570117,29.49085354570117
-12.705840225849387,2.3780056844882935,4.470788947333926,28.720578229826227,28.720578229826227
-14.347062545874829,2.221221522692769,4.385689598044607,Inf,30.069100054649816
-10.084798570448221,-6.015216623075723,3.0616214762206155,24.592451867690542,24.592451867690542
-9.440260263575881,4.30561410634504,3.0240524373990922,26.406949625294878,26.406949625294878
-11.75797826426443,4.148200680064207,3.1417173849664053,28.39226465576082,28.39226465576082
-12.610572220053688,4.740084967691676,4.5438759205042984,29.56466930153612,29.56466930153612
-15.992787758643816,4.686297112514151,6.329483232512594,Inf,33.00115745219897
-19.194883001126996,-1.925528780761887,6.4120635970674655,Inf,34.63293002766687
-15.042818316730369,-1.3498922345428177,5.932177704287369,Inf,30.42131419194861
-8.154959429533744,-12.278213356348004,3.1815095361887984,25.6678040821944,24.829054723009428
-8.505578523159274,1.2972509180801772,4.143964708374384,24.49701566932142,24.192145823477194
-8.329784516837906,-7.011825990952492,5.471199078366489,23.548562066667596,23.548562066667596
-10.2908022728543,-17.01761030956794,7.713672444627619,30.402987388937106,29.508789067693407
-13.315539223379744,-10.1064338775533,6.824566228916645,29.779470784860152,29.57068383642651
-12.224144921475837,-14.048935387835764,7.878941351708253,29.758469547169504,29.758469547169504
-10.58340609315719,-15.023180977623571,8.76241895401252,29.250374810835417,29.250374810835417
-17.76100497286219,-12.17029256629755,9.321352772472544,Inf,35.029117614879226
-12.87116960950085,-9.800935577498908,8.099391652893857,29.459779108475608,29.459779108475608
-13.816056118551083,1.779768708267877,6.832349967420459,30.394049090205044,30.394049090205044
-14.526909366121918,2.2845825272630975,7.910873375378618,Inf,31.40637359525591
-16.52289684905857,-3.2398147009358595,7.0460050724706065,Inf,31.736832372035323
-19.865160514730043,-1.9796575556458222,7.412477033382796,Inf,35.32751811988741
-11.158947087125126,-1.136146677573091,9.500333547977455,27.608773881274306,27.608773881274306
-19.302363415671184,5.469858580644235,8.45665867515935,Inf,37.02484400185688
-11.556388805184126,-7.9999062132124354,8.17249830215043,28.286354457816753,27.871095496915558
-14.022238180319766,3.793221700393623,8.521774677507654,Inf,31.501474158197098
-7.37123119086136,-2.193005235122662,8.500249628720198,23.55119953604883,23.314370495366905
-7.2804019182086765,-15.088077875670223,7.890764622864175,25.928709829980043,25.928709829980043
-10.090627758997286,-4.414903502778769,6.713534241614411,25.189660754264438,25.189660754264438
-8.687705039588387,-18.038208008334777,7.358180730475148,29.945823961815133,29.240418675505673
-9.762621162507754,0.6505365345725451,9.44159413350689,27.384032074679286,26.80225932794886
-7.51981146373681,0.9324852367266985,9.007214042384568,24.50043907451662,24.50043907451662
-13.194572994001685,11.701398696181869,9.305816955022188,37.874833979079895,35.430983787202024
-15.078176545763977,17.089729272235708,0.9225684337825797,Inf,39.609628550518515
-19.188621402050288,12.00944541527987,0.8107564344156337,Inf,38.55071321251946
-15.350018319480627,8.64282464017716,5.461294870824354,Inf,34.13202478178391
-17.828602912791958,6.410614887361827,8.622249042421064,Inf,36.39487001926359
-16.57028813088904,13.49227972214593,2.8166838970504955,Inf,37.916791756893545
-13.084095350617755,10.176993100255494,5.559753972683119,Inf,31.888517722957083
-11.759790240003172,6.19605737580093,1.5615595080281786,29.087800437527548,29.087800437527548
-11.899738237306838,10.121333132358448,2.4810450268669193,Inf,30.457195050620705
-13.383736819853773,16.551422589615747,4.188980975538044,Inf,40.103697115550794
-14.188379171725991,13.052720314424349,0.7601517509129607,Inf,34.41232429719456
-7.74425784464289,17.132632604226465,7.797412046831287,Inf,33.547391721618844
-10.731570306568976,10.953686121614005,5.5400480056247225,Inf,30.31859825129182
-12.965371169989126,17.14309798556861,8.5096814339356,Inf,38.02712041724968
-9.012552430895946,14.49278140278922,8.932232789988383,Inf,32.424291728436465
-14.776050451248555,8.836781125045103,9.997867104344962,Inf,36.28805394045766
-14.04056950250534,7.130880277831324,9.704518127596444,Inf,33.52410903041638
-4.77923065588584,6.445091343408016,2.988633355018422,22.42762296869909,22.42762296869909
-5.943703969290164,-10.354611768243167,6.875545369146536,22.403283005823894,22.284675587653027
-5.974768277162283,-0.31434940210949947,3.2725913747049518,22.05763564571098,21.250743127680856
-6.217096485102109,-18.585807936935296,4.782262598490377,27.107997027854736,27.107997027854736
-4.983202636546329,1.6774600064194978,1.2495340357922942,20.936897320128235,20.936897320128235
-5.064618627004425,6.311328016741502,9.851034054361119,26.203528779790187,26.203528779790187
-6.079392991698738,-4.6941064603229155,6.965230354296956,21.776109374484236,21.633011719881615
-4.762127380396057,10.596393227148102,9.410794963205369,27.227136432054632,27.227136432054632
-6.966167771040883,15.158645222520015,5.607090418447864,Inf,30.944774486443183
-7.1585260932965955,10.770139075560799,9.889381434908522,29.29570431755308,29.29570431755308
-9.737452985927364,17.388402757533186,-1.9927038163799793,Inf,34.71694171752772
-17.5200848258672,18.77851713487565,-9.684196036123636,Inf,48.64752078995978
-19.89705743343503,18.421829181161883,-2.4722699333839415,Inf,49.44662256817333
-7.001819421191602,17.422302830718657,-14.897719008331434,Inf,35.80256344944304
-14.748583445427155,18.67577316158824,-2.1735000806450984,Inf,39.46701488268213
-11.92927158142921,17.915747829406726,-13.062225677183248,Inf,38.97835685644449
-16.07626493420063,19.88730501184824,-11.073323156250385,Inf,43.56243433915411
-12.14862125967521,19.313202310795,-4.768362087761924,Inf,38.242876979921434
-10.537089520434622,17.927901417125092,-8.78760112999049,Inf,37.31535611583559
-9.718316337008224,19.71393911227024,-13.994197949316707,Inf,39.223749771135516
-6.280582414592271,18.5650218536393,-0.5713779130309788,Inf,34.104461358621165
-16.287086929501704,18.565090959447296,1.0875638482720973,Inf,45.492480897623565
-7.957021106650783,18.563545781513227,7.1792723870468755,Inf,35.64019504630353
-9.006961546055905,18.08114064504251,5.637576948039886,Inf,36.40234140695948
-11.856369035837897,19.594815767957243,7.1288200128571155,Inf,45.056065205292896
-16.411674451456317,18.680406250702646,6.2319490864019045,Inf,44.58583442999768
-14.633260740714302,18.573714451122925,5.356934397711257,Inf,39.976861799083565
-8.066339282774715,19.318778282164132,4.78003525122908,Inf,36.66211282576393
-8.751581714963912,18.9583014147098,9.891375403788125,Inf,36.4633752119445
-12.287576324942577,18.835184214603842,8.09855069468,Inf,37.875986665124024
-5.694260802721329,19.034961749079066,2.742293409560066,Inf,34.58890880878907
-1.382855899249435,9.621748574878765,-3.588523131976924,22.68084314566086,22.68084314566086
-3.5977416399189437,6.494506864253225,-19.844830999222225,29.963037488194324,29.664683051363646
5.692863714134475,6.5383546110114565,-19.84898572232148,25.159943839301505,25.159943839301505
7.355406370311215,-13.690500992301953,-1.543256232361756,11.047944234092848,11.047944234092848
4.536331338635023,-11.288693127563576,-19.605440640072676,25.877990375141874,25.877990375141874
-0.4781170739404743,-17.17132686852473,-5.450795725276079,20.468618478588727,20.13056173503504
0.864062929685538,-17.422600157111063,-15.562356167640186,25.92088281505059,24.978754856119192
0.48081987773066714,-16.275953270118713,-12.172265228779375,22.007425262788075,22.007425262788075
0.7440718732622464,-16.318779674594232,-17.192737884335436,25.91829796599991,25.91829796599991
-3.2336587392095772,-16.264075733281,-14.201181073877551,26.239917670114767,26.239917670114767
-1.4924641962544243,-13.210114281532785,-15.778689459777189,25.739421868409586,25.739421868409586
-1.522789545814387,-15.66229563893705,-10.173820378085763,22.310212500132184,22.209376120141496
-1.0802067063384087,-13.940110394431793,-7.920100723713679,19.980983055751068,19.980983055751068
4.845910103763387,-13.160318019877693,-14.819490683819714,21.06522101829768,21.06522101829768
6.765272933421585,-18.405253321945587,-18.765231287421553,25.506872121471872,24.546425070417836
7.057268518996889,-16.78558881425735,-19.813323136726044,25.712234519435185,24.965414690536956
6.873870590992006,-16.776473528354288,-6.22994225974324,16.680006833113445,15.957607223432092
2.0022209300871125,-17.435773769601745,-15.94943306553903,25.357594606224367,24.929056343859898
6.448396367772197,-17.35441454314345,-14.380621734326366,20.818435470269744,20.741536472251774
6.511031135449777,-14.3523060136335,-15.921855455281273,20.73195986276205,20.73195986276205
4.1146510698421395,-14.142947525837286,-7.716137104313274,15.874602054871708,15.874602054871708
5.687213752173179,-12.651250798940028,-12.364382675022725,18.42050995674106,18.09535518747355
1.7361189121241054,-13.028197103591825,-2.6029581416732768,15.45375457267849,15.442775255652313
-1.708125944179315,-17.315878802686065,-1.421023999733979,20.810419483871087,20.654613669350724
-3.6118072732899797,-13.756118498185188,0.28092144234182825,21.36543374736896,21.36543374736896
-1.3632694382483805,-15.986728185374632,-5.435231006590522,20.58998703331013,19.972760173867876
-3.5969151710059393,-16.0615926635164,-5.390383407137573,21.82039193107154,21.82039193107154
0.46158780037703195,-16.92533563245273,9.02280371286895,20.42108517375481,20.42108517375481
6.838586011978531,-15.649106939521884,3.94635424567862,14.075233358701496,14.075233358701496
5.42027596339878,-15.95458586183744,-3.2489349180385396,14.480166512295222,14.34548427629933
1.858529810804832,-15.936182063281574,-0.6951005222440365,16.762113025490017,16.381946797329206
3.5536684461639645,-16.86772040325365,8.492975590885177,18.90837325520315,18.90837325520315
6.269854477474492,-18.405998075808405,-1.3549595808170949,15.796901595783362,15.796901595783362
6.0276219317829955,-12.278219134958173,-1.3763664435624108,11.47354893889057,11.446880195879004
3.9365175443869838,-12.042364831782404,-3.298639829292025,13.029362865245648,13.029362865245648
3.362310056138824,-15.51952806562194,-5.143126776188165,16.218321174858588,16.218321174858588
4.002701692286273,-15.611794337851777,3.6791197983309054,16.677940931732834,16.024049687634392
3.6700933462893133,-13.677495360355199,4.626275171413752,14.524885203178755,14.524885203178755
4.8192558989484695,-11.360363519655037,6.236368439468556,12.823558773249633,12.823558773249633
3.858397416521946,2.8496985242485025,4.642917924048888,14.521173123012137,14.521173123012137
3.273542426556162,-3.1535237903221436,-16.02827658820126,20.269051393327516,20.269051393327516
2.4987796975493914,-10.02960670086936,-6.586464015709037,14.514743975220778,14.514743975220778
-0.6719453754917097,-11.012542180580605,0.8694446420981521,18.136626588577784,17.024588119088175
1.526978686453944,-10.643456658653587,-17.43612108752511,25.280635585084955,25.280635585084955
-4.032792336878979,-10.703972155285939,0.876440187726601,20.13633549633332,20.13633549633332
-4.1779510984562584,3.5994305726045113,-10.388888838892036,24.304772949742027,22.775093550139903
-2.093587058973476,-6.295523716691411,-19.454284123687337,27.369457725711143,26.742695502811394
-2.135677777872811,-3.155581582021565,-13.540389364160985,21.693070004376494,21.693070004376494
-2.154084960784843,-8.64135734975318,-15.345956513417347,24.44762629743124,24.44762629743124
-3.2539767815564886,-7.125849256623331,-12.81194771090977,23.095602879609416,23.095602879609416
-2.424894680105716,1.8637030939749195,-10.993749514188131,21.764730996838587,21.28288512770439
0.3959299434195884,-8.123374226602627,-13.087650932643458,21.608482810511525,21.002219699700277
1.3529065100059583,4.080157352482232,-12.939072367830837,21.129719711482092,21.129719711482092
2.1659120213072214,-4.197738662770982,-19.537757833878338,24.094451820503007,24.094451820503007
0.22723113784293147,-0.8667493723522846,-17.611274600888677,22.83505747151199,22.83505747151199
-0.7437861152980396,-5.514203841705418,-17.103153252659517,24.334371368284522,23.999640518396955
-1.9809796305230236,-6.2939326170311105,-15.424768018519908,24.33876125040984,24.067312471748707
-1.6136349692574896,-1.8945047110960722,-15.408170646661539,22.33645067315568,22.33645067315568
1.065987123351988,-2.808212302270306,-13.240717013629526,18.94829583728477,18.94829583728477
0.4440354864157925,3.6613572310737936,-17.110000033350552,24.02181147787927,24.02181147787927
2.8113363178007944,8.80031198895649,-14.182508961374225,23.56134008677038,23.56134008677038
2.906563084138895,8.367255702095964,-17.385029099350476,26.032142424392795,26.032142424392795
3.2020621609414412,8.350295539745282,-14.456071679465046,23.410160707474322,23.410160707474322
0.0184815811499206,-2.6823813062403516,-12.471017322482805,19.26275975496101,19.26275975496101
1.8084362525925712,-2.582406921515286,-4.844008570927034,14.662352115205096,13.441091204168693
1.56027264023394,0.19378118116677712,0.5764636550553988,16.087776370975398,14.676676280070618
0.27846694810921946,-9.084358735601148,-6.75254828238832,16.52550029628002,16.52550029628002
-0.9070441119713095,-8.890381272467556,-8.501205835166274,18.345352459063122,18.345352459063122
-0.5028978044852295,-9.678113447730095,-8.650749120044914,18.134071345396045,18.134071345396045
1.0933621635401707,-8.035644868921823,-6.581297716809038,15.863404179204856,15.443930950632119
-1.8161686286914076,-4.466658308745082,3.1482129075368377,16.17961809763558,16.17961809763558
-3.655244156804933,-5.004955198059351,-3.9435883247594283,19.242429697515824,19.242429697515824
-1.3051980823626081,-7.325158504409677,-3.035387281033735,17.671268369943338,17.479564945504244
-3.5513105849350346,-5.099002431467641,-1.4655587314222203,18.620884894710894,18.620884894710894
0.1978647410585488,-3.069629038789266,4.385298221290654,14.654549041937983,14.654549041937983
0.06672701462554897,-2.8064003620407973,3.9025287312631747,14.685165893288085,14.685165893288085
1.2288328913700042,-3.791667920271795,-5.432087386824209,13.994391579445598,13.994391579445598
1.1661838207184694,-1.10043001275222,-6.19663375281184,14.896084046504376,14.896084046504376
-0.5543519507907817,8.201393044525005,-10.287934134215737,23.826310703590753,23.493274854760628
-0.6919688767554817,1.7847350133324724,2.211670096924845,17.275822571683086,17.057652098367896
-3.704723633657334,0.4190183143601729,3.0021742018375903,19.51736379454298,19.51736379454298
-3.811852211773701,5.917988203026702,0.34737152647003455,21.378581912588523,21.378581912588523
0.0382949704533857,3.493719803767892,-9.294721943550845,18.978642380501174,18.978642380501174
0.632932015499506,1.6808466217221323,-8.253538047462294,17.172836530403323,17.172836530403323
2.666379420700842,-8.170061077041257,3.6407137508474037,12.949715779439057,12.949715779439057
2.1988490516911163,3.184727024012723,-0.6850276440848972,14.76287984376843,14.76287984376843
2.0987545650482176,-2.570726358789628,0.9460996959584307,12.672922634944598,12.672922634944598
2.1310970841818744,2.5660725592265443,1.7670168980260854,14.40940851838806,14.40940851838806
3.5829771539416733,-8.919944702906584,-3.769270874349111,12.547577316457343,12.054288497641735
7.14087606945818,-9.503751379287841,-3.534599542177446,8.934469850222206,8.934469850222206
4.447345054212288,-9.005397461425773,-5.340967100221157,12.215693663419476,12.02353139713834
6.560573063418982,-11.261534066842831,-0.09188377034999462,9.724213317395618,9.724213317395618
5.476095524197309,1.2742600891477167,-0.07410600413479074,11.117528305659135,11.117528305659135
6.065776446439941,0.20873351602065782,-14.047472038004525,17.764754571127895,17.376779566182773
4.452188643981678,7.100344079585561,-13.553929984354998,22.940411501539383,21.749465138992477
5.9820368011985,4.295552853513183,-15.541571990618284,20.852227384825422,20.852227384825422
3.938063943126508,-2.288558003101837,-19.205265954120748,23.87756599545328,23.046807501737327
3.3574781362577255,6.406279902389294,-16.69972246734643,24.28993400567554,24.28993400567554
5.766638439159777,2.9111676200936465,-16.096527595789656,21.16934886606914,20.336656587493266
4.642048266602377,-4.719134456309426,-15.763490851987365,20.147187081109855,20.147187081109855
4.413550076073697,-3.0938258574708044,-19.3513192258437,22.66106023058047,22.66106023058047
5.793065535497686,4.127804049988288,-18.297289649101725,23.16421723917349,22.53636784100689
5.443897840709848,-2.036149097955928,-8.902848027682593,12.737072835342781,12.737072835342781
4.057108205293474,-1.1996989338706214,-12.347434605060794,16.316865600757026,16.316865600757026
3.8712517274642266,-1.4224126020838241,-13.73938941932825,17.73872431853542,17.73872431853542
4.885530748059583,-6.342398036119086,-13.286823456651575,18.90755047401791,18.90755047401791
3.921218781488598,-1.6621352222787955,-1.4282751864961973,11.8423058231411,11.526531122827464
6.043249568936055,-1.0879606139043574,-3.843011347345822,9.663470691031696,9.663470691031696
5.517114399040146,5.086701122797503,-8.845125742715041,16.518627518945813,16.518627518945813
5.7374854851325985,8.175877159670932,-17.102476404893636,24.602911978405213,24.602911978405213
6.193912575671199,6.286072604011885,-8.531637667969232,17.09721894060162,17.09721894060162
6.975670586820506,-8.027726030886537,-17.755929116626508,22.077391618082714,22.077391618082714
6.851671464757221,-3.5329815098901385,-16.470369561904388,18.861433333218052,18.861433333218052
3.498713614530864,0.5963799542587012,4.518411646786262,14.108083189321135,14.108083189321135
3.913117163527744,-8.773649898260727,4.598597879303981,12.034887427186485,12.034887427186485
6.656717707354041,2.1159805184712326,3.1767467197897687,13.224518726219909,11.983877521604095
3.993280196898361,-5.442668190929059,1.4595214608414864,10.521807765140814,10.521807765140814
6.634423037010741,-4.453613548433832,1.9964609322894944,7.650890040141172,7.650890040141172
6.728314714474806,1.0259880951117673,0.9350703667574649,9.49022107250091,9.49022107250091
6.992469028058821,-0.5529509784851498,9.279471108230197,14.203633707099554,14.203633707099554
-2.907585737840197,8.955314563841085,7.382942170257493,24.037727548740683,24.037727548740683
-2.02163305386291,8.76841513766265,7.153524568728578,23.233756574943534,23.233756574943534
0.5455355070657504,-8.147344049669298,5.836807581089111,15.677143389432132,15.319223809805713
-2.12335759145067,3.21388690653853,6.074163222351192,20.501782451503605,20.498050195703467
-0.6320299478559548,-4.163614673151832,6.669235517471705,16.294978231088077,16.294978231088077
-0.5489449424792596,-9.022603717623596,4.8847868486440476,16.382066851574855,16.382066851574855
3.3623118747509935,3.704570260267168,5.633309642691692,17.63035900382924,15.860325453627514
-2.9453820687068166,-5.879668772887525,8.017957116925494,20.226722146496073,19.475463989757348
5.8405251083766245,-5.182950622451461,8.555942536098708,12.418330633977305,12.05964582575223
0.42441489101506136,-9.62802041103676,9.822535588078054,17.709644007946643,17.709644007946643
6.932261870058447,3.3649790651210694,7.7620576042159755,14.879018657482936,14.879018657482936
-1.5124387437096303,9.330785158585364,5.524905322181155,22.962677793317482,22.962677793317482
7.0935365721087535,6.762690801112086,6.8580454154064014,16.038358093526018,16.038358093526018
7.268530928660812,-6.379912989728744,9.637305883997811,12.537545596626419,12.49301274646955
9.581771786874711,5.016864508801326,-12.74148702006535,17.98655901678797,17.378083009626785
13.797230710345943,-1.9298975730365981,-8.017092173538742,8.587223719916091,8.587223719916091
8.290488131432248,-13.567858801768953,-14.327439447966839,19.57557330754761,18.217205991478913
8.002697060317665,0.8445401748339592,-13.638159100598672,16.423284280530552,16.423284280530552
11.04076520103229,-0.609265710467028,-19.40598986961148,23.004775719687075,23.004775719687075
8.8645280418758,-13.644877450904138,-10.747230603931772,15.948818689710397,14.820430893114054
10.222426460246162,-5.09653845880667,-17.882130498406337,19.238038259752397,19.238038259752397
8.399664627668379,-15.355694430968763,-12.451609179014955,17.346920242478674,17.346920242478674
13.100538743747094,-12.781294208602727,-16.981314194339845,18.81420707657187,18.81420707657187
13.36512159340289,-9.88407977339925,-12.777700994051582,13.76752467430717,13.76752467430717
11.644661150462401,-11.687915856103723,-17.162154976675666,18.782806357592563,18.782806357592563
11.43675991027484,-8.74171884391112,-18.860574976954332,20.25018795154536,20.25018795154536
11.98631542666486,-2.048697352762268,-8.9358953340518,9.62368631542036,9.62368631542036
10.356740741696811,2.772015079606831,-9.45354087312631,14.54926388812131,13.569355489497582
13.958373992180732,0.1373639065146719,-19.2816022497379,20.978505899882506,20.978505899882506
13.576132085432405,0.3601422278394928,2.8329434026746085,6.077528859201378,6.077528859201378
13.246046196863553,-1.0267655992922116,5.679919399459969,6.972554935215167,6.972554935215167
10.94522756148831,-7.154540172295469,2.5791088930545847,4.541528452774341,4.541528452774341
13.442592501020698,-11.665954995050498,-5.080231876854464,8.39966755524082,8.39966755524082
9.151298905054066,-17.750085363534176,-1.0279790398041122,15.516832893331083,14.581910624201937
12.087115679695387,-12.269403877448504,1.8339893393550177,7.737368806848904,7.737368806848904
8.552696583346844,-11.922753583467642,-1.4230167997272218,8.923150144584655,8.923150144584655
8.26677993430205,-4.146499237311794,-3.089370121751138,6.568293813677917,6.568293813677917
9.846340076102127,-3.765679445583359,-4.8953572793241396,6.537657140496321,6.537657140496321
12.065200402106342,-11.39462576286256,-6.883164692807133,9.592322154691312,9.592322154691312
12.860507827218086,-7.865195162508343,-4.246940364467031,5.2482652553421705,5.2482652553421705
9.616301220449497,-5.30517700109117,-1.816125893425653,4.75481453398539,4.75481453398539
10.877072322004679,-3.0977196368323305,9.83336332429105,12.183311529231414,11.576859724327802
9.08595392445455,-6.720466261018494,3.7388258118114415,6.409888566812537,6.409888566812537
7.845255209406368,-5.4695063032421665,4.9030790942993185,7.882988279268123,7.882988279268123
8.403008750619165,-6.240925489447884,4.649353046628157,7.381239114687834,7.381239114687834
8.23748424609817,-1.5121326753687185,8.89322279431731,12.943031693447756,12.943031693447756
12.617327461585923,-8.461398839786893,8.380225877529615,9.171763790840858,9.171763790840858
13.453809958000285,-15.744427996039558,8.148608224721265,13.596247875490146,13.596247875490146
12.641219093824311,-6.991262969289638,4.080912014398113,4.7397528029540394,4.7397528029540394
10.82404573319721,4.45105667909101,7.817256157666392,13.08844420437504,13.08844420437504
9.550410450433038,-0.40126072276502,-6.954270716483597,9.450350855801096,9.450350855801096
9.613307665795936,3.071753158716632,1.6320868253649152,9.33059355538255,9.33059355538255
11.703853163269393,4.535481309504004,-6.028685833720555,12.43891765369846,12.43891765369846
8.43387503739799,2.095933669551453,9.653193548602836,13.95074592256109,13.95074592256109
13.650829806466035,-7.2731411406600355,-0.08983457215538238,2.301556151773859,2.301556151773859
13.66098900250389,-3.533815297007685,8.164190555710327,8.301724728612824,8.301724728612824
10.531189422704301,6.811414941937521,-7.938198412773181,15.413035127777446,15.413035127777446
9.786641804667909,7.604706364675309,-9.730402129674953,17.216403102167444,17.216403102167444
9.189570356511325,8.497767377917967,-18.8398572552304,24.410907923653195,24.410907923653195
10.942622518850513,5.581338023935576,-9.055990853347087,14.952101859083562,14.952101859083562
10.85914736708638,5.415698568687056,-18.239461468564507,22.758146243291893,22.758146243291893
11.997827125745665,5.34359828551321,-19.51313527662931,23.688655751677672,23.688655751677672
10.525151979696652,9.162740568863697,-18.993207021268013,25.547131578905503,25.547131578905503
12.801081915516932,9.57710785868499,-11.323227194791832,18.577148467410343,18.577148467410343
13.723715309480482,5.725149565998684,-15.200632542736177,20.85540954458927,20.85540954458927
7.569523936317239,7.974949412155308,-2.514322060216738,16.069368820892404,16.069368820892404
13.023540011233365,8.873854593850787,-5.907620785795906,15.761287613328665,15.761287613328665
8.132981034750628,7.044400343226922,-4.193499006086645,16.752387134488817,16.535504579592956
12.217074804639623,5.987457108907623,5.636123425853363,12.509599109557413,12.509599109557413
8.074146578317631,5.611771985379555,8.416580193666718,15.513018218238457,15.513018218238457
10.129693964479944,7.895581497104089,6.81708123863217,15.271773526287298,15.271773526287298
10.845471776180489,6.032054639297737,-3.715370289380779,14.242496505989532,14.242496505989532
7.571357107315713,8.12562869349729,8.344225830751093,18.024045466870593,17.977213127906758
4.299752390064366,19.573978627447232,-9.591765721494507,33.51867069890994,30.808858261643746
5.2116662908938665,17.738236858356508,-13.638407546871125,29.131596231709295,29.131596231709295
-0.46815052471745844,10.378516204298105,-14.158251081768576,26.729973369290775,26.11320952822861
-0.3028438867429557,10.092375570864114,-13.699608738878428,25.601286616826883,25.601286616826883
2.750118444209999,11.381883253162428,-16.803215589480757,27.2405194858786,27.2405194858786
-4.133951395330371,18.65255920190301,-19.276197554071484,41.9049748295842,36.88781374489939
0.20360194223621164,19.711052283808257,-17.273825107636085,37.49297351392419,34.5880540100387
-0.34304999030658934,17.37503035606565,-17.537987041050105,33.642390545045174,32.87068264054988
-1.934417252523044,17.4428262769149,-18.138332445696435,Inf,33.93684587088272
-3.9605614404728584,11.996606736417831,-19.34993637308147,Inf,32.57608405421607
1.941907137019605,18.42206776004965,-18.736215581605407,Inf,33.45262298441065
3.549324730590257,13.393862803393048,-18.150425139498658,29.190948188853522,29.190948188853522
-1.1612279472479514,11.852138491759654,-13.656482820653979,28.43399518475761,27.55971674780183
-3.448312093639352,17.008085190022996,-11.01819897723808,Inf,32.82539261633075
-3.514908402869736,10.460063875485748,-15.803680135855167,29.650565146819076,29.458704093415584
-2.4477419559399216,14.740845860459245,-9.690649672309064,30.327462265994246,30.327462265994246
-2.0601485259961905,19.837084149800468,-14.072740309990364,Inf,34.15827944002104
3.3062125058760294,13.942621037298657,-16.24491085830182,28.468359571810247,28.468359571810247
0.6717902979992303,12.492092770290967,-12.828608916090891,26.449891428238935,26.22352985176001
4.7651046330586055,10.902902594138062,-15.747921145954393,25.55636968630887,25.55636968630887
-0.06497478783195731,11.35641718601046,-16.642504517310837,28.128441737710556,28.128441737710556
4.355419555442843,11.391060727849531,-16.335180249339185,26.37028886314515,26.37028886314515
3.904964622844666,11.521304797342353,-12.675267846424711,24.15530720192561,24.15530720192561
3.034763180247211,16.49710676911529,-16.36654815640096,30.209918425880353,30.209918425880353
0.6036573667150762,14.873483319598066,-16.69273120293065,30.342046429120686,30.342046429120686
8.340588857387807,9.77784495243948,-18.473237796818243,25.54039491757123,25.54039491757123
8.471873643273433,19.12264462608539,-17.298538847729166,33.01154747085762,31.903334573754474
8.910250493376708,18.52402011441916,-19.547839802098352,33.14132275797729,32.14657682384333
6.322656116204534,15.96009000019098,-18.113607590512455,29.72310904647062,29.72310904647062
11.537117657788968,10.255745184727747,-15.027683759562542,23.358858239191456,22.549698367082478
8.179600778977782,9.964970704545593,-11.362516481625411,20.505358235664577,20.505358235664577
11.41389146084327,18.36000099977072,-11.272769362336295,26.833681056938474,26.833681056938474
11.080533295604774,18.497958678424055,-15.027081761324403,28.38838720426437,28.38838720426437
12.46089156084119,16.716127180767195,-14.952632502864924,28.11955554012244,26.593002086878865
13.778562245557573,11.868104325670743,-14.631676760318681,22.54603864326756,22.54603864326756
12.487093345393532,11.490359635878065,-15.188263871142995,23.606967479602094,22.90122405586162
11.98389216749429,18.137787998848466,-14.468469139392584,27.733872250321923,27.733872250321923
12.235371712565062,19.246831570535164,-10.257851862893057,27.279854642288786,27.279854642288786
12.426915115119769,13.652110057223993,-9.177707361486007,21.58203951943384,21.58203951943384
4.450665847968409,16.57283254619496,3.913943133123567,24.569521211582888,24.569521211582888
-2.025803461236819,12.094606999156518,8.539122133172512,26.814790330253086,26.75899563072983
5.973830169639349,13.824273118391105,1.6039720226350056,21.15828276072725,21.15828276072725
3.9866439650399172,16.20640561384144,-7.151300253055659,27.907396000468935,27.267921459207038
-4.196832869461851,9.627365428634064,-8.00479091056082,26.54315416525872,26.475291320980244
-1.9010400536936984,15.75177279519422,6.088723006773577,29.420075379734495,29.420075379734495
-2.512150219108939,12.674067095835838,-0.5823895795279626,27.111282508681633,27.111282508681633
-4.166137240847663,16.148665216172063,-4.188509183527556,29.80174752157657,29.80174752157657
-2.202795538454385,15.896200757774146,-1.525189370280895,29.33654727216279,29.33654727216279
0.22016121855315873,14.786293774031385,0.04816443655698066,26.824251808566395,26.824251808566395
0.7382356833595161,10.300179468078134,8.311980923370939,23.455743341493807,23.392875261184596
-0.7170541150984988,10.655480429664017,-3.9711790164731475,23.429680785776576,23.429680785776576
5.319830289940111,12.385963045364534,-2.3938664565593797,21.022415593068065,21.022415593068065
-0.6838088656394419,13.413543199364085,0.7030671007725786,27.210495551669787,27.210495551669787
1.6168958570622323,14.980184447943117,6.238038618086065,25.933063939893408,25.933063939893408
9.144722467376425,11.938977083850553,4.045374262945369,19.694140439824913,18.532288425515382
11.77148363273264,11.817727297874534,3.5880723310553293,18.399453018101234,18.399453018101234
8.164267089569233,11.758848098641977,1.8219156480565069,18.139757651297238,18.139757651297238
12.219172931965645,10.495444827416776,-1.5018632493670054,16.278680628460798,16.278680628460798
8.838128829378231,15.887030297260665,3.099910610108747,23.439502538589387,22.513457347481413
6.567279081869728,13.973695692084284,-4.008041542008236,23.267919033665073,22.33200800653225
8.58081219768744,15.664191186658385,1.875723815419768,22.067620910257475,22.067620910257475
12.365185711576139,15.043395355068114,1.8183390604829057,21.492070633191947,21.492070633191947
10.568865268122217,13.769966428549154,-2.6125717045865215,20.110087729529415,20.110087729529415
11.02651031421128,14.861405715558448,-1.6497947459319278,20.807029369916943,20.807029369916943
-0.5587776055113807,11.189153940343477,8.747307012309172,25.078313711642288,25.078313711642288
1.2433606678444704,15.839210723002068,10.004650103963257,28.860722074571832,27.984490937021512
5.670943623451894,17.204259899823256,-5.63112522207275,25.994047215275423,25.994047215275423
-3.0584930163108837,18.87782368928334,-6.626202097711538,Inf,32.38168683855751
-3.9373365611374282,17.855783399542986,-6.334070093927915,Inf,31.663624927816265
4.091965981431862,17.196727511432222,-7.358663982821563,28.534965624935218,28.04383425206192
10.618555051288645,18.503832353511896,-9.515352014281273,26.770813871081607,26.770813871081607
10.595174737576151,18.68743553588503,1.2514931812992884,25.878249471287237,25.072260874145826
1.172528011599372,19.606784306885565,5.238857055774577,29.22853911913233,29.22853911913233
6.011087388192486,17.722204984466373,2.012146487929833,24.48278500001402,24.48278500001402
5.763315619950376,18.329602612615375,5.071670735618472,26.696223013557002,25.853400822426014
5.005771807473593,19.703005258461488,-1.979614728358257,27.49589780788618,27.49589780788618
0.38551523257217113,19.797839083445183,5.163013795475315,29.906776518452787,29.906776518452787
13.578847930789749,19.655843501742993,-2.0379550126736063,25.30239738609717,25.30239738609717
12.852792510442939,12.952390702298942,-3.966148117406007,18.970353331953476,18.970353331953476
13.5862221566544,13.072792042324338,-6.826937803272379,20.08855904951074,20.08855904951074
13.019594835547792,19.141637212252405,1.163018896604953,24.950568908066092,24.950568908066092
13.49587009050068,13.812597133496112,-3.8203527047463552,20.054216875301297,20.054216875301297
-4.786489521579371,-16.7975118568621,16.957659272876796,28.45446624332806,28.4094448985608
-17.83198419082904,-16.932714402335122,17.569082093060914,53.716419582565734,41.26656400897415
-13.711511144142765,-18.77368558521683,16.615176538846903,37.66041821053158,35.533125337430135
-6.848527420181156,-17.685273430473494,10.645528315666493,27.980411702113056,27.94760662335034
-7.63352650378148,-18.217796149943997,17.328764314214105,Inf,30.924349393417856
-11.24198369791614,0.1284877860968514,12.802634161825907,29.786788320530132,29.536441226083273
-10.462048743060324,18.650131553328606,11.262168020403315,Inf,37.94972571552141
-14.533504803817623,-11.819815699829084,10.24770988905783,31.74689015121116,31.74689015121116
-15.940687876548152,-12.218320377681673,10.848653624247238,33.32806172675669,33.32806172675669
-10.83333712772279,-13.501244931749188,10.778971312916859,29.406606987207233,29.406606987207233
-16.810395052998246,-16.00870946704309,12.082287951117351,Inf,36.01805418863485
-15.135263704868516,2.8108695356941666,10.088134024096505,Inf,32.418256224364775
-10.583589621447533,-4.649880132739224,10.049857002777387,27.15761467388532,27.15761467388532
-14.022657532918528,-7.872971559423396,10.577984765133284,31.630204826791555,31.063338741905724
-19.887891561381146,-1.492656549397271,11.699224622623703,Inf,36.617474835435885
-17.163407808511444,-4.857608758729732,10.293368551400839,Inf,33.12914557747408
-14.92579959873944,5.600812944470359,10.918389195709935,Inf,33.46116082610422
-15.893601896980867,19.329486641572906,10.630499020813833,Inf,43.31923877329605
-17.96971420807828,11.136143423681155,11.591566692338287,Inf,40.23675240426188
-16.64767729950035,8.063664736772935,12.524323229254506,Inf,37.761707210778354
-13.890113744206607,3.9438350498669728,11.7746664774924,Inf,32.07062875656838
-11.83344476599049,-4.074440648460982,11.693743700359718,28.676986208283857,28.676986208283857
-10.411622811035786,9.329348490076459,10.308507523995083,33.56472078252591,32.10056863689681
-6.69511351204128,-4.59315956861257,10.087582973288995,23.268541914901622,23.268541914901622
-8.538476461979041,-0.5650438326936609,10.050437776132597,25.616680719821474,25.616680719821474
-9.282040806980483,-1.189266725885581,10.764257486816,26.679204645619198,26.679204645619198
-6.16638886957789,-13.82682978845474,12.766639840553147,25.863109553778482,25.863109553778482
-8.052281645649186,17.701219091327317,12.543562964413475,Inf,35.66027944037998
-8.56552703637691,19.05830360051838,11.522797354405483,Inf,36.74187921420601
-13.468945070745946,5.984780746215968,14.006669715789393,55.822508347493844,33.769335320542396
-18.831947018866337,3.1658335597858596,19.244630769359254,63.83153382717238,63.83153382717238
-14.483668526428737,-12.561975009428759,15.632221552007202,37.59387992005554,34.75066023140107
-16.66238358085579,-2.859907250943756,14.811357656961704,Inf,34.551784777919835
-17.53640744633186,-4.685003596596342,14.1148645964833,Inf,34.90261042121612
-15.146340314428777,-11.557336144736645,15.867294157495792,Inf,35.6306162235449
-19.280158996494976,-4.172445612057851,15.75231518052722,Inf,37.15844600382122
-15.980087252413773,-5.945510233227056,15.789229737852828,Inf,34.79814224162824
-15.773032231625068,11.66192446754927,19.585545954552643,Inf,64.10880055601747
-17.293662455758625,5.6459188381751275,14.217393589828376,Inf,38.0974083600748
-18.359320294542982,4.448109273864738,16.83976733526763,Inf,39.03957461912006
-19.17292281148539,17.907602353416998,15.699331833621024,Inf,46.48381534486492
-18.04487747301679,9.104083324033773,12.871832811283369,Inf,38.5422524506823
-14.20633170591267,9.408926200623586,13.167692439179675,Inf,37.18695184154083
-15.575539781614811,4.289851202614116,16.30754276845589,Inf,36.74243625265831
-15.437709377930098,4.366983978592749,14.170360112545069,Inf,34.953935062605545
-13.88079836335435,15.909958614265506,17.742908076805207,Inf,47.32826660638058
-14.371348048737884,17.260258342566104,16.642227094508385,Inf,43.45556780103995
-17.264447413445588,14.533847081023197,14.60896634831279,Inf,41.98036396993837
-14.719325931346336,12.701811284136141,14.348625411256357,Inf,38.28357995938468
-17.04442042455633,16.82034395863873,16.323679475374043,Inf,43.697974703782066
-13.772019244133338,9.87893742962352,15.28113678020496,Inf,37.874955901078216
-14.316528286435029,15.854174170231651,13.584487417671355,Inf,38.82136526389529
-14.15013563332594,9.346920951337232,19.749878224324135,Inf,42.68242071679768
-19.047707805625464,9.931384587497618,19.746764747343363,Inf,42.6938502375208
-7.956585114569679,-1.8556614889941443,15.933588300203361,29.845850226225586,29.845850226225586
-7.732656049763458,-14.62373005980771,17.22969549709211,30.35655124484129,30.00595094522577
-12.599342114171002,-12.084066884109266,15.389220911325154,36.14635858156255,33.02537466061831
-12.656406488660004,-5.870588162700301,17.08807012224669,Inf,32.55162642861788
-10.772613621536893,-9.566505839990223,15.345482265878054,31.15105554702301,31.15105554702301
-10.698221824080143,-13.686033559284674,16.20169598426977,Inf,31.44647522185082
-7.699622200541443,-15.528226241935705,13.571189170359872,28.05370864101623,28.05370864101623
-7.47113115717565,-11.327169765658667,16.72904121374887,29.127592198607676,28.942396816643488
-7.562415009476107,-5.590284027066357,16.331393039635827,28.989346138926177,27.998466023971027
-6.040181913321625,-5.305586816494445,15.383197564020826,26.30553057263299,26.30553057263299
-11.368203935925028,-5.910535324037269,15.763331965508726,Inf,30.7376368810577
-8.585619868821128,-7.3321662949696,17.687019090516927,31.679065946985148,30.292242550418813
-10.365254072813928,-11.058931837916655,17.86231933425124,Inf,32.191354656299524
-13.000090845132775,18.91978288513522,18.556214487717853,Inf,57.42220666945732
-7.980297774659935,1.9555697973359898,17.092737814031402,Inf,32.66343143777231
-9.594100022447343,11.059264014655525,14.100301465806318,Inf,33.7464345932103
-10.081292590485935,0.8418393797424244,13.976453900841676,30.373481255247494,30.06338788257586
-12.521245015436824,2.794021963101603,12.849782394564158,Inf,31.07653123452209
-13.015405064364147,1.6851540164125183,18.387801942646014,Inf,35.34385509453266
-13.097911720251663,9.96047918510012,15.95362833016761,Inf,37.822540845278986
-11.336765383927041,3.1965783553455225,15.28563437308226,Inf,32.188990090641234
-8.102775958746884,-0.46005503135296166,14.523594698428155,29.38980941375346,29.38980941375346
-10.961150238054733,7.8404357655197,15.094359968096995,Inf,34.24092401613033
-9.921759037476932,6.969136392846078,14.805702378177045,Inf,33.17298091218505
-7.99708214167242,18.055855013289026,13.64296082373508,Inf,36.39336413582866
-12.476361106512073,14.823583767496878,13.615563992217474,Inf,36.950390434485556
-9.176802206266848,14.652827671471783,17.582015448496648,Inf,38.145864048767905
-9.830057183662602,19.831141269735028,18.33361697449027,Inf,41.447628311554865
-8.574415804495343,17.413719619104533,17.10254426196518,Inf,38.4196631732683
-5.551396039758982,6.3447619964544515,13.770100657608715,29.48962309534761,29.48962309534761
-11.689552667839171,9.807668218913925,19.135215317120426,Inf,38.3470009017924
-13.386250543944813,0.8016427747379673,18.607374514048765,Inf,35.54592601689272
-6.956267573129971,19.134811714045405,19.102964472908113,Inf,39.00075433357038
-8.201658823219642,12.9749826035508,19.945908227998913,Inf,37.94479678241982
-0.2614422317221283,15.92249373140315,16.942290457362084,31.91640457420007,31.360468756242554
-1.7428767485962382,-11.743968101722455,15.247089016705083,24.222519994037494,23.922547321283847
11.121197490999172,-4.332582059096639,13.69988767312178,14.444404261019422,14.444404261019422
-1.0013250515741916,-15.428511741517097,11.452440844520027,21.63471101863537,21.63471101863537
1.7157944582730096,-17.25700178180397,11.179821922275323,21.1205189421954,21.1205189421954
-3.9866141994125854,-17.63590734354663,10.582318772883895,26.394616592343134,25.188002459585633
-3.4673847266517583,-17.01251524961237,10.777520161593579,24.642373792774737,24.52007233662793
-2.442329107283534,-18.848609380161967,10.934422220059965,25.381963857946122,24.39424520479555
2.881192707491067,-15.864108064607745,14.268122181976764,22.233599795507075,22.233599795507075
6.913244528016218,-18.59737709752647,12.266347240784569,21.11926234208112,21.11926234208112
7.4509200310131085,10.047193458552172,12.762441788249816,22.68932057039364,21.28292922651656
8.303744836458485,14.110479716599627,11.942794846950953,23.532039266038986,23.532039266038986
7.9108003526984945,-5.704177525599201,10.528612230119254,13.173208683087445,12.839523693390671
-2.782609279388943,-11.777316580814468,11.089643461577879,21.83225640510166,21.772898912338178
1.8757125940901354,-12.605007919429143,10.898431534952849,18.475852040211457,18.475852040211457
5.4727682799999755,-9.033064158289061,12.271062402197558,15.959877088799177,15.959877088799177
-0.1691195515703896,-7.137380246850045,11.493105125497046,19.028329214464737,19.028329214464737
6.641223930604649,10.254641615521596,11.201108280750791,21.002232901169418,21.002232901169418
2.186045148259794,12.404050380377626,10.555828533215799,24.37994127443828,24.37994127443828
-1.2584706290866094,9.851788538247675,10.138401935594636,25.52831531249897,25.52831531249897
7.484461802833302,-2.418641583527137,12.36387423210276,15.906111096667995,15.85357507414177
-2.177241539266504,5.426853529631465,12.699003452971589,25.921474193010955,25.921474193010955
8.244431623560004,10.412118306187335,11.849098420095878,20.733339017633895,20.733339017633895
11.029239404982299,12.484502380504395,10.198604657990913,20.536976339479054,20.536976339479054
10.27382038017813,-14.939422074335713,12.601876137589272,17.58619614559404,17.2513146067108
7.288936294901134,-12.68449322405675,14.015488686419687,18.002531907427077,18.002531907427077
3.751924346019102,8.9808201297189,14.102675681868973,24.319127241722526,23.39109629212656
-2.1765102744606857,-12.153589073306144,13.096588295699647,22.653745323250007,22.594593333838006
-0.6635522637004954,8.925957766991157,12.888971216371118,26.96730930212778,26.96730930212778
-4.474784231969533,7.406523129493259,12.90553165340355,28.854925595527455,28.854925595527455
5.746262694174398,-12.615718478895062,15.234971014885879,19.970197771691783,19.970197771691783
3.3614466397326055,10.263186331846796,13.053528396310547,23.59673547997284,23.59673547997284
7.654464141953312,6.536607159218839,13.58087290745462,19.988809869117237,19.93018799784896
12.999883059960737,3.965523317618853,10.995620587987467,14.269144826773793,14.269144826773793
13.841268280431478,-4.608484052046586,10.201998177334907,11.416986454162508,10.612584623513028
11.6656799816447,1.6335911587360101,13.721882043536944,15.589295538420135,15.589295538420135
13.656004854220953,-4.120664228690805,15.234112381218537,15.395962610806306,15.395962610806306
12.639333965095489,2.7337975837422306,15.013454516623035,17.5454692807928,17.5454692807928
-4.285237721960655,-7.7494710585339455,16.359361562755737,25.982483256228853,25.431261016969465
-4.515193881164787,-12.130943133508998,16.936021534534724,27.149432305939907,26.724411852284092
7.19176440436226,14.40135079271694,19.863437128946096,30.102630639672384,29.66059155717555
7.308964997849667,-11.406618505483506,15.402646616983915,18.454404792599355,18.454404792599355
7.79226158251765,-13.310376050759531,15.286232737533687,18.892194413004887,18.892194413004887
-3.7875694839878378,-14.58570817297864,19.45496907163325,29.283911335208952,29.283911335208952
-4.266988608542341,6.6387005072162,19.83570479312499,33.537511702891294,33.45593647834861
12.247478812373586,-18.071120687489373,17.431418418989054,23.09441040046769,23.09441040046769
-3.184842885236101,-18.51482142781732,19.467807792253765,31.168943956014278,30.496943520465408
10.323894231776354,8.506697639273682,18.248307210463317,23.234893187734244,23.234893187734244
-1.3668421939248532,13.496809667952128,16.290789757693616,30.578339610324676,30.176469235695677
-1.9798663826834968,14.079607331912626,17.807045463910008,Inf,31.701710406839343
-1.4773801280261196,13.91492281718606,16.648755738872218,Inf,30.644790778524303
-3.4137465635045317,7.3453867870747835,17.92490109451316,Inf,31.624080675554854
2.068701315111497,-11.917327649823406,16.814565534362018,22.327770657478794,22.327770657478794
-0.6128788008584181,-17.186004786117444,15.574887899424894,26.094889722976422,25.479270030909365
5.537618681981282,-13.575795331628004,17.301300608788786,21.83112078813328,21.83112078813328
10.798564867008047,-15.908369491322869,16.90631370999565,21.694556518658448,21.694556518658448
6.464387310419426,-7.1027559645204885,17.37181042402318,20.34726450351655,20.306054809266
2.9933328181689163,8.844656796831742,15.453333751962681,24.774881600389246,24.774881600389246
2.552669778113412,13.198888550985629,15.443088442262827,27.58852630227936,27.4674543724473
10.272535000641241,-4.9073260632167415,16.165546581103165,18.573796942924737,17.098874869011784
7.048535775556193,-5.680017430805302,16.321640402013138,18.696422131261265,18.696422131261265
11.570634807541218,10.545167041325357,16.084014761783564,22.708707455599807,22.708707455599807
3.0376478132484124,14.335073701905955,16.400396598983846,28.43118802529968,28.43118802529968
6.545275651992863,5.361740599235681,17.367747392847832,22.897508240245465,22.538332519287867
0.6357787939177868,-3.386295353095967,17.63521711386759,25.128116887064888,24.602539590682166
3.0095436037078187,-14.66337470239214,18.998140881692123,25.071488225047904,24.862269264628942
1.339732324763368,-16.95165720918082,19.642918637606044,27.9766981817785,27.236690461932852
-2.963719412769919,-17.836139248028616,19.740498818463962,Inf,30.47973893655539
3.5773187926563565,2.822782493589564,18.990153053625875,25.315057317847348,25.21448710318594
5.992392607340811,-10.22764643226406,19.84298708870582,23.23352202423252,23.23352202423252
6.615548456706584,1.669587822950156,18.690042287148394,22.673626162071866,22.673626162071866
5.6693160023504845,-7.089425762618964,19.271238343114383,21.9706066588798,21.9706066588798
12.00561673489888,-13.237472632745702,18.341447245605444,23.70902622245598,22.951859052512713
7.339383129600854,-14.589462559590158,18.94336850410619,22.792938342735813,22.792938342735813
10.503031462308911,-2.5311697659440284,19.549896402176905,20.59662480477183,20.59662480477183
12.7003566288776,0.44583615729236925,19.498568702980066,21.576901610062762,21.576901610062762
10.050684488284844,7.830850288511471,19.500580328387535,24.0657189725102,24.0657189725102
11.290191527547204,9.624448415530978,19.782407040671828,25.364813268555032,25.364813268555032
11.758805272786603,14.443136338488038,15.42715772634557,26.167809361815323,26.167809361815323
13.388445320032346,15.177011137903094,16.144989000200056,26.76552548033912,26.76552548033912
6.152189504232357,19.379519924606768,17.455884207451945,31.45580916161873,31.45580916161873
10.483573876315546,18.349923262424042,10.07031319103989,26.42912125383127,26.42912125383127
9.794119310884348,19.937052198387313,11.255883327931588,28.164810804173655,28.164810804173655
-4.024405423454942,18.209287690073744,17.24551992709513,Inf,36.05084141089917
-2.705173175786399,18.46778739126546,19.328379062191843,37.97734707303252,35.985054794357765
9.065390087376493,16.010977289037456,18.04511736948389,29.03304585655819,29.03304585655819
8.447559547356278,18.69164354962421,19.132519696383724,Inf,31.95057203572247
4.718937890654892,16.662208436142237,19.08587824389005,Inf,30.833217084874395
18.48791744709048,-10.1561203988153,-2.881635255514368,7.4182748887326735,7.4182748887326735
15.429575977944424,-15.215956127388353,11.028970502983022,15.395771147095651,15.277854808342456
18.543361544400156,-17.289857585409926,-1.525410568721604,14.679998217006453,14.679998217006453
14.096099682203501,-12.35146162661417,-17.31079809982157,18.840530541992415,18.840530541992415
14.788645687339596,-16.433411970619627,9.349985376357122,14.808902156106495,14.808902156106495
16.98034161206303,-14.902542308639388,-14.032846728706811,18.35907010755395,18.35907010755395
15.64474624769396,-19.306715609544458,-17.445238740250907,24.088378676847384,24.088378676847384
14.303156365086565,-19.4838740237574,-16.62607510845212,24.265063212874264,24.265063212874264
15.662657522295746,-19.673335910632368,-4.887482310671931,16.711345497821203,16.711345497821203
16.563298388473967,-19.452324120666276,-9.611002900672094,17.933514389892274,17.933514389892274
14.884504924351496,-18.19474678884493,-5.437309741454444,15.0953182573504,15.0953182573504
18.024865761384532,-15.800280929906227,-17.958141525402233,22.518986521569268,22.257547080283295
17.65352952014001,-16.906108654423548,-19.03099789670895,23.78576110297106,23.7315963303879
17.33693280518373,-19.825561018075348,1.3596761988215604,16.67859035531042,16.67859035531042
17.830060174178413,-14.318729718423011,8.311972163222503,13.701598193181045,13.384446853573664
17.089662761212125,-14.191294621335677,-19.5376710156524,22.606161523388117,22.284865153171857
17.353703333122,-13.589052511500315,9.06274148215499,13.58479501413155,13.016239710649565
14.479115250079829,-11.483088145051905,4.834775793793227,8.101545549808415,8.101545549808415
17.19912151435299,-11.689665597245291,-15.079887701427683,17.171944161273892,17.171944161273892
17.624409837101034,-11.971924079734935,10.32316750139941,13.079409552934255,13.077767188341507
19.919402197843105,-11.844586630351142,-9.68391129501029,14.571667519098664,14.571667519098664
18.86353379364313,-16.497516701523622,-14.078377222038414,21.058265018405994,20.82735476142673
18.788812234803885,-13.220593837821966,7.837962278181145,12.873492193880292,12.846136943998284
18.90599272379474,-10.861856175456115,-11.434238640755137,15.451369288279581,15.106516691250649
14.821989709285546,-16.384833982518394,16.380031928597006,20.90660546639524,20.90660546639524
19.857986491549454,-15.893612097260972,11.153710179295253,17.49909358818517,16.87016575528686
15.921708901122884,-16.77425348421699,16.540626932485935,21.144583377744354,21.11796414712223
17.124141732836726,-19.16132290127993,13.966948351814104,20.59857672854913,20.59857672854913
18.68167667971356,-11.568275436257967,12.746506688422272,15.327031771885,15.087675828548873
18.19533686703206,-13.815886189966635,15.179413708790861,18.073186287212692,18.073186287212692
14.481555839527182,12.8610406071397,16.31944133307303,24.198612212688737,24.198612212688737
16.361162202799527,11.349441437123254,-5.390531176161515,18.32752227719193,18.08978535097542
15.719132066423917,12.896436179819247,-0.2755305455157675,17.996472151921814,17.996472151921814
15.056233473331908,4.4802489633026426,-0.4901414852717849,9.55149141401342,9.55149141401342
14.279577729068762,1.9848747773473434,-5.22133175586065,8.725190236698177,8.725190236698177
14.18832555393066,-8.201404857396808,-8.922218250518013,9.48105680212411,9.48105680212411
14.053177203340255,8.142021801783645,-5.236117386964443,14.88651601070673,14.88651601070673
14.064167479808262,-3.033405705100492,-6.055217524670509,6.366888553859969,6.366888553859969
15.583985039263226,0.7441112514979942,-4.625615814459687,7.54321843361142,7.54321843361142
16.03715663146434,-3.584441223099013,-17.23854914237392,18.219983005299426,18.219983005299426
14.669324082295859,-8.276188045812152,-14.792364921103358,15.37135170507619,15.37135170507619
14.443473930514436,-7.986224658235175,-1.177979306660415,3.240654576380806,3.240654576380806
15.038644995116286,10.520703932782183,-18.391353113584998,25.50738772014193,25.50738772014193
15.078326546265934,11.580945535300877,-6.885590446903933,18.497207973856554,18.497207973856554
14.716183642385161,11.082847671051226,-16.83471676075051,23.82123718076351,23.82123718076351
14.90487341364934,6.669194993749521,-8.803764608352491,14.655424273021033,14.655424273021033
15.26367663086971,10.274671055335148,-5.325410596812796,17.073843145054127,17.073843145054127
15.537937682779386,0.9617259860559386,-15.668283669153427,16.949775894578075,16.949775894578075
15.418558267234985,1.1138169671665281,-15.806744480506145,17.106119441335288,17.106119441335288
14.251601067680618,4.873193220082001,4.5699428864160225,10.960259121163272,10.960259121163272
15.327515149529773,-5.283239187868736,10.788571607940234,12.354171116809471,11.868960248723559
15.714816892727754,-9.701840371655077,7.6389321028923085,9.132424843857667,9.132424843857667
16.165134092523445,-8.295957056542482,6.338931524370821,7.465466591435641,7.465466591435641
15.755912454337931,-9.891068616571168,6.112824719790861,8.02324166495019,8.02324166495019
15.780768093944957,3.600600783861381,7.468621066346248,12.147990043064574,12.147990043064574
14.690496008816652,10.03285121675395,3.1142124974761813,15.818279263644424,15.818279263644424
15.89200837045258,2.4338059324742645,10.139280905212438,13.206540513440663,13.206540513440663
14.029027495400896,15.622890280845489,10.006048517332236,24.495959958123503,24.495959958123503
15.79534820758694,15.099195690960656,-4.165780028308799,22.0748597311491,22.01940683030997
14.19269098288541,14.17467870309104,4.716717369775367,20.263089085087362,20.263089085087362
14.567732957519901,13.630245776809353,2.627039640785071,19.230225453844078,19.230225453844078
15.71680727908113,18.726202777833116,1.361306612136417,24.051669908611952,24.051669908611952
15.113833329265262,17.26057446392271,-19.65319807996554,30.034520426819753,30.034520426819753
17.338129768592545,6.600162329811361,-4.687310582620752,13.428069566231187,13.428069566231187
17.37741065791866,0.8313634553000426,-1.7902647448013376,6.972571287302125,6.972571287302125
18.80656522651592,-1.4966386205285005,-18.402086095593468,20.125388408285467,20.125388408285467
17.86334057574095,0.6056705558443554,-17.939997145191775,20.599344694035516,20.22009028331678
17.241713833700203,-3.369898610613504,-15.976966343525989,17.379132714970865,17.379132714970865
16.863829238447245,-0.6243291430355846,-17.519511176338778,19.598525998792113,19.598525998792113
17.232717857735487,-0.04539593762582683,-19.21964705851576,21.43202115494391,21.011642009295276
17.01790463435509,-7.799018184740989,-13.468753891106653,14.8512913535985,14.8512913535985
18.503409853295963,-3.8067230894442545,-6.231809964994506,7.78074967672354,7.78074967672354
18.068646628848512,-2.1925823881832045,-2.060267349185267,5.355387995999764,5.355387995999764
18.182421948888923,3.674939073363184,-12.886448811923978,16.685591643381358,16.685591643381358
19.409640743909556,-1.2190739010445313,-11.32165917838,13.562077185551333,13.562077185551333
18.88893235267328,-5.887290908758427,-5.1042825735035,7.1233872066561394,7.1233872066561394
18.692867964488258,3.4959239311912143,14.581687774214302,18.78809528594489,18.183351413053572
17.698940634584723,-3.957858576810356,1.3731897002192994,4.080915401830591,4.080915401830591
17.584733339655273,-10.102392766735786,2.8190774492215027,6.843385326516616,6.843385326516616
17.262037092117104,-8.612356729410884,10.210367920489006,12.325095687545643,11.501717910753772
16.87788695900265,0.164604844741703,14.990793660035074,16.801865610471598,16.705845976631544
17.192831938095445,-3.9169014395174457,8.292643361827395,8.951827310840041,8.951827310840041
16.607522996896904,3.747537692264224,8.451362565375486,13.304590003146352,13.304590003146352
16.576097451802553,3.6504753447542093,7.765563882953863,12.722589357207127,12.722589357207127
19.054890093926133,4.116845238071065,8.740215832546554,14.96715620704011,14.827125328471018
18.94759581817315,-4.830945054389577,6.78572475370774,8.399603823259865,8.399603823259865
19.491794395273715,-6.0466254517457685,6.655392218852583,8.691920162022045,8.691920162022045
19.887991829725912,1.254978691567974,12.600848520095823,16.832628905101895,15.519144732916123
18.92127031211775,-0.5854362901266867,7.426721547390258,9.943010971327181,9.943010971327181
19.46547971377747,-2.881026147589772,8.961278991786685,11.366660229067634,11.366660229067634
19.131568835179287,1.3447834296093149,14.453281177291515,17.232902182299927,17.232902182299927
19.127685188720783,4.988022467397634,13.349760938214828,19.658867512301086,18.078639112310952
18.14635557289799,18.0515141029315,13.751479887892984,31.05180111860422,30.24614131204489
17.70807567536329,9.291626235750606,-18.527661831537678,24.66026802552969,24.66026802552969
17.392487721097268,7.698631982168102,-0.3288645608873786,13.53170289239772,13.53170289239772
16.763135789464776,7.243231453242505,1.2414432420583594,13.231976901616521,13.231976901616521
17.14880869102523,14.912700529096895,-8.934119909177394,22.764531596418045,22.764531596418045
16.839735311679433,16.24373652448665,-3.710578586414506,22.73824060294435,22.73824060294435
16.855212420785364,13.393033507799643,-8.278792573194593,21.12709878387761,21.12709878387761
18.816853798947392,15.0846662581571,13.323797397453461,29.918157825919728,29.321884978647233
19.71044663009156,8.629172695359813,-14.302360981989928,23.083188633862715,22.059984398012073
19.766632355959914,9.50500268073337,-15.753241654174035,23.598227886043855,23.372733445394417
19.62466334876705,8.78494006389447,-8.604586743163347,17.382640105774314,17.382640105774314
17.814218971407186,10.804533964032093,-8.214701243900207,18.687134714220555,18.687134714220555
19.991736214720355,16.23124339923735,-10.603118370196425,25.003406795777604,25.003406795777604
18.10178870175899,15.549666467832502,4.98054767561646,22.439026170315714,22.439026170315714
18.006882411470073,15.41316596709548,-9.299587276496384,23.39749078859947,23.39749078859947
18.312992196529336,19.661748543935403,14.639664423338338,32.1830460351856,31.988297777138136
16.993493072545675,16.02126106845492,15.08112315932184,28.421200746536485,28.421200746536485
19.351163556796152,0.7868016738579868,19.630325177909576,22.09615297788057,22.09615297788057
19.05159430181058,19.572519750100554,19.31317306313312,32.852607446378016,32.852607446378016
15.359716206540156,11.30688709679238,16.447426204645453,23.713011571898882,23.713011571898882
14.628196412258603,-6.880826241382625,17.19969099765421,18.3546156725114,17.98564132633392
18.888826996504314,-4.731918423522101,18.465125742944565,20.8345237064282,20.8345237064282
16.00492974604017,5.432565805961129,17.601923034126692,21.673586146548267,21.2499439945639
14.701182367193866,8.15666696135424,17.35543734153859,22.073462446781644,22.073462446781644
