7.0,-10.0,0.0,0.0,0.0
-4.858953790519589,13.641371523481979,18.557316064580093,38.38452091668501,38.38452091668501
-3.8475469372225213,-6.401286833781956,-13.781778125262072,17.904117384051887,17.904117384051887
0.3094230527420123,6.9242254795219615,-17.266659039007255,32.484469774263296,26.618419360869723
-12.756815626515952,-7.3583024463694535,-16.171181790476208,27.177746519190904,26.102420643616007
-16.534430306387165,-19.879178461293805,-17.23415148133504,35.562413497504075,35.562413497504075
0.05885830937778991,-19.507886415731193,-19.433553036405478,34.32228051261368,24.041778649749
-8.230232525088157,-7.443586753519575,-18.09212263674283,24.13897038090935,24.13897038090935
-1.9052967606405673,-9.321804839239354,-17.76031877811615,Inf,21.487045148833722
-2.024374317727016,-12.43553445790531,-18.143710736967495,Inf,21.35400994987016
-19.284564601820577,-8.979532504889143,-14.641882925017953,32.44573360973549,32.44573360973549
-15.752285322789685,-16.09077630475161,-14.707632011298122,30.942127542334646,30.942127542334646
-14.615034300664691,-17.19743660607903,-14.589626299974219,Inf,31.312503331950893
-15.22286000294402,-17.046328771564685,-16.219912264703467,Inf,32.24298992119786
-16.640777433616556,-11.570499086648871,-14.53981326724982,29.61593541426517,29.61593541426517
-3.6617098218014092,-14.447463331198254,-15.779013283444554,Inf,19.807621741539755
-4.047104653142224,-13.91460663764656,-15.709139229554099,Inf,19.76725648246272
-11.498824618510977,-14.618054867149732,-15.247422909184083,Inf,25.420332531232656
-14.420427360010315,-15.12544899862573,-16.46131951602852,Inf,28.52876520259275
-17.08745549853658,-13.514348795642661,-16.065308216077234,Inf,31.224294998957184
-15.862699735519179,2.6973175361508694,-15.957279930701924,34.6691132424811,34.6691132424811
0.23191994718310127,10.391838013434498,-16.920739644517646,35.97015530858831,35.95235466636116
-10.035589923877728,-6.915890702874812,-18.123613965438594,25.480939383400912,25.480939383400912
-13.546462386225908,-7.014023561064695,-19.510886561057976,29.257231315877508,29.257231315877508
-9.716707706864725,-7.306021450961699,-19.8847954988808,Inf,26.419539506890096
-2.8200617413352376,-0.20596697972908373,-16.160866334272754,24.6196050527207,22.39863724152403
-0.49430814605830165,12.47394141524503,-17.401837507840767,36.87739980955313,36.87739980955313
-4.957591675401325,7.95031644893929,-18.564019117400903,33.38710965134256,33.38710965134256
-19.31952253163857,-4.288823264934454,-17.45200748066445,34.53514679486255,34.53514679486255
-15.25081509302213,3.175763581992676,-17.45886275879566,Inf,34.65425998521673
-5.314556168550002,-3.495518029077786,-18.003640437951063,Inf,23.23513321768956
-11.19988827021344,7.372358593069784,-17.11376287053305,Inf,34.05789971753076
-12.976808022762434,-0.15721831188679758,-16.555162594271387,Inf,28.2175115335357
-6.624387359020147,9.130719983520208,-18.89139013685795,Inf,34.07402771718505
-3.7735443543325147,9.407115363945621,-19.827063407238654,Inf,32.039769336130924
-17.077954111881553,9.700532139753566,-18.719452958042382,Inf,40.58095810754915
-18.07689687129524,12.120549011069912,-17.613834064836755,Inf,42.42979500738679
-4.704252819537054,10.465419731487948,-17.381876657370114,Inf,32.23542131648069
-10.041203054124157,11.125120217682898,-18.263457901603594,Inf,36.00656160915851
-8.105532617943787,7.1568951250519035,-14.80955450518004,32.322879460206266,32.322879460206266
-9.130053854032747,2.8648247205752497,-15.875655636331274,29.067325525271038,29.067325525271038
-15.078986297317076,0.7790660055123411,-14.222235655246163,33.42263363577294,33.42263363577294
-10.53940490443579,-2.0712835845041084,-14.850377103224002,Inf,24.680440230953053
-8.198782183837512,4.103430045664538,-14.470686719317225,Inf,27.816093931652603
-10.136772445952262,7.195640551935057,-14.54730359936426,Inf,30.286686908084196
-5.340523069424403,4.8535792333445045,-14.236011703269558,30.590936440201617,30.266287831617134
-7.129911547819008,0.3978460174240155,-14.174066796425704,25.464277128843513,23.77790254194658
-6.1574948417957565,-1.6066894641647949,-14.890964613549551,Inf,22.410416113314536
3.6876319968758224,-8.625593848602486,-18.53947319651576,25.886584432352052,20.48763082484567
1.4828949286135469,-18.588675294959664,-17.91302136199782,32.04525483196109,22.288278753044864
0.36866759252973935,-13.316142660828856,-19.555149027465887,27.85014712682625,22.040845847232234
2.018464868128369,-10.216227191062481,-16.583898536553285,25.023774453501442,18.459677754554438
1.7877704697306456,-18.427069704373125,-15.505629306810684,Inf,19.877552813699655
6.653882217879268,-15.40371447237355,-17.043703008327505,Inf,18.708803925053896
6.61995796706373,-2.9035540909335396,-17.94960926980106,22.899732865725326,20.480529942565653
4.782050109347004,-7.315236482870349,-18.55306284677752,25.30370473861353,20.05100923944557
0.6320328529379253,-4.336623912152193,-18.573463018406635,24.780868956673693,21.1369277787078
1.3337385183840738,6.582987769507753,-18.338113642631313,Inf,28.13949802928778
5.294877234191738,-2.2026841507816215,-19.37774082737109,Inf,22.0993726726508
3.291297574598957,-6.1577200710084234,-17.763283469493985,24.332732279505247,20.076995345047266
0.47454265692432784,1.1450770035196527,-17.08729908469822,Inf,22.825156120906488
0.9663317881228828,4.177922062524999,-17.155222794316735,Inf,25.32451448815086
2.6646307333474724,11.292340625311041,-13.979993182581856,Inf,26.18822607738111
4.303992224282432,11.239225442159324,-14.979647352565557,31.36240070470124,26.28354977475378
4.637610153445706,-4.706626623633303,-16.54339521026216,22.007574840107296,19.49305421356512
5.780548128744254,-5.324348671081971,-16.34599313869397,Inf,17.84356988027058
2.3386402720201183,-6.239620807511104,1.6725791245526551,6.218218966297781,6.218218966297781
-14.302722342222687,-5.871762924719732,11.911544047567844,25.76065156245595,25.278404140804888
-16.045435439711948,-8.084425942913844,4.488152536008219,25.00490698856651,25.00490698856651
1.7365201669366144,-12.289031844493437,-10.596751582439357,12.920601219076548,12.920601219076548
-5.644752779785698,-15.879933928265606,-10.829425270939659,23.82389014103559,19.009404633902182
-6.66108116676889,-17.339584091892483,-6.201728822133914,18.866161183876564,18.116543295235054
-4.353686409956374,-16.106175082518863,-12.888038763798653,26.046140918121964,19.102147904545134
-4.621219074416318,-18.30521594962315,-10.120307652995875,18.194899853268424,18.194899853268424
-17.755921110814263,-17.681942516467757,-8.970567785777419,Inf,30.319399896318004
-10.35528088054412,-17.572475168854893,-6.925373705163658,Inf,21.882227911826156
1.6134138260938542,-18.129614594593065,-10.897266621463801,15.256309861721032,15.256309861721032
-1.4391136783431264,-16.193852528431094,-10.109779834425163,15.529416237164927,15.529416237164927
-8.754579853766327,-18.18184565000628,-2.580744796104284,19.11418324750042,19.0043425519504
-17.01577579122055,-17.85015505504136,-6.094579725960196,28.09774673211352,26.785033862516308
-8.80680339658979,-19.700796059290944,4.0397178684156465,Inf,19.506454260307592
-14.790879191785216,-19.191478735562903,-3.701938644482645,Inf,24.60779420617108
-11.913175244923835,-17.156610863094848,-2.1213579644258544,Inf,20.819533123001897
-12.53718081138186,-16.33098530733757,-5.169814928407188,Inf,22.34475054703637
-17.620234150027816,-16.393607808294554,4.202348719415674,Inf,26.51090024909545
-8.608667072679292,-18.869191483733026,-6.018322772802316,Inf,21.349390414738163
-8.091691899585447,-19.25668991513625,-3.4331826188276864,Inf,18.71164899061953
-6.73076225373098,-18.596911343805207,-5.455318984200366,Inf,17.97436665877011
-8.671890092371468,-17.1455165449966,-4.760161371035236,Inf,19.106576157002912
0.6378080835782818,-16.82254801036775,-1.5788493680896138,9.461364207252133,9.461364207252133
-2.2336343642196788,-16.59493951036748,4.1622848939121155,12.235421410269076,12.235421410269076
-1.9453301559777536,-7.527810194899391,-4.2502710528181264,11.838441353927674,11.594739296743423
-17.099621806639924,-9.416501959086023,-7.7187194758566235,27.62445024206707,27.62445024206707
-19.129770184151795,-15.822188011255554,-7.011536939871901,Inf,29.208645162629843
-11.735411142516297,-8.22968315270928,-13.643267025561618,26.002303609680563,23.92004507578876
-8.626316686582625,-11.591990787032813,-7.459574495843722,18.872490037702768,18.545004631921785
-11.88506614535691,-15.351648470895531,-7.567636393756905,23.849050226092967,23.7516711857529
-12.680069077359848,-11.626408172776932,-11.721697275137144,24.754648110038584,24.416110487030323
-14.559788275956409,-14.411924199190453,-11.226712819938669,Inf,26.445431388576534
-1.2814847076869569,-14.43396636821988,-11.808781543267717,15.790164327509487,15.790164327509487
-7.804346256940109,-15.115120068784798,-11.663257010278052,Inf,20.356003144494963
-5.43399149103192,-15.025037923034326,-12.723850422859257,Inf,19.17492654454881
-8.109135679854322,-14.42667477966638,-8.980198824760874,Inf,19.16379638656945
-5.112554016711099,-10.075425927291963,-11.38700823706376,16.684044341997566,16.684044341997566
1.2907891437688974,-10.713684304874151,-8.130206811415848,9.96015545482717,9.96015545482717
-1.6527887738273428,-10.86659446604159,-6.943784019854791,11.514902841221629,11.514902841221629
0.6689576195710956,-15.64534349758036,-6.402043594371447,11.600564855866068,11.600564855866068
-14.957468119857165,-6.428094094066372,-11.123013115325087,Inf,27.82626522169033
-11.473260301408681,-7.568309348208722,-13.677609689764338,Inf,23.894527890028126
-11.487286623621458,-6.521450600405885,-6.318588007637018,Inf,21.065152890930477
-2.603725132815484,-7.190010037970405,-4.820044970203732,12.6327921242712,12.250141418910397
-16.95458174293882,-13.698130229214476,1.158463872222562,25.642148890329658,24.40458232617263
-17.009757833632122,-14.181944756761311,3.6643260910290394,Inf,25.21232398435935
-19.638435620188215,-14.54991000867631,0.7925686207261222,Inf,27.12507540748372
-17.537198739893263,-10.671623819209453,-1.3717383095810902,Inf,25.666438373665976
-0.058040680615249585,-9.017996503041026,3.8719275725525364,8.109999521846596,8.109999521846596
-10.738783006257924,-11.405106350562164,3.3937379968437043,18.649970198734717,18.39959523305881
-2.3054121720793397,-11.245663326357676,-0.4094188875723219,9.397339870432258,9.397339870432258
-10.579931196881391,-13.365337059517772,0.4633683853314068,17.983517101924903,17.983517101924903
-8.86579842186281,-14.987849239215496,-1.5856409046381081,17.041038018983773,17.041038018983773
-15.054719548500923,-15.10201994870382,-2.2117703309871644,Inf,23.26259873324132
-4.868728516865843,-14.327633878784,-0.033162025246227245,13.423591526243175,13.423591526243175
-14.472286522537985,-15.71143312797565,2.137363928765801,Inf,22.826745139405585
1.3086572825560268,-15.744272729451145,1.1342427114820808,8.165449016818908,8.165449016818908
-2.000753949024194,-9.679678072439604,0.44509077620286064,9.017443295480794,9.017443295480794
0.48196513912080974,-9.579749259773829,-0.11473919399443133,6.532576384163874,6.532576384163874
-11.08763889403992,-13.281246960465412,4.48190348086267,Inf,20.596344681489043
-3.7723493881884522,-6.030938373046499,0.2480241311779423,12.496522870600197,12.084589355791296
-4.161007743872727,-6.316339983437587,-1.79005685468411,12.449816159710366,12.449816159710366
-11.988723086068163,-6.3676582998060915,1.2302004023268331,Inf,20.778240523351613
-12.929722234126766,-6.86149024516455,3.6301015976657425,Inf,21.5592520316418
2.029430248255217,-6.319344367748059,-10.63710251921349,12.8381496843959,12.8381496843959
1.99076016258676,-15.65516494461237,1.0431949754051146,7.626377256352516,7.626377256352516
1.757223669273344,-9.353103373767429,-5.141523454016692,7.371596999786578,7.371596999786578
-19.778564491223854,-16.26961225968082,15.156468403379634,34.69748272142145,34.18407923491495
-1.5185838547698793,-15.828195150041156,7.940871011264967,13.747269006597453,13.170155842202288
-6.649457436735,-18.162666830946968,18.096874768282525,26.35182567895374,24.281847976105674
-7.82336261204196,-19.202348178595365,15.135615359973151,24.948740989967995,24.066492438079706
-11.62500701911954,-17.198694375939063,14.236982693465556,25.926407226388868,25.125015400682244
-10.828801567068105,-19.759787808556375,13.238736113331413,Inf,25.32517627059707
-9.087816586504038,-18.58752491173651,6.935182898914238,Inf,19.89304335602826
-18.003705149648965,-18.336659258861552,8.010422624612517,Inf,29.861311670451187
-14.619608502368093,-17.676054848603037,15.962978943016672,Inf,29.081548826254178
-16.813397531985057,-17.243540175388937,13.933121669126642,Inf,30.043626722915917
-7.4508507039069904,-18.04754049579838,13.878452325610631,Inf,21.85186970511969
-3.933759007453766,-18.34691927318291,11.54856596215808,Inf,18.18936943452305
-0.08627128219462321,-19.868102718160017,5.209646952555715,13.364785258076008,13.364785258076008
-1.6232766358163104,-18.71368382696791,14.905037395725103,Inf,19.576065474357193
-5.684913214595699,-16.35934661516142,14.505460909482565,Inf,20.66737140984426
0.2867850676695838,-17.32095034603976,5.457071368521625,11.342912205904714,11.342912205904714
0.7940239383766468,-16.928980477883037,18.079458850821567,Inf,21.07569133989885
-4.455087833201281,-16.697852646094653,18.602596598012624,Inf,23.282632730625007
-3.714231316477907,-12.77683144529746,11.215778892396308,17.13378599410251,15.812430143713808
-11.285811606712715,-15.739205646566505,7.768527696535283,23.516422465735197,21.679800877233436
-19.6255051442375,-12.348713347334899,6.929916245139651,28.26083806411171,28.26083806411171
-14.387503160564208,-6.962559250321547,4.909850338068029,24.59538693211093,23.667380972087564
-16.687816096705035,-9.703789612744869,8.328108074649244,Inf,26.564101952651544
-19.07324065974164,-11.792867477374864,10.346327090757423,Inf,30.322785853620882
-19.410369027383823,-6.218310662138045,6.049358896340323,Inf,28.036037041445176
-12.371051535702415,-8.883080685599776,6.941628478708253,Inf,20.911054677120283
-12.724001229127895,-6.361635830292425,5.533165011617847,Inf,21.328242130745746
-3.268779419993166,-8.458465621451472,5.2237682527057245,11.638369015608767,11.638369015608767
-6.176839089349455,-11.94752532473447,10.173930011447254,17.36943081235768,16.90671943816605
1.878833300331813,-15.792328734897119,7.361033766488543,10.760676637966041,10.760676637966041
-6.723948353247131,-9.656432145485896,7.281896507046195,15.62463945359372,15.62463945359372
0.9951187755014956,-9.732817503125384,8.950457159462111,11.663339171419345,11.663339171419345
1.2024586033194566,-11.809921550739215,5.311194080908841,8.068214476024787,8.068214476024787
-9.728296841125932,-11.053743226515511,6.162126901562132,Inf,18.662708708074405
-6.594272815656721,-14.220587024777211,8.210502410658673,16.72883325520713,16.72883325520713
-4.764890279874354,-11.841581751973997,6.57054713934923,14.167085288552284,14.167085288552284
-6.125401111857771,-10.456610400718152,9.372460928713295,16.424946289651807,16.424946289651807
-10.785446060309791,-13.510007000208839,9.272849611448386,Inf,20.97393282357136
2.1274725486811903,-12.5924664576692,10.630199773251139,12.353598709767034,12.353598709767034
-5.50790716830778,-13.539386394779545,12.265856716540569,18.587265828867295,17.885922447402315
-11.680221333312941,-12.852204451283882,16.314495272048298,25.831657082444934,25.632917801979364
-15.576372845197008,-14.073218012833255,14.638105453538529,Inf,30.046663778431476
-6.922308895299922,-14.199425530351704,14.338792459695384,Inf,20.4807724432699
-19.41603412986778,-13.196910695075008,18.46709617071933,Inf,33.670038719746465
-8.312154305259378,-15.587708431750453,17.899669966184526,Inf,24.39825131177933
-11.274762283708606,-13.209657246344122,14.870219787109889,Inf,23.952067941975105
-13.240281267834098,-7.4118056971574475,13.402079320915881,26.36309057426807,24.841883088295525
-10.834519249686476,-6.4404699017670275,12.08993328629731,Inf,22.720865487078765
-17.40408467756872,-11.432039265555343,11.711849282684774,Inf,28.299127427719327
-15.256961085945111,-10.181557145835214,17.702986621895562,30.339497680078765,30.339497680078765
-17.6819076171753,-7.5728921177047415,13.499184815026595,Inf,29.287490239071815
-18.313379155883787,-6.0101118159420786,16.622838863543947,Inf,31.012325531897165
-6.7511998471960855,-9.062032061870404,17.38552856952594,Inf,23.572397012565148
-13.225449930909932,-10.071470872468442,14.97082777955336,Inf,25.474848890549197
-9.027361754383287,-9.476992489933327,17.77040183036594,Inf,24.87230729743355
-15.103025425895584,-7.606481940762357,15.975012052327102,Inf,28.024287443273614
-6.043933928112741,-6.022834247002988,15.857824564400957,Inf,22.217697553352142
-10.827052107632689,-7.452992739229227,17.673480882202675,Inf,26.809676953001087
0.585824969470039,-11.984367820604529,17.987817060681493,21.063194905771443,19.89554761964315
-3.081121162677583,-15.06077384702655,13.210798508894186,17.482693244743324,17.482693244743324
0.12905208438780846,-12.887668423956189,17.084288651235404,Inf,19.116445136969595
0.44814054290084115,-6.297500154215561,16.9231382177436,Inf,19.426472601620553
-2.2579343969136367,-8.04038496342275,11.565506525580744,16.14906529476643,16.14906529476643
1.162426787457747,-9.055953840924555,13.233191799890385,15.359028505797635,15.359028505797635
0.47607500433098693,-6.716490435892881,18.15566123434384,Inf,20.34382941142345
1.6920223052007444,-10.927396731621881,18.168904021248096,Inf,19.564915679123278
-15.910206495556967,-2.415139684848082,11.668668624528156,28.17970355145464,28.17970355145464
-5.534890526246761,7.9974526120652385,7.5429118231673975,25.124155564285296,25.124155564285296
-18.84068770979671,1.9883525644881495,-1.3686178694855222,30.783912361114293,30.723296064458438
-15.727899896337645,-1.2701356238480628,6.3107344816641415,26.120356303351954,26.120356303351954
-12.129181935940379,-0.14795277286322062,-9.99290792403638,32.00436048069662,25.494784975147084
-13.218481150875121,-0.5767765849116913,-0.00961013331048477,24.456511933508555,22.918946848565074
-19.466731721341066,-3.03298371790671,-13.567417646298141,35.31813722973687,35.31813722973687
-19.388908337293653,-4.647951277501559,-6.415732747222904,Inf,33.072172962366615
-13.949359692676184,-3.528350736458812,-5.856426439301519,Inf,24.17925701929007
-16.078834007482428,-5.679908609279165,5.593339574128315,Inf,25.490386502948276
-13.016884701666074,-2.162844295975397,-1.372898902772988,Inf,22.240224929224787
-17.844746130320797,-2.0444248584209106,1.506207281395497,Inf,27.79955596169288
-17.831505992421917,-0.7982002804436128,5.302059414957256,Inf,27.690581266094142
-19.677333520842247,-0.042137083000419295,-8.135321425122042,37.35568200868609,37.35568200868609
-12.483133171878569,0.6557961395109402,-12.133377074873897,Inf,27.25678959477634
-16.306470309376266,0.8139500002890117,-6.958416928910838,Inf,28.686433823187226
-17.739816117018172,1.332329256219083,5.674915188929653,Inf,28.987995770557824
-15.982515219323954,1.9140091939498483,3.7540835082407398,Inf,27.821445694855356
-6.73183564087851,-4.294510926909707,6.265565561739468,16.629410181207653,16.629410181207653
-5.890748496785454,-5.034741991930467,0.7561461951486521,14.585681053602048,14.408299304063831
-5.550104432025291,-4.741377223567289,-13.536370423749382,Inf,19.587904098692377
-10.619976031222604,-5.208926264646774,-2.114667440113813,Inf,19.01106668942881
-7.427379009785868,-5.303425896584706,-3.4583844693180055,17.007246900648795,16.125523277564
-6.052770598267347,-4.750888551692896,3.355033974258454,14.905149059535024,14.905149059535024
-9.518694469890754,-5.0967266402048494,5.747840294724149,Inf,18.75436357815551
-5.725971964715271,-4.352232088943513,1.605671084065527,14.501013385439197,14.501013385439197
-6.92917773894651,-1.983253138604539,-1.1747421829055256,18.343106959917737,17.2637690801363
-6.798850664800291,1.9454108754513229,-13.312824915977695,Inf,24.569277247849975
-10.367693628130121,-1.3317960083246483,-2.9278188535321448,Inf,20.491155020353993
-10.189897699966828,-2.1814030762758208,-8.447921254242932,Inf,22.33780764897721
-7.542002128798169,-0.8499190238382504,-9.977873040558958,Inf,21.79195819490782
-8.221407512426913,-0.6428844556977786,-13.41186442575049,Inf,23.209004399126716
-5.698861752789766,-2.6094053446713694,-12.80427855959835,Inf,20.23045690540094
-12.047491960792795,-4.086264906041883,4.371976625742057,21.48252880431528,21.02173153352194
-11.993901300563392,-4.159419675057414,4.351806353097658,Inf,20.958282514945527
-11.655729533217709,0.5886460006185175,5.956942749620595,Inf,23.070546008696407
-11.031263340307484,-3.369758398890408,5.284890522021854,Inf,20.420333261034717
-5.8291836653355045,-1.1110015328728835,8.99942270703395,19.142527011852202,19.142527011852202
-12.03447962437842,-5.230656763033137,9.590658412706354,22.95796805087987,22.912959675333134
-13.141174151482558,0.492746643399844,8.109062481408039,24.838912972535866,24.838912972535866
-8.351941441056505,-0.0317061068584934,7.368352740443449,Inf,20.708117775706683
-13.769265253295497,-1.84658029118971,7.067564264600968,Inf,23.947393105667363
-18.357598868909577,-4.1612743532679985,10.24645706802934,Inf,29.359314272715967
-6.397248820393635,-3.6890908339996358,11.619975862499139,Inf,20.208417349194903
-15.44690083723017,1.4225582219527766,11.284997207866788,Inf,28.87221019784748
-15.062934371326193,6.27146626504242,-9.06590385686802,38.12903403825506,38.12903403825506
-17.238868925126862,12.30779435052527,-9.50649438270494,42.93985732168402,42.36153940865928
-18.02066884781236,3.8740949950000143,-11.455202838138181,Inf,38.51077389372673
-6.590863812983017,5.55184668827339,-13.729142022918754,Inf,30.665455209781314
-15.22270761911174,2.271412340542838,-9.536499998705033,Inf,30.15223200497244
-5.919970767117331,3.5471123427417623,-10.347730069351533,Inf,23.306028463074306
-11.136970910353421,11.776049214267815,-11.402226161813651,Inf,35.58023196843206
-10.746619329437328,11.83998936708668,-12.638521402525917,Inf,35.44002087104989
-16.841644520333308,13.571542734102458,-13.226639411170531,Inf,41.80347055911786
-9.597889074845662,8.025041842415401,-12.95338705372413,Inf,29.659640349441016
-7.64816157368073,8.670348205047649,-13.578118997943687,Inf,29.604409349832277
-17.694055483273647,8.402027811953232,-7.524973019509096,38.53660466377896,38.53660466377896
-18.523079418363338,4.549534753850601,-0.6771608299298464,30.63587588527816,30.545189765896993
-19.054683910395227,3.0614715970900335,8.057142150533984,Inf,31.286442831111483
-19.981514346939537,6.374981586412183,3.4173748999600946,32.49396597539993,32.49396597539993
-18.073894065401586,8.393506591288713,0.7907870097123038,31.75016165438329,31.75016165438329
-18.890610288157408,6.155899357089556,1.2529507911715427,Inf,31.188468850836944
-18.523811383577737,4.681705568729431,-8.162739693596395,Inf,33.304499207964994
-13.739382635186752,2.2264496883184677,-8.983206490869486,33.87218224866308,33.87218224866308
-10.663017801394838,11.90830221532071,-0.38931850310209626,30.797494745008972,30.797494745008972
-12.16632132423376,7.218643405679018,-8.99505990009911,35.39960867236992,35.39960867236992
-12.976045956589113,10.893933086698855,-4.619177188924848,35.724029884217124,35.724029884217124
-13.306820674359257,8.87308362236596,-6.772353012884338,Inf,34.844354954167386
-13.542701577256215,10.76246839209847,-8.66981304563585,Inf,36.714719367477244
-17.583852262413203,2.4324363235229463,-8.71449579048976,Inf,31.18156299303658
-13.263500247431388,7.029421781984393,-0.4390389516876354,Inf,27.28423394294573
-12.301240787046073,4.971816090850567,-5.322621900777982,Inf,26.820919004899302
-12.436720611457144,3.1869728972195155,-4.344678319244046,Inf,25.137978055244204
-17.211230413735386,13.114375437566906,-8.127775065879757,Inf,36.734452942334265
-10.807372014396872,13.552853404505782,-8.318533628183573,Inf,36.53297380925346
-7.105479437674456,11.975634920867797,-3.235323787819766,Inf,29.038909693820187
-9.771140503276676,10.994666952477907,-8.59297145413378,Inf,32.96931855951486
-7.3526290008632955,4.805172874681283,-0.6744482414033115,Inf,21.602313007633313
-9.784533031744385,4.5374328386461755,-3.0226531413465523,Inf,23.384007159979234
-11.93329732168455,2.980097859145829,1.4412061857145453,23.53828199289893,23.53828199289893
-14.25243609175526,11.169893914493898,6.233770603546198,33.30658981780422,33.30658981780422
-15.109777756441893,3.0134325582999395,2.2988730365709102,Inf,26.775153684210867
-15.715528159639467,6.137020585783404,1.2888859546846554,Inf,28.415702576794406
-17.15271778736467,2.4798289509057803,1.3044331462477814,Inf,28.07139918255506
-14.65579211614914,4.326047750376738,8.21259617144431,Inf,28.367386548111018
-13.588653898914282,11.674254745540253,3.4252996843245427,Inf,30.823450419896332
-16.60354145307668,11.924616760786677,2.2572127802363617,Inf,33.335937022819614
-12.002455755897312,11.608233488589814,2.062926785215069,Inf,29.412332859033214
-12.386510481206416,13.100002222430348,10.664078285995622,Inf,33.85346098683546
-8.400970901682161,7.588302181952933,10.505449955496964,28.338183202953026,28.338183202953026
-9.364094688740439,2.252797908967974,0.9520985133862503,20.963097749020427,20.963097749020427
-7.1142882631265,7.119942637602996,-0.08625415965534344,Inf,23.251469442017083
-8.080331619259784,7.482506033018488,1.8023774223165034,Inf,23.713861945590153
-9.24158064697215,6.669310897094576,9.533617933762741,Inf,26.60623288279623
-10.916735320072402,2.510850709933578,1.2988973444486902,Inf,22.43532134040563
-8.591103128558082,4.19909890163769,6.371313656767363,Inf,22.45506634718503
-6.602625139607872,2.9101310824596105,4.575116513739932,Inf,19.847367935116374
-8.985696081215018,13.55577509551108,3.018261466592893,Inf,33.078743464197466
-10.101907910009515,9.64083354635834,0.3241288108089364,Inf,27.019972547428104
-5.994453463430878,10.955550727498586,2.084246574668491,Inf,27.7749427561464
-2.857369195994835,6.253617166238612,-4.236424040424556,24.20662537832751,20.360495682691983
-3.042814674182832,-4.161755927056561,10.12446670879875,16.570862005943937,16.570862005943937
-0.8484318266111686,-1.6712075510470292,4.818079598337803,12.615249642657972,12.615249642657972
-4.231914308303546,-0.06604713995756128,1.9755244204390792,15.239137720727538,15.239137720727538
-3.5694865890629757,-3.843860202626974,-3.4476315178219963,14.39514925246587,14.305790367062396
-3.641183796722167,-1.744229008354658,-5.4045920785169965,15.714864089495155,15.714864089495155
-3.7767185711080913,-5.864041862788412,-10.178611789485927,15.628129313451517,15.628129313451517
-4.602523792446771,-3.4068079500542936,-10.76122681351146,Inf,18.285081144347426
-4.980170699402535,-4.151221725792116,0.44878627410555083,13.926920134506778,13.926920134506778
-3.266622568504161,0.18290339399560196,-10.722292213887812,Inf,21.224725784157
-4.799976624521811,0.14475946384584049,-5.653675591069742,Inf,17.94491360959373
-3.57778707229582,0.17695633924730458,-3.7569288503635008,15.763205921015363,15.763205921015363
-3.279332034706588,6.073694097723887,8.353279329373251,Inf,21.46908578916339
0.578850254250149,4.409416184636761,-8.685183375288643,Inf,19.040237170837244
0.6476242972153123,-2.68825980282039,5.485781351767454,11.696559156384446,11.696559156384446
2.115647006080927,-0.4011503930543654,-0.29570464736287505,11.165600862783563,11.165600862783563
1.9366228451306888,-0.8348127182934277,9.9768257790694,16.12321797042486,16.12321797042486
0.05164140122906957,-0.04994013216208515,10.51769033277185,17.711005645136023,17.370535637290935
-2.447408127113853,7.985042132981608,-10.607083405696835,30.821094460709737,24.024276064801793
-2.8495912274056394,10.748303989552923,-13.380656464772969,34.75683770032474,34.75683770032474
-3.4303965633654343,13.295332456898912,-11.291549878801126,34.19105902244591,34.19105902244591
-1.6658316787485745,12.5749492094561,-12.987625038251469,Inf,31.295679861261355
-1.9174615041479903,8.039280736470271,-12.310035692536792,Inf,24.540478635909118
-3.032554540601751,10.18502306481226,11.293298544454913,30.135397968120447,30.135397968120447
-3.67997956464448,12.110273583788938,2.522273591620163,31.024157354900392,27.859946402273884
-4.27866233103857,9.615207775627496,11.597123428799314,Inf,28.31127689580039
0.6319041921038782,11.549922150370435,6.536433802303314,26.23446986874128,26.23446986874128
1.4454352639866102,10.18560961782379,4.724087183218959,Inf,23.46295739281814
-1.3180696800199954,11.120421346721365,0.8498120407998826,Inf,23.910782043589165
0.8716245985547211,8.828965787057435,1.467073813561015,Inf,20.64452613683685
-0.1602084349066324,7.4342850828341795,10.981082809837499,Inf,23.935938228017832
1.7035954071242259,11.884483528888143,-7.0610779690111425,31.98401079511139,24.905433154136702
-2.046702457989362,11.582881999589006,-1.5166728765496984,Inf,26.139218031801125
-7.715701326589857,3.066594736026815,11.865178198849613,25.352376651284835,24.548432487442845
-17.507165018209136,-0.7484904235786161,19.329608499696704,35.32851727015533,35.32851727015533
-7.906487447924819,-3.0162424999377,11.74543458016391,21.316088785440023,21.316088785440023
-18.05338381539638,-2.4592697888791264,15.048623701743239,Inf,31.241108195606696
-19.20381191289689,-5.2663362637500555,16.669392075245646,Inf,31.972245595131657
-18.485906311870444,-2.586795526283723,16.02576394372467,Inf,32.00275126797182
-13.633434007315817,-4.199384992721438,14.857591962440921,Inf,27.25035993322396
-17.104495969109202,-1.2091999969623402,14.17252912638196,Inf,30.842065519881565
-9.241367662225892,-4.0900644534880115,12.498451367624057,Inf,23.1874607571912
-10.124070620243515,-1.8748741076368773,15.528438800683261,Inf,25.767433573624945
-18.096765190154535,5.502900562690549,13.182720370980476,33.52231836546615,33.52231836546615
-17.630031582889252,5.338620696102208,12.643889579969219,Inf,32.8512155871401
-12.077919111075506,12.00584919457765,17.217234794459515,37.17462623552207,37.17462623552207
-14.657259446795416,8.152376099423364,14.65368388494828,33.59421411060112,33.59421411060112
-18.12101902647065,2.682936832344005,19.267433050600445,37.59348584259204,37.59348584259204
-14.890804113542204,11.733286440347133,16.893130405826994,37.8241766046401,37.8241766046401
-17.489001272981348,8.896820504834562,16.0608671696245,36.84277133490717,36.84277133490717
-16.4073207878063,10.956836787760096,13.486546385061935,Inf,35.845083101853774
-14.578940786526768,9.222997491856006,17.005140799061266,Inf,36.136835298711475
-11.001078769562476,12.89914183677763,14.683622799298107,35.578535893019236,35.578535893019236
-11.901186616359851,8.81442280583559,19.765811000956795,38.31361144067079,38.31361144067079
-9.293845896786257,6.5216315503409845,19.683756509606795,Inf,32.53537909860659
-10.438738082960901,2.42314931763935,18.653819912312073,Inf,29.796064744332448
-10.312067279519903,2.569930801482787,17.147488127826435,Inf,28.946418764066124
-8.91949859647049,4.256363964699794,17.115513020472335,Inf,29.138636628937608
-8.830024687744213,12.427974861992091,14.095746111960203,Inf,33.69311546416481
-8.307527040115872,9.83749290255058,17.397780542162728,Inf,32.40347569372498
-5.103328187330813,-5.071220704574433,16.48202279311306,23.31559042780148,22.55877156163052
-4.363499689241328,-5.616132537309708,17.017032728665555,Inf,22.475955760760783
-2.280172832503915,9.62129725369996,15.237012643887098,33.63469292249765,33.63469292249765
-3.4074529061486487,3.2160883851851096,13.186927469178904,Inf,23.166012757306692
-7.512903322693845,13.39376940208286,14.478766368469849,Inf,34.131866027811924
-4.264038493992484,4.543373194407245,13.47923694535119,Inf,24.6747961799338
-6.71342031826482,0.4402218287067683,15.156180660216052,Inf,24.314871971575087
-7.663060623748557,1.1274049694184356,13.541608574142423,Inf,24.38103192414438
-5.589795455713293,10.469408976062489,14.037608492639862,Inf,30.772936092385056
-6.134726757178042,12.173727923325558,13.611100295616538,Inf,32.002795087845286
-0.1594101753270749,8.259755871430457,14.868905704442177,Inf,26.280517849968284
0.5848803744448006,8.563590914648643,14.46615766003216,Inf,26.161455007629606
-3.131999937395811,9.180371814212052,14.419990477849545,Inf,27.791686760428384
-0.1451616288907509,10.354388107535506,12.07171231085038,Inf,25.900362720799937
-3.026356154512115,-4.195759837276816,19.585501664689005,24.778235515336625,24.387828476250462
-6.240252360170295,-3.194891934569945,17.93656040003617,Inf,25.06716953194672
-6.266987889302804,4.199205163335673,15.332398461625019,Inf,26.379515946929914
-2.4023209046250393,5.035901678610884,19.968940140079035,Inf,31.17360082680101
-0.7199644685318134,1.5246651315360822,19.914888321500506,Inf,26.077290333225093
-1.1312552874181208,0.7798953357250227,15.694092017579074,Inf,22.80949433159075
1.137263460015685,1.908137809955086,17.708088955799013,Inf,23.35316329926576
0.0850098809712918,1.7616205620014647,16.063032805659965,Inf,22.544458816263987
0.2934527574214769,-3.2244534127498348,15.418604001422686,Inf,19.26384236577367
-1.1575124645780477,9.825312388861704,18.339322960604186,Inf,30.921665794992588
-1.24461914007723,8.721151166262917,18.24174054459131,Inf,28.678183019631895
-2.691029260234945,6.889578885392751,17.548384791158576,Inf,28.41158244079034
1.0786159774774617,10.52803062984319,19.562848999983345,Inf,30.132831647392834
2.901680986903852,13.612821720969954,18.90297333976182,34.18971712780851,34.18971712780851
6.7760884240200525,-0.6524951644533843,-13.383429333183612,17.806439017571357,17.09364338699703
5.856841644486323,2.644141944179399,18.064078938451864,22.532120314483947,22.532120314483947
5.662274436506863,10.346320639423432,9.892142750764627,24.215451570217652,22.8862934329795
5.116188807261814,-7.850712845655199,11.311912794271556,11.997931659237166,11.997931659237166
5.215430423205607,2.6512758958259397,0.30431609701147266,15.662588160473934,13.984338805410948
3.122578006418415,-12.843284999782947,6.424571579815918,8.024574187486792,8.024574187486792
3.323387214014602,-16.047817655455514,3.8927964198426395,8.07758899288955,8.07758899288955
2.4646508581517708,-16.26846830641684,-5.52465029338836,9.507094593578627,9.507094593578627
4.363542900130586,-16.94074290885757,-4.49596965062991,8.679778871935257,8.679778871935257
4.867073787961793,-18.847358328472712,-7.463158287358143,12.242493303270368,12.242493303270368
2.53396164106978,-14.227924066900162,4.652186488698131,7.711269653211148,7.711269653211148
4.887204287167847,-13.85668222013087,6.4064651946521955,7.770501898946135,7.770501898946135
4.226315882921821,-1.376768741668819,4.105196444880388,9.945153531597704,9.945153531597704
3.0,6.0,0.0,18.462104398717898,17.158995536733645
2.8872940761531822,6.814690191150579,-9.021232717913286,Inf,20.060170019853814
3.8416282201978618,8.277226978625336,-3.100542353224842,Inf,20.301760683783527
3.6839144306553067,-3.80996768792496,-1.5832397758849552,7.198581229359951,7.198581229359951
4.53634361009378,6.194737563977107,-7.278497461088964,Inf,18.088231196230872
3.226213999365868,2.726107681900931,-7.317364441750991,15.617812452997574,15.617812452997574
4.047022501622514,-2.8415817604242832,-12.666556424863673,16.44125973727822,16.44125973727822
3.1871768168957715,5.971547796432173,-9.125972456065696,Inf,19.333383524591703
4.5483244356655135,8.64957628320779,-12.321226598635393,Inf,22.707928109944987
2.584213910959363,-1.760047694801532,5.407008134311262,11.41591861127657,11.41591861127657
4.171805026979484,7.032690586817274,4.91215828498575,Inf,18.393417556961943
3.313321949045502,4.8822750269915645,11.0638022778274,Inf,19.348949677815757
4.845986854720266,0.0848538950479778,10.35789818334787,15.021652550489875,15.021652550489875
5.750175162319351,-11.625401259984462,1.2003170066703106,2.375868745815836,2.375868745815836
5.696029485044029,-19.159771389019234,5.509344821603026,11.05557989916206,10.947682842131748
5.557770783674094,3.4501033149416145,-9.767086187883889,16.827695604756745,16.827695604756745
5.31844876300579,1.4154698287655165,-0.1163667302731426,12.674833763461619,12.674833763461619
5.390274398888248,7.78106123121659,1.0146588137256103,Inf,19.14052255941419
3.3538416489518923,-12.116314266651491,18.561256741844538,20.59177891523501,19.346161527080444
2.729222934786879,2.655058416101408,19.636989104462714,26.03300082557848,24.880058562370863
3.4510700705031105,-4.767156910773123,13.011778884728251,15.531756385208766,15.07044355951965
4.778169036916502,-15.57889111344907,11.935725574755338,14.396178445860809,13.562790955010241
3.9161685059254054,-6.68879649581398,11.68900441817349,13.135487987820353,13.135487987820353
4.154982899907029,-19.45308288778243,16.746280532353296,Inf,20.604170219835975
4.033418115945608,-7.008963189765538,19.985999551051812,Inf,20.779771780607764
5.593050929806161,-19.994456518400952,18.77554822331299,Inf,22.578135681662616
5.408686661070192,-7.0357904370296165,12.41737730348784,13.148503757903649,13.148503757903649
3.939614379250287,4.863804363656044,17.079100160242007,25.6261217424935,23.318304565604436
3.62059938451538,0.597251863773522,12.463683311941551,17.404283586653385,17.404283586653385
5.386708004721548,5.108594879652102,17.19628041546951,Inf,23.5242300652819
2.7283256355534746,11.191674591397252,4.570252115084898,24.23413410896964,23.570909102799845
5.520452254797455,11.793113341874644,-0.19857020510219314,Inf,23.145077031153427
6.5357982288970184,-9.795325919413695,7.310029140705055,7.327612216917328,7.327612216917328
6.2188486444505315,-16.866905785279958,11.811758142799185,15.07602185867496,14.099160087041717
6.916636027361058,-18.969348986486736,6.810331113509509,11.690720190589746,11.481309735627004
6.66325789943685,-10.33114956630282,9.808858335246143,9.820221846703971,9.820221846703971
6.8533644673581335,-18.6505192809106,1.4808429054001593,8.777578340254971,8.777578340254971
5.871786314291629,-14.523712080009812,3.75969290429434,5.98933450710908,5.98933450710908
6.29551982386576,-17.757264439762306,2.404845888261427,8.151976916874508,8.151976916874508
6.2080844511060995,-14.201934216125096,19.081641757047677,Inf,21.39542402891955
6.8474895433536815,-2.9014866789049165,-3.9841866289862615,8.141614944453202,8.141614944453202
6.843723722462272,-1.2968064500693472,-9.402732792351376,13.792779014159688,12.8917621454271
6.690082055034978,-3.341225505817256,-11.617684913852235,14.133110017542728,14.133110017542728
6.209451629005926,3.460827751915936,-11.212389249767716,Inf,17.792161583056032
6.262047809376519,-1.0410691935938416,9.061371140216352,12.795913616470418,12.795913616470418
6.230756743109353,13.277354516485445,12.573272742923542,Inf,28.228254799415332
5.869485794886586,5.861231563364051,13.59270777195509,Inf,21.062041630532338
6.724728901739603,9.405532160261814,-0.48897926862213126,Inf,20.575787476880958
6.598070833839245,-5.239662298092886,11.575708738120039,12.78352789953876,12.595046669502764
6.373028002044521,-7.681410047718957,-2.228678268722266,3.276577494660209,3.276577494660209
6.631254376541076,-6.926615605404747,8.985722010670276,9.503939447660954,9.503939447660954
6.876929775579832,4.857406662772227,9.761735628060677,Inf,17.89202430034744
6.89007607168697,5.4983382310230695,14.812992954368553,Inf,21.52743252536748
6.527149886562718,10.206774668514758,-0.807629693002756,Inf,21.422490740530804
6.277881789647786,10.787220128703538,10.333814473059295,Inf,23.391499534259072
0.975891682741505,14.004135598452763,-15.111455632302349,35.691182844008644,35.691182844008644
5.129396551222687,17.515834454284843,-16.10436801397259,36.925100983443876,36.925100983443876
-8.381738354861898,14.911560563880293,-16.4852665821181,40.26133879700847,40.26133879700847
-1.2693030980007407,16.768856035314712,-18.80941699498411,Inf,35.0188557659675
-8.351932318797193,16.14962220780248,-19.725755976602713,Inf,39.38451173304343
-11.731354693205303,16.182143120837893,-6.689817474170159,38.48536487167637,38.48536487167637
-16.365648063105553,14.58651841262607,-5.218311350925866,38.735504938100235,38.735504938100235
-12.981019450031042,14.394118942982892,-13.994625404464669,Inf,39.094489348606
-18.8221678570105,14.388879363645785,15.619230589586138,Inf,40.55239066845309
-19.92365689868113,14.649581429639575,-7.531893803989345,42.98003878591815,42.98003878591815
-12.58387578459204,14.617078107690205,-13.807721099375145,41.08150708248236,41.08150708248236
-19.45872172407124,15.177254646255697,-14.09209105840092,Inf,47.98499683184313
-14.073113894667602,15.349229195301525,-12.460475270240465,Inf,43.219016541575506
-14.772142312046546,18.617541326079575,-7.683254423328307,Inf,42.505871149863886
-17.902604374302015,15.229672794973865,-9.523841692322303,Inf,42.184658953233935
-19.65634651713436,15.32171327050419,13.331568471583466,42.43379872616582,42.43379872616582
-12.245479394367518,15.062864777538472,1.7386481893749277,34.91862224806819,34.91862224806819
-14.723738630626224,14.896804662346234,0.5510852406998339,Inf,33.94065989060643
-14.667958047391902,17.114454255907575,1.047371135366106,Inf,35.80785624188627
-12.453765761748992,18.247318122400024,0.5944885207692181,Inf,35.946108692771276
-13.685307880017268,16.358715867208204,-0.11962115431467524,Inf,34.64674199807927
-18.285223848433276,16.79287615611156,15.981727447309346,Inf,42.61185866458357
0.3607032910827783,15.81684496609435,-7.287123160873525,36.14549155764254,36.14549155764254
3.830422880936524,14.33198790181585,-14.74936325065916,33.229123524859006,33.229123524859006
-8.925667254105862,14.34913903187875,-5.9769714315669376,37.137679011906286,37.137679011906286
-11.320333069442299,13.950424441191032,12.944346163554663,Inf,34.910984121301205
1.5812892326084622,15.637431489893942,14.786634242439831,32.49834606601351,32.49834606601351
-3.433076093055398,14.132476951132034,-0.207538902309512,33.07453298934028,32.56710937511683
5.150306756095411,13.866530259493672,-9.165223358137666,Inf,26.215877555034275
2.748474004173005,14.565605782660555,-6.52937127473284,Inf,27.547142792135165
-3.153244940898368,15.053059732673958,-12.157004546461856,Inf,33.0838567358101
4.349397184381711,15.157793355408046,-11.955668035921256,Inf,29.02432232467924
5.738951176737743,14.315971544186667,-9.693811288279326,Inf,29.066303570964383
-7.830502934742345,14.746717593757559,16.92064719608942,37.96746669368957,37.96746669368957
2.2241551302334557,14.47168765350338,18.613271197283858,35.32136164260977,35.32136164260977
-2.710241371967122,14.161240353645098,0.29359397016200717,Inf,28.426987642158615
4.50185115142439,15.315566632651645,19.017114956248122,Inf,36.52914293306365
-5.212526436654699,15.46665998856404,7.51759476002497,Inf,32.600359038849696
-2.295433596318162,14.964252053990634,9.229168385364552,Inf,31.476394587114555
6.888770760598106,15.738435257474734,2.5925181941062014,27.861432898736084,27.861432898736084
0.6343234440935035,18.81083514488676,-10.059357356590368,39.60682973073833,39.60682973073833
-11.70476151252723,19.857302013448347,-14.218175623912108,Inf,44.15686326196874
3.4809284498555044,17.350468017842218,-13.905877413075176,Inf,31.616124861928952
-5.039301181766769,17.163456773932346,-10.813791357176115,Inf,35.606025000826136
-6.364319476548896,19.802018190876645,-7.769009118185011,42.96956798008243,42.15052862232845
-8.887201815002319,19.166230794237762,-8.570141063088608,42.60854561371982,42.60854561371982
-9.499450338021642,18.84161170163886,-4.65896125997574,39.02273145565831,39.02273145565831
-10.496896120921138,19.060134071768488,7.118911659391536,Inf,39.003215211011224
-8.10482818910871,18.417262193385405,-3.2707248112453087,Inf,35.43902115858914
-10.161699004369291,17.015197601206907,10.206575927219106,Inf,37.866568219071695
-7.430727278172311,18.66564637272981,-0.09110877966469033,Inf,33.666823023194425
1.8047859099507662,18.726020339984444,-3.8087724222890813,35.99355922117934,35.99355922117934
6.337062050703466,15.884495550094869,1.6707687790589176,28.33580746724637,28.33580746724637
-5.8674357364556595,16.572993753764692,-2.0820125697492387,36.490867862495115,36.490867862495115
1.3401956429372497,18.085713975117187,-5.721424552408463,Inf,31.423634445091466
-0.6164487794002653,17.37528629473225,-3.6015286927552204,Inf,31.619870299164432
-6.12079287543291,17.083348355967104,7.5340912059293785,34.228926886791115,34.228926886791115
-6.342880825261172,18.070877711129285,10.451752100684438,Inf,36.68311917019597
3.148380130816122,18.298635667973798,12.503820621349881,Inf,32.955007634068785
5.084337046836708,16.93575321818947,7.209687065851618,Inf,30.98038090998403
-1.9464232771775087,15.939772785660182,5.986461820510456,Inf,30.7469087499563
6.140154791064376,18.057243168754212,4.856587516722559,Inf,30.789789312729457
3.0516914477203443,18.543325643914123,12.471530516041696,Inf,33.19650250140872
-5.747077431161189,18.36152008965948,12.491198922658604,Inf,35.68154834690714
1.4909882551042486,19.036901077153573,13.764122805378932,36.04941314228252,36.04941314228252
0.8382721840734959,19.862074645592273,-6.752358753095686,Inf,34.51803284145099
-3.9884055854454274,19.032339382074355,9.72109018633649,Inf,35.587323249083596
-0.7731094707855668,18.74630872381823,-9.045642168818206,Inf,33.56473753303679
0.798588655314127,19.439300850121185,14.547604564035893,36.38730042587549,36.38730042587549
15.72729942487031,7.230723491418729,-5.429745355740687,20.06354210794441,20.06354210794441
18.870261763935837,-7.350699171142594,0.07305816748741023,12.162534551728035,12.162534551728035
16.229525563664524,-3.7881788211625462,-19.340748147642202,24.92435032552843,23.16880779721479
16.073625087638845,-5.658406134391996,-19.027535389868085,24.263346775210735,22.536398385749152
14.339902432469529,-18.922173824400375,-5.025948855278344,13.07052146978273,12.880885105888897
8.555078099411276,-12.312480885635182,-10.93371203401511,11.602309671632414,11.602309671632414
8.260802092656483,-13.447768429580131,-10.522599348922066,11.852080323134508,11.852080323134508
8.536622604841043,-14.186417414049348,-15.709194386056522,16.732339926169296,16.732339926169296
7.230717937855982,-15.468164062412626,-14.425445557083085,16.29264412578098,16.29264412578098
8.154456822606157,-8.926281654464132,-13.149940100597926,13.481204904852765,13.481204904852765
12.632155056057357,-8.298556986435264,-7.212735815546365,9.308041515203184,9.308041515203184
12.185866868331118,-8.619490449349216,-15.248165236441071,17.362251433767646,16.269690580122756
12.674429729243926,-16.988893781809047,-17.27453659280501,25.023648024633392,20.49297621082166
10.561050567696448,-14.650688633591882,-19.364282017508625,Inf,20.578146750295588
9.275087880946089,-9.818583834397812,-18.241021703488247,Inf,18.540050175469872
9.271445708012102,-14.1747261421557,-15.884816001965198,16.940340249245917,16.940340249245917
13.506632702246016,-11.57269219887655,-17.047133569111352,21.063887561670917,18.54507990663909
14.907515846009495,-14.959633374206529,-15.493656231107176,Inf,18.312324906002907
15.041377153937049,-13.596385424401971,-18.26964743706621,Inf,21.478363262371296
14.515683814967701,-16.810541079814882,-19.08666127684218,Inf,23.082536436999057
15.707866063419019,-9.970588856836162,-14.22021602961351,17.14133378135696,16.927427276903092
8.59955281508303,-10.185134874268869,-6.314491344683821,6.516566969808374,6.516566969808374
12.33263665003254,-14.81604305223101,-8.190954165013835,12.342282578310819,12.342282578310819
11.732528114666529,-11.348324976651156,-8.578149893221969,9.88936085848598,9.88936085848598
15.001639876062342,-13.616617273552025,-9.323551149103926,13.93755362624626,13.93755362624626
9.339616587362016,-9.387636811625573,-14.888461991573783,15.159290510492195,15.159290510492195
8.812188530207152,-6.678723665799202,-7.630845991411208,8.51731849244662,8.51731849244662
14.112585962311258,-7.384987360881148,-17.225900711272146,Inf,19.29420408661436
15.66954314980444,-6.024162465602689,-11.682908604639666,15.171576424520255,15.171576424520255
9.285365597127697,-7.650505254841464,-0.5431199545423411,3.32234868053979,3.32234868053979
9.939299486116493,-11.983838702784997,-0.22224278505955652,3.55309573798165,3.55309573798165
11.394289657065258,-15.832145672130347,-1.775054158483556,7.514953226513735,7.514953226513735
14.016627943296669,-14.682988649208228,-4.330912857491702,9.4826292009364,9.4826292009364
11.490840137439946,-6.260909470428935,-2.656840055391825,6.419286736725826,6.419286736725826
9.890893085675671,-7.696708822517975,-0.1832886627469037,3.700811777835437,3.700811777835437
8.66768362385453,3.539916320433278,-18.292315729490536,24.533370867270268,23.921456012808754
14.944196966113907,-4.567927919983417,-18.81757070139173,23.425600279984153,22.489373181255164
12.69016436705688,2.942721950987206,-19.431843022736466,Inf,24.669368426410657
12.534654978327268,-0.6792065310330742,-19.5733593954456,Inf,22.82336750815546
10.511142514264957,0.2832723047040453,-19.449934560989508,Inf,23.38995625871719
10.427147219929793,7.047106306550717,-19.885745952249778,Inf,28.156442862781148
15.213102706793535,5.3263435133668935,-14.470826786844766,25.060638012273714,23.485275857747077
14.63526264432447,-2.893474324504581,-6.845857636543116,12.860443038214129,12.646234677651872
10.153720102352999,-3.7419412865267816,-2.2818182803612252,7.369935142852625,7.369935142852625
10.543060863700191,-5.010622228219672,-5.639731351396318,8.321883233339802,8.321883233339802
13.115598284497722,-4.1456328054644676,-3.8435311526160305,9.297681934059437,9.297681934059437
14.788634066656982,-4.685010610592961,-0.6393876018396583,9.450965524177166,9.450965524177166
8.819435790297739,-3.046133354481668,-1.9359768358978258,7.444099289222416,7.444099289222416
13.12050036521525,4.213241173909861,-1.7236859531087418,16.372015671074163,15.877287628830542
10.489868438435188,-0.8199726360934534,-2.7498161963703964,10.600845177358101,10.343835704952754
9.691241599748839,4.6435053312363905,-11.271372117036691,Inf,18.99624441940948
10.131290260703814,3.6353411470295356,-1.9457453134078477,14.754902593110742,14.253149082623963
9.438715577770385,0.9678770232051477,-18.19944838510545,Inf,22.338718225723056
7.5556521165256285,3.705252290356089,-9.499859861910513,16.777189346332356,16.777189346332356
9.356999697487325,0.9614794992321407,-5.441592460828701,12.9681431269943,12.795666970689648
8.974481223828576,-0.9579474210494787,-7.160012635331698,12.01102465476457,12.01102465476457
7.800816186159494,3.5478476908466305,-7.215335096825104,15.417813534511014,15.417813534511014
7.404948617781912,3.661159739676627,-5.281234725860289,14.854395471223617,14.854395471223617
10.156830423009467,0.16595263804305205,-9.107557603426342,14.968755719525461,14.551503423497476
7.973785553731645,4.941605484588926,-6.901535097366791,16.585166298830934,16.585166298830934
7.331272321983793,6.7091949630799235,-14.168398453425048,Inf,22.221570903240963
15.199215787765425,6.515389948795864,-15.998691324835024,26.881124012400566,25.412255026796007
13.901823538836055,6.480147725424885,-9.873316033571813,Inf,20.917155012814472
11.378517762478282,-1.4290438666779082,-11.381699364516793,15.460954769517091,15.140672601935872
12.468924934741771,-2.5449590960037405,-13.996691740961298,16.942502333634298,16.942502333634298
11.795546062421643,1.4014911771138188,-12.11760958386372,Inf,17.522254089481894
11.479922970039247,4.632585561115057,-17.552999534469684,Inf,23.791602038919322
15.074838054240878,1.8572016542689411,-12.089178176402697,Inf,19.73527968244711
12.695824181998603,5.418937721426616,-3.304052966756341,16.931784394131448,16.854489694690038
11.988574904089884,1.1056053188461057,-7.54065314036084,14.753751521898508,14.753751521898508
13.228763050324872,-0.6383937399577633,-3.3230788498029824,11.834003210088397,11.834003210088397
12.575798073466053,6.82884853281837,-6.426624227865192,Inf,19.087425673338174
13.910554202257018,0.6689831449118273,-0.38983714637788935,12.842314672386948,12.842314672386948
7.717221830817145,0.3201246607502739,-1.0494517827939376,11.461537094837938,11.095468252689138
15.317241836344138,-3.4607078257065638,-0.941132132498641,10.677370580997383,10.626365324918432
15.858920390507365,0.5399307195356506,-7.439868128650549,15.811246592701366,15.810282134388475
17.256642247742676,2.314311420295425,-10.900500670225775,19.962048034237945,19.943804015076942
18.5744323501995,-12.770985430879875,-0.5200328801185989,12.229143138303536,12.229143138303536
16.73696864596235,-9.438918067193942,-16.72376979876116,22.446005122614324,19.63827789694085
16.409173602568508,-1.9125658618414398,-3.845118998944386,13.047356992379738,13.047356992379738
16.256164516866065,-13.82962078187802,-12.6438073735899,16.458202911695427,16.458202911695427
16.644783995034317,-4.6237694942230245,-3.9395359374320122,11.974389483083506,11.974389483083506
16.269628083977366,-10.671958745028745,-1.5731535764788163,9.42615221314989,9.42615221314989
16.67238707945892,-1.2300843015808667,-6.136574049182126,14.435905678611562,14.435905678611562
18.66430856868657,1.2316365971519083,-4.354137420426696,16.950015390440793,16.950015390440793
17.648153783411885,-6.59242897918773,-10.503752065067253,15.545180600116012,15.545180600116012
17.14771638375222,-2.7581336016107194,-17.100809807423598,23.191972704617765,21.668159687522113
19.046629826607322,-5.1400531388027115,-16.442165120272847,Inf,21.073854485233014
17.634364315506417,-13.929963222245183,-19.24140361808827,Inf,23.198958024865625
19.838435837707493,-10.88316388322145,-17.331008342506085,Inf,22.392184060406933
18.64245783004361,-6.865174220156929,-10.631742888074482,16.369764743399536,16.369764743399536
18.556911195145517,-10.970368095026686,-11.467927828892677,17.076437036680037,17.076437036680037
17.52183554732241,-5.222402618924633,-12.058667112252168,16.84825047330279,16.84825047330279
19.76519018754088,-16.426788302903255,-2.281446105019249,15.013378630065318,15.013378630065318
17.393430825866652,-16.02172993168896,-7.776392840092212,14.489260627320002,14.489260627320002
18.59976422861257,-19.536918610983236,-9.395394950537774,Inf,17.862053593720233
19.52760373127223,-17.99701634910841,-1.4654268133410397,15.592653027244884,15.592653027244884
17.597911455308036,-1.011822079850802,-8.857408652636671,16.905716902537776,16.717309189549034
16.44379086269879,6.720450394871431,-6.767041143416455,21.664197797740577,20.571844311577898
19.973338486125527,7.015307862097302,-16.1575317072335,Inf,27.501328829560848
17.994485675961783,3.461423554473228,-6.498894884661377,Inf,18.716907230829726
10.211686128738009,6.898226387571647,3.5738298507149153,18.366485190890103,18.0494869908836
7.904414606604018,5.4138287846111055,4.362938104141378,16.474083960783688,16.242627299838055
9.60537013833104,-16.167471270808438,2.1411866248751537,7.029248579791356,7.029248579791356
10.188455275280425,-1.125123758308952,0.3683366947379412,9.43744389485237,9.43744389485237
9.298029459970945,2.11637920522292,0.3621279483587614,12.79902657919721,12.79902657919721
8.040390504263542,-11.683844712247007,8.352509466262504,8.583831300784556,8.583831300784556
7.484613035405765,-2.1126182297884526,4.166487730717954,8.933379035581883,8.933379035581883
7.177827210361389,-7.870294599215457,2.367575893931164,3.189464410273254,3.189464410273254
7.758678084282067,-14.701449932289128,2.2559141711359842,5.269570442543064,5.269570442543064
7.202956116920845,-5.953451788728081,17.21570324588206,18.540785701573824,17.81095346149168
7.094251540920766,-4.501704677200138,17.780801686685336,Inf,18.638926360153107
7.802410104598945,-19.341889303753483,19.046576256319668,Inf,22.884722355589094
7.430996366377698,-19.85088672364805,2.460548531901221,10.433478826514978,10.431169499806456
7.5209381336821295,-2.3769939643452886,3.4687245610651374,8.391284028042962,8.391284028042962
7.0032294700834825,4.810879125187313,10.785389240796555,Inf,18.523811922654268
7.349395812844428,3.100079371210434,5.43398920611444,14.21279793904366,14.21279793904366
8.060610901813384,-5.810808464750217,2.8199884974576683,5.160092666788785,5.160092666788785
8.813298978435284,-12.040830785542536,17.937861994048475,18.206918624918448,18.206918624918448
9.419999386457903,-13.814373384899614,16.88273091195134,17.4836712434641,17.4836712434641
8.776493551860824,-18.396766521583743,11.966984558685425,16.243439457126268,15.518107310761184
9.521307652038189,-10.552088395259736,4.736273862528311,5.393893211148663,5.393893211148663
9.079492317356326,-8.223803544125436,19.451119644340118,Inf,21.05848680396287
8.127885360422454,-4.379763251082984,3.2855900498423267,6.607139205114078,6.607139205114078
9.869021227241763,2.227272079530927,2.2102187181570443,13.275819248150555,13.275819248150555
9.737568729333567,1.1169986913181518,11.312004572978864,16.46760585212403,16.46760585212403
9.527596668989993,7.112140707597572,14.559548364913496,Inf,23.289068799470222
8.828795609880924,6.027182499390609,14.40575134952838,Inf,22.021463794560496
18.349442237255396,-6.961827457228127,1.88316610942217,12.730782477470212,11.915981208506324
11.084606224309866,-19.493188249072766,4.080601295723241,11.111072768849205,11.111072768849205
17.091800649410438,-7.4778567430755505,3.929753548980397,12.321061539201265,11.325619267193844
12.48794130318749,-8.845555449464513,0.9904451605214533,5.6948418400770935,5.6948418400770935
15.385625360185387,-13.100543620992982,0.28389257806043133,8.944980627309507,8.944980627309507
19.97899179036672,-13.404138717526353,4.763624061403881,15.86606848355639,15.241223239926246
17.471031951277794,-8.05285611502823,8.775456263165768,13.961401510522958,13.961401510522958
16.32139428389575,-16.608038400588274,14.2336465894126,22.18436097203107,18.324222391762255
16.949328276206813,-13.990702979192697,5.3434428835150705,12.726146747498252,12.726146747498252
13.798848730317317,-18.544793102089407,11.80756433929038,16.38158561592185,16.38158561592185
16.242509088565093,-19.32092399715147,7.132440507297424,15.912293826821774,15.912293826821774
15.13659585051768,-9.40294181238528,8.816845630383998,12.894993140879475,12.429734694122534
16.25357810339966,-9.446178963748215,6.821145067534378,12.279131853202678,12.279131853202678
11.116664807085172,-13.669354481648543,7.673111591416088,9.449218641782599,9.449218641782599
13.703495918841739,-11.185551301424956,13.356482725669238,14.995975006085112,14.995975006085112
10.529468132890685,-11.627458550927887,9.278589997844591,10.169397833699993,10.169397833699993
16.56959771499131,-14.68102382580196,14.08334963759232,Inf,17.925603718492525
13.946798507067093,-10.467799165304035,10.940357214285594,13.015095492795759,13.015095492795759
18.300900174441708,-10.918251435210866,6.052571770157229,14.542333400942837,13.676801831219917
19.57533780811565,-9.903045411679479,8.2676123533114,15.795360550423542,15.795360550423542
16.7260214262715,-8.164359962659349,15.482659249854592,20.930637784775836,18.817027927532113
12.762593754085891,-13.744373403927623,15.039483985970833,17.025431282369816,16.70055991079764
10.333984072128128,-14.584999343956282,15.681721064115266,16.793253466670375,16.793253466670375
16.495705166582525,-11.019772611604912,19.884288051354098,Inf,22.097816839525734
16.814883174902533,-14.271370169854318,19.586587613693176,23.774294359719804,22.61287829165412
17.374079677722214,-16.431843506606228,17.01383311930536,Inf,22.19132514862944
17.990749122935277,-17.882851473605264,19.11925454496398,Inf,23.64221628467964
13.57956841546985,-7.755279680264069,5.438245023091959,8.826324194072427,8.826324194072427
19.875161079818547,-7.018572495636528,10.106863030760145,16.698631262067593,16.698631262067593
18.207326171915803,3.3635505749670713,18.60521470947573,28.759666046153136,26.99044643479688
14.181179460664488,0.623058157704186,13.678983774066921,21.8323355892907,20.853936721505576
12.997853764400524,1.3009047709448112,9.17626638637822,17.127635853078566,16.130093008113324
12.506487129200949,-6.751691817058187,14.777587984631623,17.833360219167645,17.75588889551799
10.719964348758992,-2.6218020252843033,3.7909134355525893,9.091037607775576,9.091037607775576
11.387789724069215,0.119977826726128,2.405494357106548,11.89526655541382,11.89526655541382
13.420966344116493,-6.718369295284781,7.827592044153413,11.435790988375569,11.435790988375569
11.849630985950348,-0.24604990537117288,4.15295120415945,11.746487888302928,11.746487888302928
13.41761233294045,-6.507684052743148,13.216550095643917,16.70571214137932,16.70571214137932
13.782244332466895,0.8478553898642893,8.01542101736893,15.357020817610838,15.357020817610838
10.593818560881864,0.07131018992774685,18.533706259378704,Inf,22.40569803794933
10.432610824468842,2.0282723870747077,11.74431392214781,18.05813195567054,17.692511822379185
12.813571691332761,3.500279293098796,3.283509195706227,15.77505779221707,15.502410530886014
13.5347682970825,2.8639674392576993,8.558270022146466,16.884911914520526,16.884911914520526
10.392194314823886,6.671948380196966,16.271721396840057,Inf,23.943218982566584
12.023320445298687,4.973918049469397,13.73215671391123,Inf,21.562468384870016
15.41374910762552,-0.6678564586468028,10.376200568914804,17.41062445261204,17.41062445261204
19.508185572185972,-6.371053073079338,6.525149318207291,15.010654848046798,14.97061359881754
16.598633902622986,-3.9230339336991022,4.592532406920071,13.004954783025585,12.758564033407355
15.29612917980485,-2.4991058742370598,13.483225663391792,Inf,18.58827366329311
14.47103092801352,-6.312160843170886,7.9321448680016715,11.842419985933908,11.842419985933908
17.017039625543845,-2.497094683732879,15.777425380590032,Inf,20.93006634844097
15.541070505586283,-5.094625808821016,9.070730736534244,13.73769079935841,13.73769079935841
19.50781080644458,-6.096314572417452,15.829327079659222,Inf,21.211583664752133
17.934546038868433,0.6324338226282933,0.14481628276537606,15.655660829918107,15.655660829918107
19.874317713106734,1.9702545830592477,3.337528021142653,18.95802429567213,18.723106098064395
19.373832036860506,0.8870118015064143,6.374338302048635,Inf,18.77996347574852
19.857581522771426,2.2015901566920704,8.466376833041984,Inf,20.95092423157413
17.654253374538797,4.96380164147655,0.22730819562021054,Inf,18.57307533604476
17.09762274224871,2.3717184232994093,8.343688376580694,Inf,18.382836826340675
16.81194521466898,6.961795128662345,11.798557039449385,Inf,23.05188364104197
19.107721445356503,6.188606200086095,16.255401809785553,Inf,27.168775868386263
17.53455824077369,1.5535186266851824,14.622244353938711,Inf,22.62538573279992
18.94850531268591,4.419157465614873,10.30125405118719,Inf,22.04054411677639
10.869956485039623,2.4561158997030503,19.839190458730158,26.176096444421994,25.173261258652687
15.591981147068566,0.9590596476002311,19.042343266863966,Inf,25.14191583327708
15.951070073453806,19.059527116495843,6.922065120584541,32.22463957401748,32.22463957401748
12.22273337871593,8.681799717020048,-13.46927479269671,27.810993872524175,24.376750350055307
9.351191872118338,17.822860545252524,-13.090905969115889,35.139861328820864,35.139861328820864
11.442591911392476,12.172876287363259,-11.305999660884307,28.856377679774162,25.735204717399803
12.15824190476362,14.984085940483489,-19.91992847598936,37.49431783740624,36.69654222826473
7.5302152779754365,8.228967671574658,-18.23350748416731,29.35877190979883,26.61290226776213
11.338935574980855,13.942527122677866,-14.294229722558187,Inf,28.893454386658103
8.869248289805782,8.744993351341492,-13.39468759167496,Inf,23.28058906592369
9.572298617020955,7.914342151996898,-10.055808031857696,23.421739850772283,20.91987772686278
8.064565693552439,14.109295076299702,-4.3045395889899485,Inf,26.114025577583952
9.065225619504211,15.479134113744138,6.039006443694184,Inf,27.050789382143
9.96776694242305,14.008140791788236,-0.6489394218374578,26.63946287331809,26.32680081895593
11.13285273255481,12.973865035621124,-6.278523514041501,Inf,25.20023536823812
10.845372431597575,10.336015971688433,2.156868605609752,Inf,21.353428537912016
9.867504285126564,12.481361064260597,-3.6383017498782166,Inf,23.26349861566635
8.17190465696811,18.802523633775394,6.677300516205271,Inf,30.550840748475043
7.967272771767746,19.413396603550275,1.5823666062045945,Inf,30.89346781115055
13.590950970626935,13.59888964304669,-1.7676136899321193,25.76954995430001,25.302776632755503
15.652196331836244,10.69427915658629,-0.6899873279702788,23.406350795868313,23.406350795868313
14.659290315651823,10.108207095826415,-5.482303542047378,23.13328439581754,22.462536792534646
13.600819983287892,11.334563891894565,-11.55243861414391,Inf,25.988593251017463
12.529716889030446,7.93409925828292,-16.885610901094317,Inf,25.643079891450068
12.231058219529075,11.94595337991073,-17.96129501038628,Inf,29.79225662690324
12.851104195201685,12.318489800563256,-14.951931385600767,Inf,28.075706669783315
17.045504483375815,10.039966945636127,-10.436904718545481,25.954311009018063,25.954311009018063
16.384450643207835,9.624060584210817,-2.658292334828367,Inf,22.26507497632799
15.080839083632412,7.711319756999941,-19.53267821596083,Inf,28.926222646909395
18.047670288372686,12.854835052710634,-13.176435075775341,29.913717406716437,29.913717406716437
15.161334405343112,10.95215106484309,-4.865530372644242,23.869810376829577,23.18745400291649
15.008922932709766,10.41842382592705,-4.241503472529686,Inf,22.519637344094356
15.240709612840284,11.383391421910225,-9.392347722678718,Inf,25.140617417282527
16.745981072248824,7.746013868801931,2.0553677149658967,Inf,20.8487518460551
14.239236811957959,9.857810749329097,0.2991215523109929,Inf,21.976835737748235
18.68522236168146,12.377082095820988,2.7167076905121874,Inf,26.286139709965976
18.196270455156515,16.73137234796289,-3.8950912774027984,29.998999308491626,29.998999308491626
18.883809600357715,19.447035497051353,-8.897991124718585,34.50138730715752,34.017029507787306
17.98363625145611,18.17782789047414,-9.612950440419237,32.78897181149844,32.78897181149844
15.287165447348599,14.749317713708635,-6.677771458552266,27.69771175178383,27.69771175178383
15.898538699173002,13.851435068487291,-12.010831771599326,Inf,29.400235478125982
15.86466340490037,16.012999830493285,-9.633145726659134,Inf,29.780254494469567
18.771462828651323,14.02835142309381,-18.741201577312925,Inf,34.17164436169542
15.963297924853663,17.27508426692735,-18.88375824108346,Inf,35.715840128881396
16.265431594584463,18.81708111828614,-15.838640767776058,36.68218045637753,36.68218045637753
12.800231436829563,18.957542391451305,-17.307189548493504,Inf,37.397074224280495
17.444422792456066,19.92422543453064,-19.144493852272035,Inf,38.895375031655576
15.121798067669573,18.52086714708701,-17.867305259773538,Inf,36.93052124049728
19.175714307002735,19.91134640969483,-15.21337873768113,Inf,36.99751870950611
19.998928475471132,18.9123761421763,6.88686037460446,35.33516516089593,35.33516516089593
18.744924553485554,16.224387042390433,-3.517210558879782,Inf,29.74082658418726
14.808210215081218,18.231762475788933,-2.5780209711535385,Inf,30.160964640030155
19.645909417509472,18.593016186416847,4.989761500890424,Inf,32.97400408230056
16.117114201661366,11.531160449055786,7.741456601398006,26.951779098237743,25.53629441113823
11.283394459859572,16.69704280869375,18.205022271866234,37.44572731121059,37.44572731121059
12.031801231862133,13.819853823328643,16.439457760708144,33.988047858608525,33.988047858608525
16.006497929306803,9.508013227053496,7.241587651894665,25.70428311940101,23.646146030045237
10.394277882673897,11.454823926648992,10.597179568784433,Inf,25.493335605616412
7.879003849389051,8.038011245511463,10.843099695454406,Inf,21.555967020135174
15.478562151175055,11.249732467594058,9.852949644455258,Inf,25.589829202013767
15.603111182111078,11.382405040739656,7.201750554580919,Inf,24.73615582836043
13.694079098682423,7.804803190853988,15.656384636299649,Inf,25.337555031144305
13.964119793464349,11.52319008661997,8.820238300204856,Inf,25.558729236942405
10.806041548554603,13.262015362183078,13.034013207934791,Inf,28.060026745424217
8.673036322352665,10.749393326524086,18.32933617689764,Inf,31.116781859192102
7.489091296484602,12.580950924602547,16.896857882256086,Inf,31.156967217948655
13.251484185643811,14.254884171664983,18.2642541893656,Inf,32.15535142951858
11.641497034892296,12.594554123837995,19.0455056851064,Inf,30.540206639274892
13.33875008963642,18.205977970582687,14.215437996113451,36.6566712245724,36.6566712245724
10.92427888504389,17.76241834319724,11.629938768976746,33.47326615948528,33.47326615948528
16.047243546562,17.531670529818264,7.624803821786674,Inf,31.53834497813341
14.92559881253348,19.086074086662293,15.683135227131984,Inf,38.99050780943388
13.605570312481944,19.59558960893819,17.95093267331385,Inf,36.552824933785914
17.35359752995312,10.318838834326563,15.619630468892268,35.01801974708728,34.228584671018965
19.437342203295593,8.331205944865356,8.436143815956676,Inf,24.746252688799107
19.034367831236978,12.453222599589424,9.941034885707953,30.71719342771796,30.71719342771796
17.68179431322921,11.908370435804613,14.734680473266934,Inf,31.690695286112202
16.815368833556505,12.78783135384856,17.134658199056723,Inf,31.05946064206612
19.765540608752623,17.268895242602618,17.98752386460631,Inf,38.29813162382932
18.357982744491892,10.896524317256542,16.579565928979818,Inf,33.375240653234854
19.120839700570052,16.46918751347649,10.340784463581087,Inf,31.671810356692642
