14.0,-5.0,0.0,0.0,0.0
7.875080185537115,-19.028352343513532,12.785484176382546,19.944370579987982,19.944370579987982
-11.11579876897542,-19.21019038665535,-13.15911099728452,33.810203461785186,33.810203461785186
9.172821251911188,-19.638929346942817,-11.30110249451211,19.3827548905154,19.3827548905154
5.615424001906952,-19.789038413226603,14.666147568012924,22.98107671616452,22.98107671616452
-15.46320435969415,-19.81242128342891,-9.210604510635134,Inf,39.71387358285
-6.6673920392469554,-19.79503305578603,17.969647726588406,33.202952429938804,33.202952429938804
-1.4077678673537442,-19.03760560056736,10.207787885148399,26.808158079617904,26.808158079617904
-0.7341250639142416,-19.638778266004955,-1.5656984693660547,21.470293397535677,21.36526615409211
0.8981651319009458,-19.483462325172134,-10.8904530236949,23.900339294817485,23.900339294817485
-5.461075383385339,-19.13515957640748,18.411505609485857,32.356634269698155,32.356634269698155
-10.473164761014155,-19.318326572982407,18.896560562029727,Inf,35.902857603422895
9.552505421485122,-19.301671147973593,8.794044573367678,20.72404418255031,20.72404418255031
-2.0765137981170056,-12.596477929834524,10.027066430890194,20.97680914632719,20.97680914632719
-4.207055166397264,-3.952117598929359,-11.233120949178579,21.41910179296932,21.41910179296932
-17.696735459559072,17.187124153047336,8.780402341093758,59.077384912733635,44.99092217210457
-6.2075392490945625,-12.426819726551663,0.7232699110059286,23.851899772120042,23.851899772120042
-4.373415421253473,-5.8861620294073,-18.67563813118427,27.512019696411958,27.512019696411958
-11.990697610285679,-2.503861386189392,-9.292141327548622,29.570784910192653,28.449929334764427
-15.493878150804008,-13.029238262345526,-17.443111765347137,37.90646424124991,37.90646424124991
-17.970466696696885,-4.520044324477546,-18.869860568789065,Inf,38.14750322632188
-8.957199609907951,-14.694936652646753,-18.760867804560153,34.850518865106295,34.850518865106295
-11.188011682710606,-16.29675250842095,-19.356287785225767,Inf,36.84522612993606
-4.969498219736002,-18.91532520626975,-18.525019343870113,31.910577868243244,31.910577868243244
-15.808620197128054,-9.845044366640607,-19.93164623013243,37.152936880100064,37.152936880100064
-15.159041606915071,-7.469086174191251,-19.082371589987037,Inf,35.442572901390406
-10.343490578128991,-10.50646780994076,-18.63627766327582,33.23712832040368,33.14407635445123
-12.780791777989764,-12.948384962371469,-18.632126712109507,Inf,36.56755737669681
-14.626988320610943,-10.39092857409492,-6.639667598036363,32.82432271224311,31.9268918801125
-18.586667184232084,-13.09682374426858,-5.454663546171625,39.81149554211218,37.76448060222122
-15.865781820916647,-14.106909067524649,-6.704448690733056,37.409608078025485,36.311889111132864
-14.958313356726576,-16.90947688218408,-9.398041912912936,Inf,38.67448168644408
-18.283797427072734,-18.882560386749063,-2.1384790684983486,Inf,44.252308791683724
-18.752080625992225,-16.38541151755036,-1.2684794544958962,Inf,37.72603145494871
-18.788875790967232,-14.788517392637353,-3.0352201319962475,Inf,37.55020352109696
-15.552545878008512,-11.820988973348125,-5.285326228784442,37.04756605973176,33.5701707481772
-15.48053453818575,-5.149395187556811,-7.36184109117894,31.444079579512675,31.102777959088414
-15.914425063184403,-6.419979611019908,-7.745381939688922,Inf,31.861398512353198
-17.159125665425652,-7.678404036373081,-0.05578016392474794,36.31350710657136,34.0840089757161
-18.853941130475143,-11.96406872471555,-0.2599830812156583,Inf,36.5746337646554
-16.366943101214666,-5.633876935988029,-0.3693889041406777,Inf,33.497449023984984
-15.666629021849516,-7.967089017588522,0.4098905740303138,32.91466810258656,32.81030487991623
-7.149749388821736,-7.373029830322579,-8.909578897296768,24.447610220027745,23.747326592154046
-12.945951374074678,-8.031021569933268,-15.87922591012517,33.248930473996346,32.19497534247462
-10.453992279185877,-7.775069668149799,-16.75910216703894,30.593830902585477,30.593830902585477
-8.778353849465415,-15.860619663402309,-0.2202754067313677,27.644791680285884,26.966623528095127
-12.794795200734228,-9.342844461406239,-7.524773281806736,30.584742978255704,29.774139126668874
-10.874169016065576,-11.952220983235335,0.06834521122770099,28.588101173192104,28.588101173192104
-13.675259404212206,-18.903762889595825,-14.452791243113587,Inf,36.694357606890684
-13.931781183012122,-12.59331781937206,-2.7062247168353366,Inf,32.191796805584886
-10.346295188928076,-18.82718981537262,-14.841443247937445,33.8491981593355,33.8491981593355
-12.100777659574309,-18.37880132269489,-14.222506302043927,Inf,34.688880078243734
-4.839223045348877,-7.596155342040314,-11.11999821660298,23.476936905594712,23.140306350591167
-5.846134040967472,-15.074292534077047,-4.528853321481696,23.539924160247608,23.539924160247608
-5.439116610352688,-18.881381595541626,-15.402504626434421,29.593019036171253,29.593019036171253
-7.521932160137732,-8.643844753766814,-8.678084001816568,24.331546835025293,24.331546835025293
-7.038208279035469,-9.570351370790764,-1.3110918237178026,24.911244194223258,24.911244194223258
-7.941049200199064,-7.778014097686219,-2.560687681422486,24.531134143797924,24.531134143797924
-5.6758474830020145,-7.503242894248601,-13.908944720244403,25.85340226270973,25.85340226270973
-9.492309398976166,-2.983850127790557,-12.483659565765972,26.93592162238509,26.93592162238509
-9.22232431889892,-5.620345475863413,-13.854166892558402,27.318745066822615,27.318745066822615
-11.881692901421843,-2.5045118839755176,-12.941785203128235,29.41379754719009,29.41379754719009
-5.148311711553317,-7.292233080898756,-16.93800876263685,27.50293565358441,27.50293565358441
-12.479964599377071,-4.526465714821013,-11.296037229324636,29.71216303130719,29.527465566282487
-14.143678877704806,-6.9335789837101025,-0.42070182863297845,31.146663225294738,31.146663225294738
-7.77536543232741,-2.5441855190268114,0.5469806746259636,24.69671929476529,24.69671929476529
-6.1288029181262615,-4.830039494891594,-7.431262176041091,22.086639136791085,21.68917683115994
-12.080924331027312,-5.2861824292496085,-11.57294450987103,28.954804694245066,28.954804694245066
-7.141836320243096,-3.7869011908287646,-6.2420895800555165,22.57962588325971,22.404161452931827
-6.975670134147354,0.008167578898088834,-14.625246423104032,27.322965168778723,27.06006150222454
-16.175401896522985,5.020469176017119,-19.834159214255294,39.023008086048904,39.023008086048904
-16.97639525282284,-0.21906375965794211,-15.7708294147319,38.0590639176249,35.565004444163456
-17.62047498641661,14.741974649754539,-16.128950443625676,Inf,42.90757167745203
-18.985933065568492,13.372440895397553,-19.421465563264604,Inf,47.84484650573643
-13.427507326103223,7.416717657675491,-18.177414886955432,41.62323761333319,36.23209733395689
-15.37479938855312,4.8757778228436095,-17.490332655216676,Inf,37.46892201095979
-8.032319243833701,2.9273871924109045,-19.664804168788706,32.1189343149102,32.1189343149102
-14.382034629278042,-1.1640530978495889,-18.767154761069698,Inf,34.47318247659866
-6.82637713526125,-0.03413262933128891,-18.330035300568586,28.65389406184391,28.65389406184391
-7.306901452226446,8.258997217333555,-15.760208871235655,31.116357157549036,31.116357157549036
-6.627868655397364,15.601775701194505,-19.71271892646552,Inf,36.53184463242811
-10.821844881991964,10.70686236731719,-14.730824111825331,Inf,34.23910731073048
-6.849841279911875,16.965182894056554,-4.945466991875991,36.478783358391155,33.394505195312284
-12.0,8.0,0.0,31.76912148678725,31.76912148678725
-7.757292696065701,7.315404484739496,0.3192111520673464,27.733549391895302,27.733549391895302
-17.899813533734353,-0.1883593617014938,0.28747587080003356,Inf,35.3628685741794
-18.11059244337139,0.13927239357624188,-2.2172723877770366,Inf,34.99581923797278
-18.29930374097856,7.020790284720945,-0.6856185882019261,Inf,37.76438828909113
-18.819871052682842,1.4335230160373413,-3.3617816550813906,Inf,35.82167716693945
-18.02182979615747,2.2864796267853933,-5.999478595902392,Inf,35.462942712365134
-13.77563324454992,6.868785576845717,-4.917954797077311,37.68734795926853,33.158292436009795
-8.386043928135392,0.9905712410303735,-10.542533618398506,27.928405204305285,27.806357878277424
-9.325585813418265,2.4809841171058693,-14.049706222779825,30.109171198722997,29.337012382503186
-12.04983783664436,-0.035365022824038306,-12.544464595081557,30.283063261342587,30.283063261342587
-15.946705318595127,4.305305262461296,-12.113187983567277,Inf,36.13225074449643
-17.166491146996403,2.513004439212885,-13.263428644064161,Inf,36.04424693460873
-7.91634349263175,-2.196599969192114,-14.401125436822486,26.603396775817966,26.603396775817966
-9.006985096972357,1.0195055447088635,-8.314895167005956,28.920595360021608,28.136319924508435
-11.489821080903111,2.9272816111303186,-3.3311570449614614,29.390336636227776,29.390336636227776
-12.048866304500372,0.49761417194028823,-4.552608921268826,29.309437177539685,29.309437177539685
-10.024501427589056,-2.1522693708734053,-4.718250068003824,26.227072410134422,26.227072410134422
-9.8005238666184,6.650831669122994,-4.214704612400801,30.009023739109658,29.215633626928163
-12.344909299035969,5.192851805625054,-5.747206303737924,32.48301317181768,31.771455366191308
-10.683254117025998,2.933570723538061,-6.95305391215963,30.714375322484326,30.209295145074943
-7.427776890246447,2.9051437824293203,-1.737238952347866,25.02670649879998,25.02670649879998
-8.454482275017048,-1.0885342266826292,-9.450273608554607,26.843057122137893,26.843057122137893
-15.911599161040169,7.452121187461156,-11.190839632438134,37.86852139887565,37.86852139887565
-8.330462418321138,6.87187991650914,0.5334238365982387,27.89320843621708,27.89320843621708
-9.56897776958721,9.991479027825683,-13.267249204740814,33.13090813270365,32.66132881831467
-18.592668158359285,13.251263820704793,-13.873145053202762,Inf,42.744455600079405
-9.812070294086306,16.525797354993216,-12.177319319596203,Inf,36.368084073493264
-11.449635334211639,9.33812388738998,-8.572503951023904,33.74454236676554,32.07637372327808
-17.563239480442405,16.119556153128336,-6.343501628470554,Inf,43.14307579414428
-12.410225990301464,11.837176343302922,-6.8258434682662195,Inf,34.663115431116815
-19.922469114397956,11.249522761899165,-5.647639027608431,Inf,42.18417750763011
-9.898817667415871,15.260562517730634,-5.666404964912388,Inf,34.892620550094996
-9.118655139126126,16.338029536789982,-0.3494996658743972,Inf,36.12802495108835
-9.05010786611312,10.912464574451441,-4.027027280345203,31.118669782317788,31.118669782317788
-7.3832327491192995,12.68384561712358,-9.67401168826954,31.263483956750456,31.263483956750456
-9.254759110165516,11.400610930076105,-9.558785203166629,33.64936853240907,31.891058738412116
-7.0459450193272755,16.202110603177857,-7.086682524706722,Inf,33.499453430271956
-4.45350808976313,12.445610135617756,-10.50265995594784,29.593710853652137,29.593710853652137
-4.433746890196684,0.34878984283101033,-12.103832680006636,24.514773541148113,23.675320539403316
-6.106996338698716,4.228189482540799,-12.346655076717381,26.345017228838636,25.87924719694276
-6.420370728954614,4.982714968579323,-4.432288166836846,25.790524888573312,25.790524888573312
-6.463608703762285,-2.0830628246532434,-11.393885751778532,24.353594072392447,23.875486094309178
-5.293831213628124,-2.154782732818809,-11.043079128362256,23.528037707460452,22.7526887008695
-6.34665901198872,4.687159648521622,-2.9000713747916933,25.824116238582867,25.17638469507399
-4.4277151963253925,5.274730360597424,-8.04519986042978,23.946393466205535,23.946393466205535
-5.5441686654610844,5.627325649730146,-3.208559561459346,24.72381305686013,24.72381305686013
-4.575662818242314,16.965533265826174,-1.346412156673928,Inf,32.45527611694586
-4.207171303622772,-17.388197199491835,-8.360096134226351,25.203268102149423,24.806665204676356
-7.226536838024229,1.4939993115014332,9.917431671035182,28.962125443384874,28.107969145252255
-18.78458131370799,5.70662100452455,1.1606983228201528,72.89929688147825,38.39672431180853
-9.102304662241645,-0.909015122441339,6.511771255242593,28.2817633869496,27.563313981958295
-9.02738911586062,-8.120506371885137,3.775470525783433,25.469523924968684,25.469523924968684
-18.510533938887555,-14.049321923141056,1.5146317840158545,38.189568289844075,36.56538700457686
-19.366276556254547,1.3115479336359144,5.643172115638819,Inf,38.58082720070787
-15.368662573086791,2.051730528103697,2.3978321834880667,Inf,33.52100388800429
-18.18901993575914,-11.794031553014754,4.7751467624856225,Inf,35.315511871213666
-16.844409905873043,-7.116079416314038,3.385246477611652,33.36046571592975,33.36046571592975
-16.995177492270763,-1.16449255997221,4.547537209727082,Inf,34.83649793997478
-10.91508681851539,-9.31526125357201,3.905218238590429,27.707307719909863,27.707307719909863
-11.259490307176563,-12.099369628836865,4.775422166367758,28.37925839474686,28.37925839474686
-13.831352787512472,-0.14714395166372185,1.0271121946817274,31.227516902897005,31.227516902897005
-15.992787758643816,4.686297112514151,6.329483232512594,Inf,36.44134896903046
-8.154959429533744,-12.278213356348004,3.1815095361887984,25.6678040821944,25.6678040821944
-10.2908022728543,-17.01761030956794,7.713672444627619,30.402987388937106,30.402987388937106
-13.315539223379744,-10.1064338775533,6.824566228916645,29.779470784860152,29.779470784860152
-12.224144921475837,-14.048935387835764,7.878941351708253,29.758469547169504,29.758469547169504
-12.87116960950085,-9.800935577498908,8.099391652893857,29.459779108475608,29.459779108475608
-13.816056118551083,1.779768708267877,6.832349967420459,Inf,32.65674826426421
-14.526909366121918,2.2845825272630975,7.910873375378618,Inf,34.0117935612178
-11.158947087125126,-1.136146677573091,9.500333547977455,29.826779024653597,29.574703078268975
-19.302363415671184,5.469858580644235,8.45665867515935,Inf,40.584816323041785
-7.37123119086136,-2.193005235122662,8.500249628720198,26.00705384629448,26.00705384629448
-7.2804019182086765,-15.088077875670223,7.890764622864175,27.12923202446999,27.12923202446999
-10.090627758997286,-4.414903502778769,6.713534241614411,26.903684979964424,26.903684979964424
-8.687705039588387,-18.038208008334777,7.358180730475148,29.945823961815133,29.945823961815133
-13.194572994001685,11.701398696181869,9.305816955022188,37.874833979079895,37.177419886664644
-15.078176545763977,17.089729272235708,0.9225684337825797,Inf,41.068278261368185
-19.188621402050288,12.00944541527987,0.8107564344156337,Inf,40.04011031497887
-15.350018319480627,8.64282464017716,5.461294870824354,Inf,36.6507379505125
-13.084095350617755,10.176993100255494,5.559753972683119,Inf,35.42981651004784
-11.759790240003172,6.19605737580093,1.5615595080281786,32.44131352376214,31.388979930812148
-13.383736819853773,16.551422589615747,4.188980975538044,Inf,41.39144540080247
-14.188379171725991,13.052720314424349,0.7601517509129607,Inf,36.36315510702988
-7.74425784464289,17.132632604226465,7.797412046831287,Inf,34.41618547979436
-4.77923065588584,6.445091343408016,2.988633355018422,25.968921755789854,24.75495542215899
-5.943703969290164,-10.354611768243167,6.875545369146536,22.403283005823894,22.403283005823894
-5.974768277162283,-0.31434940210949947,3.2725913747049518,23.794299002906815,23.794299002906815
-6.217096485102109,-18.585807936935296,4.782262598490377,28.583726371202534,28.46300404684439
-5.064618627004425,6.311328016741502,9.851034054361119,27.407758601633716,27.407758601633716
-6.079392991698738,-4.6941064603229155,6.965230354296956,22.874875033711618,22.874875033711618
-4.762127380396057,10.596393227148102,9.410794963205369,29.369647532257382,29.072604450540943
-6.966167771040883,15.158645222520015,5.607090418447864,Inf,32.91320244953184
-9.737452985927364,17.388402757533186,-1.9927038163799793,Inf,37.311725345087
-17.5200848258672,18.77851713487565,-9.684196036123636,Inf,48.64752078995978
-19.89705743343503,18.421829181161883,-2.4722699333839415,Inf,49.44662256817333
-7.001819421191602,17.422302830718657,-14.897719008331434,Inf,35.80256344944304
-14.748583445427155,18.67577316158824,-2.1735000806450984,Inf,40.9256645935318
-11.92927158142921,17.915747829406726,-13.062225677183248,Inf,38.97835685644449
-6.280582414592271,18.5650218536393,-0.5713779130309788,Inf,35.563111069470835
-16.287086929501704,18.565090959447296,1.0875638482720973,Inf,45.492480897623565
-7.957021106650783,18.563545781513227,7.1792723870468755,Inf,35.64019504630353
-11.856369035837897,19.594815767957243,7.1288200128571155,Inf,45.056065205292896
-16.411674451456317,18.680406250702646,6.2319490864019045,Inf,44.58583442999768
-5.694260802721329,19.034961749079066,2.742293409560066,Inf,34.994767158860434
-1.382855899249435,9.621748574878765,-3.588523131976924,24.13949285651053,24.13949285651053
-3.5977416399189437,6.494506864253225,-19.844830999222225,29.963037488194324,29.963037488194324
7.355406370311215,-13.690500992301953,-1.543256232361756,11.047944234092848,11.047944234092848
4.536331338635023,-11.288693127563576,-19.605440640072676,25.877990375141874,25.877990375141874
-0.4781170739404743,-17.17132686852473,-5.450795725276079,20.468618478588727,20.13056173503504
0.864062929685538,-17.422600157111063,-15.562356167640186,25.92088281505059,25.92088281505059
0.48081987773066714,-16.275953270118713,-12.172265228779375,23.13391925418535,23.13391925418535
-3.2336587392095772,-16.264075733281,-14.201181073877551,27.366411661512043,26.72709452853931
-1.522789545814387,-15.66229563893705,-10.173820378085763,22.310212500132184,22.310212500132184
4.845910103763387,-13.160318019877693,-14.819490683819714,21.06522101829768,21.06522101829768
6.765272933421585,-18.405253321945587,-18.765231287421553,25.506872121471872,25.33833301667339
7.057268518996889,-16.78558881425735,-19.813323136726044,25.712234519435185,25.712234519435185
6.873870590992006,-16.776473528354288,-6.22994225974324,16.680006833113445,15.957607223432092
2.0022209300871125,-17.435773769601745,-15.94943306553903,25.357594606224367,25.357594606224367
6.448396367772197,-17.35441454314345,-14.380621734326366,20.818435470269744,20.818435470269744
5.687213752173179,-12.651250798940028,-12.364382675022725,18.42050995674106,18.09535518747355
1.7361189121241054,-13.028197103591825,-2.6029581416732768,15.45375457267849,15.45375457267849
-1.708125944179315,-17.315878802686065,-1.421023999733979,20.810419483871087,20.654613669350724
-3.6118072732899797,-13.756118498185188,0.28092144234182825,21.36543374736896,21.36543374736896
-1.3632694382483805,-15.986728185374632,-5.435231006590522,20.58998703331013,19.972760173867876
6.838586011978531,-15.649106939521884,3.94635424567862,14.075233358701496,14.075233358701496
5.42027596339878,-15.95458586183744,-3.2489349180385396,14.480166512295222,14.34548427629933
1.858529810804832,-15.936182063281574,-0.6951005222440365,16.762113025490017,16.762113025490017
6.0276219317829955,-12.278219134958173,-1.3763664435624108,11.47354893889057,11.47354893889057
3.9365175443869838,-12.042364831782404,-3.298639829292025,13.029362865245648,13.029362865245648
3.858397416521946,2.8496985242485025,4.642917924048888,16.46775731785683,16.46775731785683
3.273542426556162,-3.1535237903221436,-16.02827658820126,20.269051393327516,20.269051393327516
2.4987796975493914,-10.02960670086936,-6.586464015709037,14.514743975220778,14.514743975220778
-0.6719453754917097,-11.012542180580605,0.8694446420981521,18.136626588577784,18.02909649400403
1.526978686453944,-10.643456658653587,-17.43612108752511,25.280635585084955,25.280635585084955
-4.1779510984562584,3.5994305726045113,-10.388888838892036,24.304772949742027,23.335832630548175
-2.093587058973476,-6.295523716691411,-19.454284123687337,27.369457725711143,27.329685436453435
-2.135677777872811,-3.155581582021565,-13.540389364160985,21.693070004376494,21.693070004376494
-2.424894680105716,1.8637030939749195,-10.993749514188131,21.764730996838587,21.764730996838587
0.3959299434195884,-8.123374226602627,-13.087650932643458,21.608482810511525,21.002219699700277
1.3529065100059583,4.080157352482232,-12.939072367830837,21.129719711482092,21.129719711482092
2.1659120213072214,-4.197738662770982,-19.537757833878338,24.094451820503007,24.094451820503007
0.22723113784293147,-0.8667493723522846,-17.611274600888677,22.83505747151199,22.83505747151199
0.0184815811499206,-2.6823813062403516,-12.471017322482805,19.26275975496101,19.26275975496101
1.8084362525925712,-2.582406921515286,-4.844008570927034,14.662352115205096,13.441091204168693
1.56027264023394,0.19378118116677712,0.5764636550553988,16.087776370975398,15.357697176568538
0.27846694810921946,-9.084358735601148,-6.75254828238832,16.52550029628002,16.52550029628002
1.0933621635401707,-8.035644868921823,-6.581297716809038,15.863404179204856,15.443930950632119
-1.8161686286914076,-4.466658308745082,3.1482129075368377,18.78503806359746,17.916281454831413
-3.655244156804933,-5.004955198059351,-3.9435883247594283,19.242429697515824,19.242429697515824
1.2288328913700042,-3.791667920271795,-5.432087386824209,13.994391579445598,13.994391579445598
-0.5543519507907817,8.201393044525005,-10.287934134215737,23.826310703590753,23.826310703590753
-0.6919688767554817,1.7847350133324724,2.211670096924845,18.56357085693476,18.56357085693476
0.0382949704533857,3.493719803767892,-9.294721943550845,18.978642380501174,18.978642380501174
2.666379420700842,-8.170061077041257,3.6407137508474037,12.949715779439057,12.949715779439057
2.1988490516911163,3.184727024012723,-0.6850276440848972,16.221529554618098,16.221529554618098
3.5829771539416733,-8.919944702906584,-3.769270874349111,12.547577316457343,12.547577316457343
7.14087606945818,-9.503751379287841,-3.534599542177446,8.934469850222206,8.934469850222206
4.447345054212288,-9.005397461425773,-5.340967100221157,12.215693663419476,12.215693663419476
5.476095524197309,1.2742600891477167,-0.07410600413479074,14.731842235278009,13.37008540495621
6.065776446439941,0.20873351602065782,-14.047472038004525,17.764754571127895,17.376779566182773
4.452188643981678,7.100344079585561,-13.553929984354998,22.940411501539383,22.474956420376962
5.9820368011985,4.295552853513183,-15.541571990618284,22.199317796629508,21.926887795345518
3.938063943126508,-2.288558003101837,-19.205265954120748,23.87756599545328,23.261621638311652
5.766638439159777,2.9111676200936465,-16.096527595789656,21.16934886606914,21.16934886606914
5.443897840709848,-2.036149097955928,-8.902848027682593,12.737072835342781,12.737072835342781
4.057108205293474,-1.1996989338706214,-12.347434605060794,16.316865600757026,16.316865600757026
3.8712517274642266,-1.4224126020838241,-13.73938941932825,17.73872431853542,17.73872431853542
6.043249568936055,-1.0879606139043574,-3.843011347345822,9.663470691031696,9.663470691031696
5.7374854851325985,8.175877159670932,-17.102476404893636,24.602911978405213,24.602911978405213
6.193912575671199,6.286072604011885,-8.531637667969232,17.09721894060162,17.09721894060162
3.498713614530864,0.5963799542587012,4.518411646786262,15.649003616044565,15.649003616044565
3.913117163527744,-8.773649898260727,4.598597879303981,12.034887427186485,12.034887427186485
6.656717707354041,2.1159805184712326,3.1767467197897687,13.224518726219909,13.224518726219909
3.993280196898361,-5.442668190929059,1.4595214608414864,11.788152070638457,11.788152070638457
6.992469028058821,-0.5529509784851498,9.279471108230197,14.203633707099554,14.203633707099554
-2.907585737840197,8.955314563841085,7.382942170257493,26.310331907222253,25.984311743585373
-2.02163305386291,8.76841513766265,7.153524568728578,25.376267675146284,25.176248040782884
0.5455355070657504,-8.147344049669298,5.836807581089111,15.677143389432132,15.319223809805713
-2.12335759145067,3.21388690653853,6.074163222351192,22.042702878227033,22.042702878227033
-0.6320299478559548,-4.163614673151832,6.669235517471705,18.831822565133677,18.831822565133677
3.3623118747509935,3.704570260267168,5.633309642691692,17.63035900382924,17.63035900382924
-2.9453820687068166,-5.879668772887525,8.017957116925494,20.226722146496073,20.226722146496073
5.8405251083766245,-5.182950622451461,8.555942536098708,12.418330633977305,12.418330633977305
-1.5124387437096303,9.330785158585364,5.524905322181155,24.93110575640614,24.93110575640614
7.0935365721087535,6.762690801112086,6.8580454154064014,16.038358093526018,16.038358093526018
7.268530928660812,-6.379912989728744,9.637305883997811,12.537545596626419,12.537545596626419
9.581771786874711,5.016864508801326,-12.74148702006535,17.98655901678797,17.378083009626785
13.797230710345943,-1.9298975730365981,-8.017092173538742,8.587223719916091,8.587223719916091
8.290488131432248,-13.567858801768953,-14.327439447966839,19.57557330754761,18.217205991478913
11.04076520103229,-0.609265710467028,-19.40598986961148,24.42589921188391,24.04713821669577
8.8645280418758,-13.644877450904138,-10.747230603931772,15.948818689710397,15.091316752123937
10.222426460246162,-5.09653845880667,-17.882130498406337,19.238038259752397,19.238038259752397
13.100538743747094,-12.781294208602727,-16.981314194339845,18.81420707657187,18.81420707657187
13.36512159340289,-9.88407977339925,-12.777700994051582,13.76752467430717,13.76752467430717
11.644661150462401,-11.687915856103723,-17.162154976675666,18.782806357592563,18.782806357592563
11.98631542666486,-2.048697352762268,-8.9358953340518,9.62368631542036,9.62368631542036
10.356740741696811,2.772015079606831,-9.45354087312631,14.54926388812131,13.569355489497582
13.958373992180732,0.1373639065146719,-19.2816022497379,22.947269402770523,22.947269402770523
13.576132085432405,0.3601422278394928,2.8329434026746085,6.077528859201378,6.077528859201378
13.246046196863553,-1.0267655992922116,5.679919399459969,6.972554935215167,6.972554935215167
10.94522756148831,-7.154540172295469,2.5791088930545847,4.541528452774341,4.541528452774341
13.442592501020698,-11.665954995050498,-5.080231876854464,8.39966755524082,8.39966755524082
9.151298905054066,-17.750085363534176,-1.0279790398041122,15.516832893331083,14.581910624201937
12.087115679695387,-12.269403877448504,1.8339893393550177,7.737368806848904,7.737368806848904
8.552696583346844,-11.922753583467642,-1.4230167997272218,8.923150144584655,8.923150144584655
8.26677993430205,-4.146499237311794,-3.089370121751138,6.568293813677917,6.568293813677917
9.846340076102127,-3.765679445583359,-4.8953572793241396,6.537657140496321,6.537657140496321
12.065200402106342,-11.39462576286256,-6.883164692807133,9.592322154691312,9.592322154691312
10.877072322004679,-3.0977196368323305,9.83336332429105,12.183311529231414,12.183311529231414
9.08595392445455,-6.720466261018494,3.7388258118114415,6.409888566812537,6.409888566812537
10.82404573319721,4.45105667909101,7.817256157666392,13.08844420437504,13.08844420437504
9.550410450433038,-0.40126072276502,-6.954270716483597,9.450350855801096,9.450350855801096
13.650829806466035,-7.2731411406600355,-0.08983457215538238,2.301556151773859,2.301556151773859
10.531189422704301,6.811414941937521,-7.938198412773181,15.413035127777446,15.413035127777446
9.786641804667909,7.604706364675309,-9.730402129674953,17.216403102167444,17.216403102167444
10.942622518850513,5.581338023935576,-9.055990853347087,14.952101859083562,14.952101859083562
10.85914736708638,5.415698568687056,-18.239461468564507,22.758146243291893,22.758146243291893
10.525151979696652,9.162740568863697,-18.993207021268013,25.547131578905503,25.547131578905503
7.569523936317239,7.974949412155308,-2.514322060216738,18.05802172424108,18.05802172424108
13.023540011233365,8.873854593850787,-5.907620785795906,15.761287613328665,15.761287613328665
8.132981034750628,7.044400343226922,-4.193499006086645,16.752387134488817,16.752387134488817
12.217074804639623,5.987457108907623,5.636123425853363,12.509599109557413,12.509599109557413
8.074146578317631,5.611771985379555,8.416580193666718,15.513018218238457,15.513018218238457
10.129693964479944,7.895581497104089,6.81708123863217,15.271773526287298,15.271773526287298
10.845471776180489,6.032054639297737,-3.715370289380779,14.242496505989532,14.242496505989532
7.571357107315713,8.12562869349729,8.344225830751093,18.024045466870593,18.024045466870593
4.299752390064366,19.573978627447232,-9.591765721494507,33.51867069890994,32.79751116499242
5.2116662908938665,17.738236858356508,-13.638407546871125,29.131596231709295,29.131596231709295
-0.46815052471745844,10.378516204298105,-14.158251081768576,26.729973369290775,26.729973369290775
2.750118444209999,11.381883253162428,-16.803215589480757,28.57836127104794,28.321247588527836
-4.133951395330371,18.65255920190301,-19.276197554071484,41.9049748295842,37.743345334940784
0.20360194223621164,19.711052283808257,-17.273825107636085,37.49297351392419,34.94062306831857
-0.34304999030658934,17.37503035606565,-17.537987041050105,33.642390545045174,33.30928080348103
-1.1612279472479514,11.852138491759654,-13.656482820653979,28.43399518475761,28.43399518475761
-3.448312093639352,17.008085190022996,-11.01819897723808,Inf,32.82539261633075
-3.514908402869736,10.460063875485748,-15.803680135855167,29.650565146819076,29.650565146819076
3.3062125058760294,13.942621037298657,-16.24491085830182,28.468359571810247,28.468359571810247
0.6717902979992303,12.492092770290967,-12.828608916090891,26.449891428238935,26.449891428238935
8.340588857387807,9.77784495243948,-18.473237796818243,25.54039491757123,25.54039491757123
8.471873643273433,19.12264462608539,-17.298538847729166,33.01154747085762,32.48542589899243
8.910250493376708,18.52402011441916,-19.547839802098352,33.14132275797729,32.62207074097299
11.537117657788968,10.255745184727747,-15.027683759562542,23.358858239191456,22.558981833240548
8.179600778977782,9.964970704545593,-11.362516481625411,20.505358235664577,20.505358235664577
12.46089156084119,16.716127180767195,-14.952632502864924,28.11955554012244,28.11955554012244
13.778562245557573,11.868104325670743,-14.631676760318681,24.408488988657773,23.820825442517076
12.487093345393532,11.490359635878065,-15.188263871142995,23.606967479602094,23.606967479602094
12.426915115119769,13.652110057223993,-9.177707361486007,21.58203951943384,21.58203951943384
4.450665847968409,16.57283254619496,3.913943133123567,26.291417009288523,26.291417009288523
-2.025803461236819,12.094606999156518,8.539122133172512,26.814790330253086,26.75899563072983
5.973830169639349,13.824273118391105,1.6039720226350056,24.11786556698812,23.54575387518426
3.9866439650399172,16.20640561384144,-7.151300253055659,29.12340550255132,28.93741895835158
-4.196832869461851,9.627365428634064,-8.00479091056082,26.54315416525872,26.54315416525872
-1.9010400536936984,15.75177279519422,6.088723006773577,30.526912449751894,29.537716045378968
-2.512150219108939,12.674067095835838,-0.5823895795279626,28.569932219531303,28.569932219531303
0.22016121855315873,14.786293774031385,0.04816443655698066,30.155309346061323,29.211722923023405
0.7382356833595161,10.300179468078134,8.311980923370939,23.455743341493807,23.455743341493807
1.6168958570622323,14.980184447943117,6.238038618086065,25.933063939893408,25.933063939893408
9.144722467376425,11.938977083850553,4.045374262945369,19.694140439824913,19.393669257059095
11.77148363273264,11.817727297874534,3.5880723310553293,18.399453018101234,18.399453018101234
8.164267089569233,11.758848098641977,1.8219156480565069,20.52722876575425,20.52722876575425
12.219172931965645,10.495444827416776,-1.5018632493670054,16.278680628460798,16.278680628460798
8.838128829378231,15.887030297260665,3.099910610108747,23.439502538589387,23.439502538589387
-0.5587776055113807,11.189153940343477,8.747307012309172,25.078313711642288,25.078313711642288
1.2433606678444704,15.839210723002068,10.004650103963257,28.860722074571832,28.860722074571832
5.670943623451894,17.204259899823256,-5.63112522207275,27.9827001186241,27.480905245166568
-3.0584930163108837,18.87782368928334,-6.626202097711538,Inf,34.02433882245457
4.091965981431862,17.196727511432222,-7.358663982821563,29.726957857435043,29.726957857435043
10.595174737576151,18.68743553588503,1.2514931812992884,25.878249471287237,25.072260874145826
1.172528011599372,19.606784306885565,5.238857055774577,30.950434916837963,30.68714143519266
6.011087388192486,17.722204984466373,2.012146487929833,26.278392123307817,26.278392123307817
5.005771807473593,19.703005258461488,-1.979614728358257,30.846585064740683,29.883368922343195
0.38551523257217113,19.797839083445183,5.163013795475315,31.020477113459457,31.020477113459457
13.578847930789749,19.655843501742993,-2.0379550126736063,25.30239738609717,25.30239738609717
12.852792510442939,12.952390702298942,-3.966148117406007,18.970353331953476,18.970353331953476
13.019594835547792,19.141637212252405,1.163018896604953,24.950568908066092,24.950568908066092
-4.786489521579371,-16.7975118568621,16.957659272876796,29.522320928496125,29.522320928496125
-17.83198419082904,-16.932714402335122,17.569082093060914,53.716419582565734,41.26656400897415
-13.711511144142765,-18.77368558521683,16.615176538846903,37.66041821053158,37.14130066129579
-6.848527420181156,-17.685273430473494,10.645528315666493,27.980411702113056,27.980411702113056
-11.24198369791614,0.1284877860968514,12.802634161825907,32.242642630775784,31.531729408515314
-10.462048743060324,18.650131553328606,11.262168020403315,Inf,42.93429964335195
-14.533504803817623,-11.819815699829084,10.24770988905783,31.74689015121116,31.74689015121116
-15.940687876548152,-12.218320377681673,10.848653624247238,33.32806172675669,33.32806172675669
-10.83333712772279,-13.501244931749188,10.778971312916859,29.406606987207233,29.406606987207233
-16.810395052998246,-16.00870946704309,12.082287951117351,Inf,36.01805418863485
-15.135263704868516,2.8108695356941666,10.088134024096505,Inf,35.37937162012487
-10.583589621447533,-4.649880132739224,10.049857002777387,28.225672819197342,28.225672819197342
-14.022657532918528,-7.872971559423396,10.577984765133284,31.630204826791555,31.630204826791555
-19.887891561381146,-1.492656549397271,11.699224622623703,Inf,38.18852928158103
-17.163407808511444,-4.857608758729732,10.293368551400839,Inf,34.81327150393717
-10.411622811035786,9.329348490076459,10.308507523995083,33.56472078252591,33.56472078252591
-6.69511351204128,-4.59315956861257,10.087582973288995,24.436696978299942,24.436696978299942
-8.052281645649186,17.701219091327317,12.543562964413475,Inf,35.912578799641544
-13.468945070745946,5.984780746215968,14.006669715789393,55.822508347493844,36.78905082836853
-18.831947018866337,3.1658335597858596,19.244630769359254,63.83153382717238,63.83153382717238
-14.483668526428737,-12.561975009428759,15.632221552007202,37.59387992005554,35.55162002141512
-16.66238358085579,-2.859907250943756,14.811357656961704,Inf,36.15206086157195
-15.146340314428777,-11.557336144736645,15.867294157495792,Inf,35.98480958882586
-15.773032231625068,11.66192446754927,19.585545954552643,Inf,64.10880055601747
-17.293662455758625,5.6459188381751275,14.217393589828376,Inf,40.55326267032045
-18.359320294542982,4.448109273864738,16.83976733526763,Inf,41.40117364949769
-19.17292281148539,17.907602353416998,15.699331833621024,Inf,46.48381534486492
-14.20633170591267,9.408926200623586,13.167692439179675,Inf,38.316676862719916
-15.575539781614811,4.289851202614116,16.30754276845589,Inf,38.82132306726305
-13.88079836335435,15.909958614265506,17.742908076805207,Inf,47.32826660638058
-14.371348048737884,17.260258342566104,16.642227094508385,Inf,43.45556780103995
-13.772019244133338,9.87893742962352,15.28113678020496,Inf,39.59144077849068
-14.15013563332594,9.346920951337232,19.749878224324135,Inf,42.68242071679768
-7.956585114569679,-1.8556614889941443,15.933588300203361,31.014005289623906,31.014005289623906
-7.732656049763458,-14.62373005980771,17.22969549709211,30.35655124484129,30.217080298369304
-12.599342114171002,-12.084066884109266,15.389220911325154,36.14635858156255,34.26183738858191
-12.656406488660004,-5.870588162700301,17.08807012224669,Inf,33.719781492016196
-10.772613621536893,-9.566505839990223,15.345482265878054,31.15105554702301,31.15105554702301
-8.585619868821128,-7.3321662949696,17.687019090516927,31.679065946985148,31.679065946985148
-13.000090845132775,18.91978288513522,18.556214487717853,Inf,57.42220666945732
-7.980297774659935,1.9555697973359898,17.092737814031402,Inf,34.11191011497535
-9.594100022447343,11.059264014655525,14.100301465806318,Inf,35.2253906910788
-10.081292590485935,0.8418393797424244,13.976453900841676,31.92860857755688,31.92860857755688
-13.015405064364147,1.6851540164125183,18.387801942646014,Inf,37.29332545095483
-7.99708214167242,18.055855013289026,13.64296082373508,Inf,36.67591685538737
-12.476361106512073,14.823583767496878,13.615563992217474,Inf,38.82240570148444
-9.176802206266848,14.652827671471783,17.582015448496648,Inf,38.57828441034876
-5.551396039758982,6.3447619964544515,13.770100657608715,31.357081723544372,31.03054352207104
-0.2614422317221283,15.92249373140315,16.942290457362084,31.91640457420007,31.781956671890313
-1.7428767485962382,-11.743968101722455,15.247089016705083,24.222519994037494,24.222519994037494
11.121197490999172,-4.332582059096639,13.69988767312178,15.903584864583301,15.903584864583301
-1.0013250515741916,-15.428511741517097,11.452440844520027,24.324664963150283,24.324664963150283
1.7157944582730096,-17.25700178180397,11.179821922275323,23.08363908640511,23.08363908640511
-3.9866141994125854,-17.63590734354663,10.582318772883895,26.394616592343134,26.394616592343134
2.881192707491067,-15.864108064607745,14.268122181976764,23.53402209415062,23.53402209415062
7.4509200310131085,10.047193458552172,12.762441788249816,22.68932057039364,21.28292922651656
8.303744836458485,14.110479716599627,11.942794846950953,23.532039266038986,23.532039266038986
7.9108003526984945,-5.704177525599201,10.528612230119254,13.173208683087445,13.173208683087445
-2.782609279388943,-11.777316580814468,11.089643461577879,21.83225640510166,21.83225640510166
5.4727682799999755,-9.033064158289061,12.271062402197558,15.959877088799177,15.959877088799177
6.641223930604649,10.254641615521596,11.201108280750791,21.002232901169418,21.002232901169418
7.484461802833302,-2.418641583527137,12.36387423210276,15.906111096667995,15.906111096667995
11.029239404982299,12.484502380504395,10.198604657990913,20.536976339479054,20.536976339479054
10.27382038017813,-14.939422074335713,12.601876137589272,17.58619614559404,17.58619614559404
7.288936294901134,-12.68449322405675,14.015488686419687,20.21326269416678,20.21326269416678
3.751924346019102,8.9808201297189,14.102675681868973,24.319127241722526,23.410091874043253
-2.1765102744606857,-12.153589073306144,13.096588295699647,23.96222461134066,23.96222461134066
12.999883059960737,3.965523317618853,10.995620587987467,14.269144826773793,14.269144826773793
13.841268280431478,-4.608484052046586,10.201998177334907,12.771881868306199,12.771881868306199
11.6656799816447,1.6335911587360101,13.721882043536944,15.589295538420135,15.589295538420135
13.656004854220953,-4.120664228690805,15.234112381218537,17.830979028677554,17.830979028677554
-4.285237721960655,-7.7494710585339455,16.359361562755737,29.251463134213473,28.633091695980443
-4.515193881164787,-12.130943133508998,16.936021534534724,28.318303804652537,27.491768379911786
7.19176440436226,14.40135079271694,19.863437128946096,30.102630639672384,29.66059155717555
7.308964997849667,-11.406618505483506,15.402646616983915,20.1866342366867,20.1866342366867
-3.7875694839878378,-14.58570817297864,19.45496907163325,29.283911335208952,29.283911335208952
-4.266988608542341,6.6387005072162,19.83570479312499,33.537511702891294,33.537511702891294
12.247478812373586,-18.071120687489373,17.431418418989054,23.09441040046769,23.09441040046769
-3.184842885236101,-18.51482142781732,19.467807792253765,31.168943956014278,31.168943956014278
10.323894231776354,8.506697639273682,18.248307210463317,23.234893187734244,23.234893187734244
-1.3668421939248532,13.496809667952128,16.290789757693616,30.578339610324676,30.578339610324676
2.068701315111497,-11.917327649823406,16.814565534362018,22.327770657478794,22.327770657478794
-0.6128788008584181,-17.186004786117444,15.574887899424894,28.058009867186133,27.49174660301875
6.464387310419426,-7.1027559645204885,17.37181042402318,20.34726450351655,20.306054809266
2.9933328181689163,8.844656796831742,15.453333751962681,24.774881600389246,24.774881600389246
2.552669778113412,13.198888550985629,15.443088442262827,27.58852630227936,27.58852630227936
10.272535000641241,-4.9073260632167415,16.165546581103165,18.573796942924737,18.573796942924737
11.570634807541218,10.545167041325357,16.084014761783564,22.708707455599807,22.708707455599807
0.6357787939177868,-3.386295353095967,17.63521711386759,25.128116887064888,24.602539590682166
3.0095436037078187,-14.66337470239214,18.998140881692123,25.071488225047904,25.071488225047904
1.339732324763368,-16.95165720918082,19.642918637606044,27.9766981817785,27.9766981817785
3.5773187926563565,2.822782493589564,18.990153053625875,25.315057317847348,25.21448710318594
5.992392607340811,-10.22764643226406,19.84298708870582,24.31784163600554,23.64304568704124
6.615548456706584,1.669587822950156,18.690042287148394,22.673626162071866,22.673626162071866
10.050684488284844,7.830850288511471,19.500580328387535,24.0657189725102,24.0657189725102
11.758805272786603,14.443136338488038,15.42715772634557,26.167809361815323,26.167809361815323
6.152189504232357,19.379519924606768,17.455884207451945,31.45580916161873,31.45580916161873
10.483573876315546,18.349923262424042,10.07031319103989,26.42912125383127,26.42912125383127
-2.705173175786399,18.46778739126546,19.328379062191843,37.97734707303252,35.985054794357765
9.065390087376493,16.010977289037456,18.04511736948389,29.03304585655819,29.03304585655819
18.48791744709048,-10.1561203988153,-2.881635255514368,7.4182748887326735,7.4182748887326735
15.429575977944424,-15.215956127388353,11.028970502983022,15.395771147095651,15.395771147095651
18.543361544400156,-17.289857585409926,-1.525410568721604,14.679998217006453,14.679998217006453
14.096099682203501,-12.35146162661417,-17.31079809982157,18.840530541992415,18.840530541992415
14.788645687339596,-16.433411970619627,9.349985376357122,14.808902156106495,14.808902156106495
16.98034161206303,-14.902542308639388,-14.032846728706811,18.35907010755395,18.35907010755395
15.64474624769396,-19.306715609544458,-17.445238740250907,24.088378676847384,24.088378676847384
18.024865761384532,-15.800280929906227,-17.958141525402233,22.518986521569268,22.518986521569268
17.65352952014001,-16.906108654423548,-19.03099789670895,23.78576110297106,23.78576110297106
14.479115250079829,-11.483088145051905,4.834775793793227,8.101545549808415,8.101545549808415
19.919402197843105,-11.844586630351142,-9.68391129501029,14.571667519098664,14.571667519098664
18.86353379364313,-16.497516701523622,-14.078377222038414,21.058265018405994,20.82735476142673
14.821989709285546,-16.384833982518394,16.380031928597006,20.90660546639524,20.90660546639524
19.857986491549454,-15.893612097260972,11.153710179295253,17.49909358818517,17.369994652543706
18.68167667971356,-11.568275436257967,12.746506688422272,15.327031771885,15.327031771885
18.19533686703206,-13.815886189966635,15.179413708790861,18.073186287212692,18.073186287212692
14.481555839527182,12.8610406071397,16.31944133307303,24.198612212688737,24.198612212688737
16.361162202799527,11.349441437123254,-5.390531176161515,18.32752227719193,18.08978535097542
15.719132066423917,12.896436179819247,-0.2755305455157675,17.996472151921814,17.996472151921814
15.056233473331908,4.4802489633026426,-0.4901414852717849,9.55149141401342,9.55149141401342
14.279577729068762,1.9848747773473434,-5.22133175586065,8.725190236698177,8.725190236698177
14.18832555393066,-8.201404857396808,-8.922218250518013,9.48105680212411,9.48105680212411
14.053177203340255,8.142021801783645,-5.236117386964443,14.88651601070673,14.88651601070673
15.583985039263226,0.7441112514979942,-4.625615814459687,7.54321843361142,7.54321843361142
16.03715663146434,-3.584441223099013,-17.23854914237392,18.219983005299426,18.219983005299426
14.669324082295859,-8.276188045812152,-14.792364921103358,15.37135170507619,15.37135170507619
15.038644995116286,10.520703932782183,-18.391353113584998,27.57773728071851,27.57773728071851
15.078326546265934,11.580945535300877,-6.885590446903933,18.497207973856554,18.497207973856554
14.716183642385161,11.082847671051226,-16.83471676075051,26.308105374107324,26.308105374107324
15.26367663086971,10.274671055335148,-5.325410596812796,17.073843145054127,17.073843145054127
14.251601067680618,4.873193220082001,4.5699428864160225,10.960259121163272,10.960259121163272
15.327515149529773,-5.283239187868736,10.788571607940234,13.815537442600496,13.815537442600496
15.714816892727754,-9.701840371655077,7.6389321028923085,9.132424843857667,9.132424843857667
15.780768093944957,3.600600783861381,7.468621066346248,12.147990043064574,12.147990043064574
14.029027495400896,15.622890280845489,10.006048517332236,24.495959958123503,24.495959958123503
15.79534820758694,15.099195690960656,-4.165780028308799,22.0748597311491,22.01940683030997
14.19269098288541,14.17467870309104,4.716717369775367,20.263089085087362,20.263089085087362
17.338129768592545,6.600162329811361,-4.687310582620752,13.428069566231187,13.428069566231187
17.37741065791866,0.8313634553000426,-1.7902647448013376,6.972571287302125,6.972571287302125
18.80656522651592,-1.4966386205285005,-18.402086095593468,20.125388408285467,20.125388408285467
17.86334057574095,0.6056705558443554,-17.939997145191775,22.475474111610865,21.856303689146326
17.241713833700203,-3.369898610613504,-15.976966343525989,17.379132714970865,17.379132714970865
17.01790463435509,-7.799018184740989,-13.468753891106653,14.8512913535985,14.8512913535985
19.409640743909556,-1.2190739010445313,-11.32165917838,15.138908981510646,15.138908981510646
18.692867964488258,3.4959239311912143,14.581687774214302,19.83479698028396,19.83479698028396
17.698940634584723,-3.957858576810356,1.3731897002192994,4.080915401830591,4.080915401830591
17.584733339655273,-10.102392766735786,2.8190774492215027,6.843385326516616,6.843385326516616
17.262037092117104,-8.612356729410884,10.210367920489006,12.325095687545643,12.325095687545643
16.87788695900265,0.164604844741703,14.990793660035074,18.22621917718611,18.22621917718611
19.054890093926133,4.116845238071065,8.740215832546554,14.96715620704011,14.96715620704011
18.94759581817315,-4.830945054389577,6.78572475370774,8.399603823259865,8.399603823259865
19.887991829725912,1.254978691567974,12.600848520095823,16.832628905101895,16.832628905101895
19.127685188720783,4.988022467397634,13.349760938214828,19.658867512301086,19.05556553376546
18.14635557289799,18.0515141029315,13.751479887892984,31.05180111860422,30.24614131204489
17.70807567536329,9.291626235750606,-18.527661831537678,27.805635182284902,27.805635182284902
17.392487721097268,7.698631982168102,-0.3288645608873786,13.53170289239772,13.53170289239772
16.763135789464776,7.243231453242505,1.2414432420583594,13.231976901616521,13.231976901616521
17.14880869102523,14.912700529096895,-8.934119909177394,22.764531596418045,22.764531596418045
16.839735311679433,16.24373652448665,-3.710578586414506,22.73824060294435,22.73824060294435
18.816853798947392,15.0846662581571,13.323797397453461,29.918157825919728,29.321884978647233
19.71044663009156,8.629172695359813,-14.302360981989928,23.083188633862715,23.083188633862715
19.62466334876705,8.78494006389447,-8.604586743163347,17.382640105774314,17.382640105774314
18.312992196529336,19.661748543935403,14.639664423338338,32.1830460351856,31.988297777138136
19.351163556796152,0.7868016738579868,19.630325177909576,23.520506544595083,23.520506544595083
19.05159430181058,19.572519750100554,19.31317306313312,32.852607446378016,32.852607446378016
15.359716206540156,11.30688709679238,16.447426204645453,23.713011571898882,23.713011571898882
14.628196412258603,-6.880826241382625,17.19969099765421,20.171239929492707,19.99229541331534
18.888826996504314,-4.731918423522101,18.465125742944565,22.295890032219223,21.59036813611489
16.00492974604017,5.432565805961129,17.601923034126692,21.673586146548267,21.673586146548267
