-5.0,-5.0,1.0
-4.999430536480523,-4.993860113884285,0.9997502058202645
-4.998858799641552,-4.974887583802176,1.0005089688457003
-4.998356222359216,-4.943740607458375,1.0023182635916281
-4.997854168398957,-4.901180526843271,1.005032826678074
-4.997285811666176,-4.847941505063833,1.0085130689298412
-4.996589968913279,-4.784727737461392,1.012629965448078
-4.995708945926819,-4.712216313986834,1.0172616447763427
-4.994589701197869,-4.631057094608339,1.022294401178449
-4.993183318884549,-4.541874147757418,1.027621402286378
-4.991445426000577,-4.445266245673014,1.033142768510959
-4.989335918706333,-4.341807863472686,1.0387648747764457
-4.986819020638017,-4.23204970221232,1.0444003098373789
-4.983862971241915,-4.116519381855338,1.0499675396619423
-4.980439837662031,-3.995721881089629,1.055390906170343
-4.97652515513566,-3.870140055632355,1.0606004864412726
-4.972097655034281,-3.7402350691667543,1.0655320745636552
-4.951700631635677,-3.6503757315069536,1.0453756223148665
-4.932776042784942,-3.552558155463902,1.0258555474333073
-4.915295576162526,-3.447311791336638,1.007000003471032
-4.899144798637786,-3.335213292268893,0.9887265021469397
-4.884214105474791,-3.216814830645611,0.970958017613631
-4.8703990708217,-3.0926445420680433,0.9536231949502069
-4.857600352385889,-2.9632074370259667,0.9366558400835127
-4.845723769735753,-2.8289862389729326,0.919994544069737
-4.834680354488704,-2.6904422427642727,0.9035822677527917
-4.8243863785023375,-2.548016119094718,0.8873659823450316
-4.814763313246491,-2.4021286445150865,0.8712963788212377
-4.8057377038101725,-2.253181336974011,0.8553276667260866
-4.79724097367482,-2.1015569825333626,0.8394174845810063
-4.789209130097099,-1.9476201076340303,0.8235268444381653
-4.781582455977237,-1.7917173843145977,0.8076201493592617
-4.774305186590142,-1.6341780382505124,0.7916651944413517
-4.767325229904801,-1.4753142794158067,0.7756331418020463
-4.760593946193342,-1.3154217927506675,0.7594984260793952
-4.754065911439236,-1.1547803713880802,0.7432384651820576
-4.747699370616067,-0.9936541221321421,0.7268340896913021
-4.741455089731041,-0.8322930253248019,0.710267813134491
-4.735297634809631,-0.6709325897398355,0.6935251623034797
-4.729194686432108,-0.5097950270399376,0.6765935409002745
-4.7231171141525685,-0.349089724419887,0.65946217791475
-4.717038838101191,-0.1890137530561766,0.6421219630448525
-4.710936649898188,-0.029752269448805477,0.6245653967363239
-4.704789997842402,0.1285211700478312,0.6067866303705097
-4.6985807299862925,0.2856443275579851,0.5887815263915325
-4.692292818904994,0.44146599167084283,0.5705476899233412
-4.685912117462857,0.5958456532619641,0.5520844574436861
-4.679426183370554,0.7486531334424779,0.5333928327536888
-4.672824183506879,0.8997681525091811,0.5144753590938048
-4.666096868642203,1.049079843215818,0.49533592913165964
-4.65923659567024,1.1964862292545058,0.47597955321305535
-4.652237365003119,1.3418937018596468,0.4564121189927487
-4.645094837175349,1.48521653080745,0.4366401788652524
-4.637806296864696,1.6263764408040902,0.4166707960443362
-4.630370543995982,1.7653022717994493,0.3965114674238943
-4.622787707796745,1.9019297248909457,0.3761701243083326
-4.615058996934319,2.0362011779163054,0.3556551944603438
-4.6071864132774625,2.1680655404928957,0.33497569459905857
-4.599172465153826,2.2974781103765562,0.31414131472255286
-4.5910199163866965,2.424400393411908,0.29316245625177717
-4.582731599915786,2.548799858067135,0.272050195053616
-4.574310311378167,2.6706496108828226,0.2508161562554542
-4.565758782170459,2.789927998132529,0.2294723075735425
-4.557079717676636,2.906618158107768,0.20803069841622604
-4.548275878968237,3.020707564560355,0.1865031904983254
-4.539350188568188,3.1321876126789667,0.16490124008110557
-4.530305853064624,3.2410533028395,0.14323580013658332
-4.5211465127753545,3.3473030719621453,0.12151740856035485
-4.511876441261888,3.450938804104864,0.09975650884886311
-4.502500814167428,3.5519660185376623,0.07796400640107261
-4.493026042791871,3.6503941881217643,0.05615199949967262
-4.4834601271098675,3.74623709254094,0.03433455182022821
-4.473762513729574,3.840107206718151,0.01241237844558377
-4.46405439992026,3.932714359470845,-0.0094941540337256
-4.454456817931709,4.024111625623472,-0.03121300945386156
-4.445008061170713,4.114285418600558,-0.0526812343994538
-4.435715731417503,4.2032007138845255,-0.07387591151403457
-4.4265756440545685,4.290817163800964,-0.09478931147749597
-4.4175790981745156,4.377094924326783,-0.11541965153517701
-4.4087158938040565,4.461996697299501,-0.13576759264690463
-4.3999756712651115,4.545488307642232,-0.15583496959922508
-4.391348530129792,4.6275387246735615,-0.1756243926762458
-4.382825289855428,4.70811990379798,-0.19513916560365638
-4.374397533973088,4.78720660690687,-0.21438328861347522
-4.366057503604912,4.86477626025901,-0.2333614575972571
-4.357797886203677,4.940808857881569,-0.25207903814954075
-4.349611546563455,5.015286893229509,-0.2705420244548107
-4.341491255463566,5.088195295607676,-0.28875699869876187
-4.333429482049459,5.159521359476096,-0.30673108964913665
-4.325418326052679,5.229254680856237,-0.3244718942063673
-4.317449670704992,5.297387147729119,-0.3419872839812872
-4.309515657203779,5.3639130820361025,-0.35928495109986835
-4.301609710936565,5.428829774447199,-0.37637133775503506
-4.293728516397705,5.492138819738199,-0.39324934656495336
-4.285874595702717,5.553848018824914,-0.4099152058889929
-4.278057304673511,5.613971995640761,-0.42635732017892575
-4.270290151818056,5.672529734714318,-0.44255984166862766
-4.262584491256284,5.729539090349138,-0.4585108876834498
-4.25494479751583,5.785012794085669,-0.4742085181028947
-4.247374963103645,5.838964161295965,-0.48965199741130716
-4.239883563917606,5.891411895128664,-0.5048344327476765
-4.232475340414379,5.942372777833991,-0.5197538038153128
-4.2251558454108205,5.991865758554377,-0.5344066490203926
-4.217929634374922,6.039910263959643,-0.548790497451125
-4.210800979241093,6.0865265929574575,-0.5629031044841141
-4.203773816558355,6.131735561276779,-0.5767428088151998
-4.1968519757339555,6.175558371174434,-0.59030854587156
-4.190039274295538,6.218016412902134,-0.6035999820368263
-4.183339598064369,6.2591311597142925,-0.6166175400439038
-4.0,7.0,-1.0
-4.0,7.0,-1.0
-4.0,7.0,-1.0
-4.0,7.0,-1.0
-4.0,7.0,-1.0
-4.0,7.0,-1.0
-4.0,7.0,-1.0
-4.0,7.0,-1.0
-4.0,7.0,-1.0
-4.0,7.0,-1.0
-4.0,7.0,-1.0
-4.0,7.0,-1.0
-4.0,7.0,-1.0
-4.0,7.0,-1.0
-4.0,7.0,-1.0
-4.0,7.0,-1.0
-4.0,7.0,-1.0
-4.0,7.0,-1.0
-4.0,7.0,-1.0
-4.0,7.0,-1.0
