-13.122556483706909,19.22814582043307,19.768488964074933,33.09622309742622
-7.0,-10.0,5.5,0.0
-14.057338295475992,-14.181725915271644,16.096467635050317,13.40067094543834
-7.0,-10.0,5.5,0.0
-19.39934487100036,1.186458715427328,11.320337490998824,18.67131635434118
-15.048981847644622,-6.264946581062949,8.32480495808916,9.312156349485928
-19.708670731778504,-1.23564236838698,6.894293539010761,16.70131495862366
-15.048981847644622,-6.264946581062949,8.32480495808916,9.312156349485928
-19.882292520251514,-10.489474746505953,8.3279921559376,15.04267279704602
-11.928869703752145,-9.228542175504844,5.6693817445942045,4.991752588714943
-19.465132118822453,-10.850925630668806,2.2229711116320843,13.005175260734834
-13.913203749368943,-9.794509806148897,3.3537221325539157,7.241624195188997
-19.55403498910239,15.953839234312987,11.644338370632788,30.76709986258297
-16.710205449338964,9.751746598293067,8.21070341933856,Inf
-7.793493005890193,2.541856303918941,-11.227013936959365,Inf
-9.620524276059772,-0.9375188570396915,-4.345998053760924,14.71828077227717
-12.214096839093829,1.5718655202221115,-6.794711083572267,19.079453102618693
-9.620524276059772,-0.9375188570396915,-4.345998053760924,14.71828077227717
-8.096488449099963,-7.998263428579451,-8.03616130038753,16.089230162762846
-3.363156182826561,-9.715381511232515,0.2560579044636597,6.388001983092916
-8.840755731974852,-17.47042429614406,-17.237830307818065,27.294564254719482
-9.878905548104786,-16.965475910301997,-14.734813481086242,23.990785666595507
-16.19258938186008,-2.293833634421503,-17.72516679625987,Inf
-14.64067435518901,-7.7820641164837845,-12.101021842536293,Inf
-17.724390703982486,0.09703045705101943,-19.709812647764736,Inf
-15.006533867347134,-1.6409365023173628,-14.710223695454108,Inf
-19.02799747380584,-16.73597215548905,-18.06431216376886,Inf
-16.24500080394606,-13.232073146302357,-15.446403899042558,26.282245848759587
-13.1537203683546,-14.86215125966102,-18.726813374824587,28.813552424677567
-12.474836130877849,-9.85830056635801,-10.788749633170687,19.40545689288561
-9.42639578670077,-0.9479635673375064,-17.573904281104326,Inf
-10.67858437877983,-3.850837776586662,-8.96113786052422,18.107020645303646
-15.006533867347134,-1.6409365023173628,-14.710223695454108,Inf
-10.67858437877983,-3.850837776586662,-8.96113786052422,18.107020645303646
-16.24500080394606,-13.232073146302357,-15.446403899042558,26.282245848759587
-12.474836130877849,-9.85830056635801,-10.788749633170687,19.40545689288561
-18.191703974392315,-14.196207064723021,-10.519301564980879,Inf
-13.200948062321904,-8.020107813164419,-4.893884059728206,13.568454092656498
-17.651375036111688,-17.453230807527838,-12.113245353374387,Inf
-10.665878936254352,-17.87062102348015,-6.085156448957569,15.258364377913946
-17.543100034761274,-2.8706750747031933,-7.7689092143074046,19.2029229950216
-15.44075522022717,-4.865516339586042,-1.4142447454514517,12.218582947241982
-16.794391746582384,-11.423613394376533,-14.342174929032954,25.213692106786453
-12.474836130877849,-9.85830056635801,-10.788749633170687,19.40545689288561
-10.853844577475416,-2.7945533374995364,-16.3370571983845,Inf
-10.67858437877983,-3.850837776586662,-8.96113786052422,18.107020645303646
-14.64067435518901,-7.7820641164837845,-12.101021842536293,Inf
-13.200948062321904,-8.020107813164419,-4.893884059728206,13.568454092656498
-9.878905548104786,-16.965475910301997,-14.734813481086242,23.990785666595507
-10.665878936254352,-17.87062102348015,-6.085156448957569,15.258364377913946
-12.832756534587348,-9.31817727122124,-13.998769641384534,22.68021927242923
-12.474836130877849,-9.85830056635801,-10.788749633170687,19.40545689288561
-13.912375916119597,-10.863388277838828,-16.089299408827216,24.988695188546572
-12.474836130877849,-9.85830056635801,-10.788749633170687,19.40545689288561
-8.786256484455146,-17.866296819388836,-16.682568375516638,26.640849703676544
-9.878905548104786,-16.965475910301997,-14.734813481086242,23.990785666595507
-9.086443297978262,-17.173332485373596,-14.975845261348626,Inf
-10.665878936254352,-17.87062102348015,-6.085156448957569,15.258364377913946
-9.903735978504606,-14.011193621151872,-11.493895021473843,21.38964983949861
-5.799052655532435,-14.687606916984484,-5.208450074472584,13.32929505079738
-12.474836130877849,-9.85830056635801,-10.788749633170687,19.40545689288561
-11.232825433409639,-7.851582217358439,-4.178722809945725,12.38677014189077
-12.690246559561205,-19.85246018239352,-10.653080421114707,20.633462529715764
-10.665878936254352,-17.87062102348015,-6.085156448957569,15.258364377913946
-10.67858437877983,-3.850837776586662,-8.96113786052422,18.107020645303646
-11.386387903884216,-6.70085011008279,-4.787870597161845,13.004108164897742
-9.197844104172423,-19.72182974011759,-11.473230070628029,21.09561640259782
-7.76121603964695,-17.030152563937932,-4.256299381340689,13.260240547507895
-8.387201624091336,-10.214766316395778,-10.617675033724145,19.387168329162666
-9.094003415557923,-7.846450990454015,-5.510074391790196,13.713010191342123
-9.65635579536861,-11.29315741422853,-8.934750589321636,18.46537990018024
-11.232825433409639,-7.851582217358439,-4.178722809945725,12.38677014189077
-14.236075393014316,1.6436334576240341,-9.008129787826578,Inf
-9.620524276059772,-0.9375188570396915,-4.345998053760924,14.71828077227717
-14.997955803669383,-0.9260354996745619,-14.45648542854534,Inf
-10.67858437877983,-3.850837776586662,-8.96113786052422,18.107020645303646
-10.127641694338037,-0.39015131290351945,-15.664763227782386,Inf
-10.67858437877983,-3.850837776586662,-8.96113786052422,18.107020645303646
-14.435497762277194,2.432345259567221,-11.93203875567427,Inf
-9.620524276059772,-0.9375188570396915,-4.345998053760924,14.71828077227717
-12.22180322080014,2.437038399804827,-12.033217076561442,Inf
-9.620524276059772,-0.9375188570396915,-4.345998053760924,14.71828077227717
-7.031280061695071,-1.7753396223850189,-7.895616514247301,17.490463582887315
-6.637150422872287,-3.4839311844522847,-4.030124125390122,13.245860573596715
-7.709676398445282,-9.450104119531515,-19.853598899365437,28.679425232553918
-8.387201624091336,-10.214766316395778,-10.617675033724145,19.387168329162666
-7.080068863147506,-7.213076121406212,-8.023681837375811,15.802409151347344
-3.363156182826561,-9.715381511232515,0.2560579044636597,6.388001983092916
-7.070730750617571,-14.013568705936397,-10.839428670400695,Inf
-5.799052655532435,-14.687606916984484,-5.208450074472584,13.32929505079738
-18.831721948621805,-0.5247507202957813,0.7940976394560479,18.15303132966732
-13.634697749475526,-8.129108230507383,4.329669846817062,6.992075722380303
-11.232825433409639,-7.851582217358439,-4.178722809945725,12.38677014189077
-10.202263727214289,-7.237368884847015,3.3847635289652516,4.728725936807853
-13.913203749368943,-9.794509806148897,3.3537221325539157,7.241624195188997
-7.0,-10.0,5.5,0.0
-10.48985349501911,-16.481307525023603,0.10808915918917705,9.12464394734819
-7.0,-10.0,5.5,0.0
-14.731862792863062,-19.882099471701906,1.908507070779084,13.717965184289849
-7.542352250430824,-13.752986061936605,4.480253138869763,3.926695048692065
-18.272756620731883,-11.726105505521307,0.3470674941354517,12.878709904912249
-13.913203749368943,-9.794509806148897,3.3537221325539157,7.241624195188997
-17.68038230478477,-8.061779395661173,-0.7097048535761097,13.047261784241865
-13.913203749368943,-9.794509806148897,3.3537221325539157,7.241624195188997
-13.200948062321904,-8.020107813164419,-4.893884059728206,13.568454092656498
-10.202263727214289,-7.237368884847015,3.3847635289652516,4.728725936807853
-10.665878936254352,-17.87062102348015,-6.085156448957569,15.258364377913946
-8.666892161245254,-14.658306896639761,2.719182254937465,5.675499973725409
-17.57368602119068,-14.956195430163906,-2.2217795114817207,Inf
-13.913203749368943,-9.794509806148897,3.3537221325539157,7.241624195188997
-17.608380139834168,-16.171189240249177,1.2061393214067628,14.25078153213681
-13.917967918039267,-11.07050252476423,4.712567064165736,7.044452171672663
-12.93816240230412,-17.52537636205893,1.0757734712184153,11.075928588391003
-8.666892161245254,-14.658306896639761,2.719182254937465,5.675499973725409
-7.76121603964695,-17.030152563937932,-4.256299381340689,13.260240547507895
-8.666892161245254,-14.658306896639761,2.719182254937465,5.675499973725409
-8.666892161245254,-14.658306896639761,2.719182254937465,5.675499973725409
-7.0,-10.0,5.5,0.0
-13.917967918039267,-11.07050252476423,4.712567064165736,7.044452171672663
-7.0,-10.0,5.5,0.0
-14.825755827731975,-17.203577581914473,12.733209639990626,13.223164077059014
-12.599569887786162,-13.177515016728965,10.199765251957231,7.971171685093994
-15.829049602220202,-19.54327871022654,14.825108691159457,17.16844766293364
-12.599569887786162,-13.177515016728965,10.199765251957231,7.971171685093994
-18.271660460985004,-19.0870237318384,8.918489340987954,16.261923923857115
-12.599569887786162,-13.177515016728965,10.199765251957231,7.971171685093994
-18.777226509021816,-9.4368018186678,9.177323532165651,13.842644752769845
-11.928869703752145,-9.228542175504844,5.6693817445942045,4.991752588714943
-18.500156518396793,-13.30835660176354,8.890538618295292,Inf
-11.928869703752145,-9.228542175504844,5.6693817445942045,4.991752588714943
-14.303797423075206,-10.479218622185122,9.706262566998607,8.442022984315
-7.0,-10.0,5.5,0.0
-8.06428075414563,-18.624723971938522,14.114408395472502,12.352012847742387
-8.26760436986052,-16.41665352480956,12.672796096289538,9.707176063865685
-12.535598109034867,-18.988573223510052,15.513820047475733,Inf
-9.287497945274765,-13.506258676414085,12.192814642621471,7.894318501052114
-9.762858700231467,-17.280273844803435,9.337301575089924,8.681051712261672
-7.0,-10.0,5.5,0.0
-11.928869703752145,-9.228542175504844,5.6693817445942045,4.991752588714943
-7.0,-10.0,5.5,0.0
-13.634697749475526,-8.129108230507383,4.329669846817062,6.992075722380303
-7.0,-10.0,5.5,0.0
-7.542352250430824,-13.752986061936605,4.480253138869763,3.926695048692065
-7.0,-10.0,5.5,0.0
-8.757794096801028,-15.486334763503589,6.909550068196175,5.930981421209172
-7.0,-10.0,5.5,0.0
-8.26760436986052,-16.41665352480956,12.672796096289538,9.707176063865685
-7.0,-10.0,5.5,0.0
-9.459350346566229,-9.430558897853913,9.947072903431895,5.113621486227443
-7.0,-10.0,5.5,0.0
-9.075794926679963,-13.51454186942231,14.653932005776902,11.35706238700586
-8.430654417616603,-11.6976602168201,11.471960476418516,6.371274143083505
-9.287497945274765,-13.506258676414085,12.192814642621471,7.894318501052114
-7.0,-10.0,5.5,0.0
-12.599569887786162,-13.177515016728965,10.199765251957231,7.971171685093994
-7.0,-10.0,5.5,0.0
-8.73345900010115,-10.406233030510563,13.288770361883579,7.989671403147036
-7.0,-10.0,5.5,0.0
-8.430654417616603,-11.6976602168201,11.471960476418516,6.371274143083505
-7.0,-10.0,5.5,0.0
-8.828069445984355,-7.896245712570797,15.239786431540907,10.660282555429458
-8.728269051030724,-8.565694994021564,14.834001123633456,9.600402165478073
-8.728269051030724,-8.565694994021564,14.834001123633456,9.600402165478073
-7.0,-10.0,5.5,0.0
-7.968171686141776,-7.576820630484091,5.60340558602374,2.61148375179993
-7.0,-10.0,5.5,0.0
-18.829880013006264,-3.948127456745514,-6.226213356941699,18.175327959524843
-15.44075522022717,-4.865516339586042,-1.4142447454514517,12.218582947241982
-17.44727263836743,0.2709552856342583,1.7959580709137128,16.558500849980177
-13.634697749475526,-8.129108230507383,4.329669846817062,6.992075722380303
-10.202263727214289,-7.237368884847015,3.3847635289652516,4.728725936807853
-7.0,-10.0,5.5,0.0
-15.44075522022717,-4.865516339586042,-1.4142447454514517,12.218582947241982
-10.202263727214289,-7.237368884847015,3.3847635289652516,4.728725936807853
-9.094003415557923,-7.846450990454015,-5.510074391790196,13.713010191342123
-10.202263727214289,-7.237368884847015,3.3847635289652516,4.728725936807853
-13.053618817523924,-0.38701627695888874,-3.8829481346534678,17.86215268987119
-15.44075522022717,-4.865516339586042,-1.4142447454514517,12.218582947241982
-11.386387903884216,-6.70085011008279,-4.787870597161845,13.004108164897742
-10.202263727214289,-7.237368884847015,3.3847635289652516,4.728725936807853
-9.620524276059772,-0.9375188570396915,-4.345998053760924,14.71828077227717
-10.202263727214289,-7.237368884847015,3.3847635289652516,4.728725936807853
-13.022104361793856,-6.157782898380013,-1.2928449188538522,Inf
-7.0,-10.0,5.5,0.0
-10.021337794755443,-7.8267304731673715,5.2417672673643345,3.730719320785401
-7.0,-10.0,5.5,0.0
-16.33264962157284,1.4515150352639878,2.0028409708923967,17.451407674778537
-11.150085845332924,-4.375354609738,8.197308882594445,7.4923509993827135
-17.753427845658063,1.7045591282449735,0.1414314589808825,Inf
-17.44727263836743,0.2709552856342583,1.7959580709137128,16.558500849980177
-10.822203343622387,-4.564291063231867,15.7206898364268,12.786468638284337
-9.459350346566229,-9.430558897853913,9.947072903431895,5.113621486227443
-11.150085845332924,-4.375354609738,8.197308882594445,7.4923509993827135
-7.0,-10.0,5.5,0.0
-15.048981847644622,-6.264946581062949,8.32480495808916,9.312156349485928
-7.0,-10.0,5.5,0.0
-11.900582104154251,-4.928864435460225,12.227129483464331,Inf
-7.0,-10.0,5.5,0.0
-12.496577959296946,-1.5024650568981883,15.778228589242715,15.710433439613618
-10.807286529373998,-3.1453217291003455,11.349297501967797,9.782449906890568
-16.422673888790243,-0.7216853134993357,12.166362427376114,15.035750103475653
-11.150085845332924,-4.375354609738,8.197308882594445,7.4923509993827135
-13.057509298599514,1.474166582704612,14.64152490770904,Inf
-10.807286529373998,-3.1453217291003455,11.349297501967797,9.782449906890568
-7.659235904102646,-5.187657721924985,5.898317659030585,4.873590784637325
-7.0,-10.0,5.5,0.0
-9.758377349980627,-6.334049050322754,6.669332950493214,4.73446739554037
-7.0,-10.0,5.5,0.0
-10.807286529373998,-3.1453217291003455,11.349297501967797,9.782449906890568
-7.0,-10.0,5.5,0.0
-9.75464318852624,-3.261453664175047,15.632990487828657,13.043155112399315
-6.289549409599369,-6.9444032720254345,9.812527612169283,5.332851564700819
-8.421682187269628,0.2959942221426175,15.54853425749939,14.812889449142107
-6.289549409599369,-6.9444032720254345,9.812527612169283,5.332851564700819
-14.895484417793057,18.444031895909525,9.010578390238724,Inf
-16.710205449338964,9.751746598293067,8.21070341933856,Inf
-10.669424320134313,13.156380758798491,-3.525166942521942,Inf
-7.968355922077297,6.229528725928368,2.2755520784849352,18.89690263960039
-16.06377639850395,6.452204728908157,7.551420839513021,Inf
-13.8683278105544,3.253723488659759,10.053149208145182,15.801130411960939
-17.146350651968483,3.262211610328798,-6.698138983277877,Inf
-15.44075522022717,-4.865516339586042,-1.4142447454514517,12.218582947241982
-17.50228593201884,4.359209496182743,6.184349723355346,21.222879243739904
-13.8683278105544,3.253723488659759,10.053149208145182,15.801130411960939
-17.503274959874744,3.1759700142109963,-11.068149950049344,Inf
-12.214096839093829,1.5718655202221115,-6.794711083572267,19.079453102618693
-19.253957351827154,4.615705006869231,0.4787384929137488,Inf
-17.44727263836743,0.2709552856342583,1.7959580709137128,16.558500849980177
-12.651069792667897,5.062177102562082,-3.6100529840569067,Inf
-9.620524276059772,-0.9375188570396915,-4.345998053760924,14.71828077227717
-16.70166336838001,7.963616079123426,-11.18159470013814,Inf
-12.214096839093829,1.5718655202221115,-6.794711083572267,19.079453102618693
-15.497911051511055,7.095386208102326,3.120043714959877,Inf
-16.33264962157284,1.4515150352639878,2.0028409708923967,17.451407674778537
-16.04657573926189,6.71511420873351,-10.275254133626355,Inf
-12.214096839093829,1.5718655202221115,-6.794711083572267,19.079453102618693
-14.270101044897192,5.442559616618226,-7.459109204591874,Inf
-9.620524276059772,-0.9375188570396915,-4.345998053760924,14.71828077227717
-14.078317473095492,5.239520321087792,-1.6441032377551146,Inf
-9.620524276059772,-0.9375188570396915,-4.345998053760924,14.71828077227717
-11.928916447739146,7.201624698460918,-9.03520643171098,Inf
-9.620524276059772,-0.9375188570396915,-4.345998053760924,14.71828077227717
-12.49735005159736,6.728766834012944,-6.833938789220069,Inf
-9.620524276059772,-0.9375188570396915,-4.345998053760924,14.71828077227717
-12.062636816550034,8.9090742775395,-1.5411757419647714,Inf
-7.968355922077297,6.229528725928368,2.2755520784849352,18.89690263960039
-12.224838956606847,13.034138680524919,1.349035761851134,Inf
-7.968355922077297,6.229528725928368,2.2755520784849352,18.89690263960039
-12.577982830266823,12.019451307691533,-0.4013091512713629,Inf
-7.968355922077297,6.229528725928368,2.2755520784849352,18.89690263960039
-17.787111361222525,5.496749750235228,8.416788057273159,20.603807701055796
-13.8683278105544,3.253723488659759,10.053149208145182,15.801130411960939
-16.710205449338964,9.751746598293067,8.21070341933856,Inf
-13.8683278105544,3.253723488659759,10.053149208145182,15.801130411960939
-12.991328568173861,17.09651641151457,8.536756725226482,Inf
-7.254406761266132,9.982484151234125,9.401413157013472,Inf
-11.244616837700603,18.23166260108558,7.607235103243994,Inf
-7.254406761266132,9.982484151234125,9.401413157013472,Inf
-19.20734157892283,17.209875540739162,3.567139180182366,Inf
-16.710205449338964,9.751746598293067,8.21070341933856,Inf
-9.174274523011237,7.223100682196009,-5.010328692476085,Inf
-9.620524276059772,-0.9375188570396915,-4.345998053760924,14.71828077227717
-7.769208436670425,4.226448564689676,-3.2228038687940526,Inf
-9.620524276059772,-0.9375188570396915,-4.345998053760924,14.71828077227717
-7.522674537924665,2.919628577407771,-14.11403152687285,Inf
-7.031280061695071,-1.7753396223850189,-7.895616514247301,17.490463582887315
-7.870979838773655,5.886018295349533,0.33392047343884457,Inf
-2.5728275085194667,1.0922290333633171,3.3337414146035655,12.154680942651394
-7.968355922077297,6.229528725928368,2.2755520784849352,18.89690263960039
-6.4332602951791085,-1.0469955797670067,8.222343334996243,9.374893880750355
-9.663225111950826,11.960003206839929,3.6142740445897843,Inf
-7.968355922077297,6.229528725928368,2.2755520784849352,18.89690263960039
-9.161588802122127,8.279073208167755,-4.293102837888831,Inf
-9.620524276059772,-0.9375188570396915,-4.345998053760924,14.71828077227717
-9.192982907742469,12.429088575074204,1.9049700832727652,Inf
-7.968355922077297,6.229528725928368,2.2755520784849352,18.89690263960039
-10.013174183628575,9.460274845846854,-19.593510267122547,Inf
-7.522674537924665,2.919628577407771,-14.11403152687285,Inf
-7.811091873858125,15.382316763829763,-3.260147026743727,Inf
-6.553193214975774,8.545445423192099,2.384594403141371,Inf
-9.124248712065777,8.771521811184677,-8.573138713883548,Inf
-12.214096839093829,1.5718655202221115,-6.794711083572267,19.079453102618693
-7.619704181523828,13.57647474797951,2.085604987144105,Inf
-6.553193214975774,8.545445423192099,2.384594403141371,Inf
-7.426633464946617,15.102691183263708,3.1347061836879746,Inf
-6.553193214975774,8.545445423192099,2.384594403141371,Inf
-8.738725871849251,17.181032152344578,-8.688305367017879,Inf
-9.161588802122127,8.279073208167755,-4.293102837888831,Inf
-7.738502598395067,13.656928851275396,8.22400464122218,Inf
-5.275328995166344,6.219747471188821,9.787462968370512,16.897922455130335
-8.99419565236288,12.523943531389072,8.877221861600908,Inf
-9.177540515821718,3.2905317182570997,9.438065755356291,14.185666904548711
-12.596523830074355,14.480508566841294,10.311723151368124,Inf
-7.254406761266132,9.982484151234125,9.401413157013472,Inf
-17.87295721617289,3.692425685025853,9.40209960871357,20.44212102745278
-13.8683278105544,3.253723488659759,10.053149208145182,15.801130411960939
-13.8683278105544,3.253723488659759,10.053149208145182,15.801130411960939
-11.150085845332924,-4.375354609738,8.197308882594445,7.4923509993827135
-12.627921703711875,6.464251292782333,15.671321841063381,22.389753927097264
-9.177540515821718,3.2905317182570997,9.438065755356291,14.185666904548711
-18.658911438519972,12.426705963835332,10.871767418942557,27.37549023322384
-16.710205449338964,9.751746598293067,8.21070341933856,Inf
-18.69122181929768,7.3478146956356305,10.321461101437926,Inf
-13.8683278105544,3.253723488659759,10.053149208145182,15.801130411960939
-15.154627340069009,13.149247400038561,9.18154712227161,Inf
-16.710205449338964,9.751746598293067,8.21070341933856,Inf
-16.73507931386886,8.556802477782472,15.59801363663005,Inf
-13.8683278105544,3.253723488659759,10.053149208145182,15.801130411960939
-9.981353332074026,10.175883862178658,14.651974755583538,22.859710728050374
-9.177540515821718,3.2905317182570997,9.438065755356291,14.185666904548711
-7.254406761266132,9.982484151234125,9.401413157013472,Inf
-9.177540515821718,3.2905317182570997,9.438065755356291,14.185666904548711
-9.177540515821718,3.2905317182570997,9.438065755356291,14.185666904548711
-7.659235904102646,-5.187657721924985,5.898317659030585,4.873590784637325
-8.88158087586647,13.384192199108327,9.020551680302262,Inf
-5.275328995166344,6.219747471188821,9.787462968370512,16.897922455130335
-19.21080393898304,-0.547056328955648,17.073002851210852,20.68192444614698
-16.422673888790243,-0.7216853134993357,12.166362427376114,15.035750103475653
-19.792433008580545,-8.278539674938195,18.062315497519833,21.862554717667663
-12.934905901586813,-9.046002678760239,18.58727680230522,14.434592107132964
-19.300017833937435,-11.149132422968302,18.344383172665708,19.11619300037898
-18.266739675545693,-12.036189921940359,18.054397347357323,18.514952266948466
-19.451247980956357,-7.852114897705018,17.940349816263925,21.09091216061474
-12.934905901586813,-9.046002678760239,18.58727680230522,14.434592107132964
-8.462344176372225,-6.780594929886821,19.740493298961105,15.311604297491554
-8.728269051030724,-8.565694994021564,14.834001123633456,9.600402165478073
-18.266739675545693,-12.036189921940359,18.054397347357323,18.514952266948466
-12.599569887786162,-13.177515016728965,10.199765251957231,7.971171685093994
-17.51832222678269,-14.602162538528827,18.031663773777836,17.388171518765567
-12.599569887786162,-13.177515016728965,10.199765251957231,7.971171685093994
-10.17878307675053,-19.923844749678583,16.387862681060817,15.16196424185685
-8.26760436986052,-16.41665352480956,12.672796096289538,9.707176063865685
-10.227040103665361,-7.012473736487488,17.11482992516288,12.717122267666824
-9.459350346566229,-9.430558897853913,9.947072903431895,5.113621486227443
-8.299814066674838,-15.220041445177817,17.95266821337716,13.984350026348572
-8.430654417616603,-11.6976602168201,11.471960476418516,6.371274143083505
-7.846465777868428,-16.456049667565757,17.138940894236534,Inf
-8.430654417616603,-11.6976602168201,11.471960476418516,6.371274143083505
-9.330971354904829,-12.95290481764364,19.371535924780368,15.094466393788906
-8.430654417616603,-11.6976602168201,11.471960476418516,6.371274143083505
-12.934905901586813,-9.046002678760239,18.58727680230522,14.434592107132964
-9.459350346566229,-9.430558897853913,9.947072903431895,5.113621486227443
-7.739953674542468,-19.956959897315514,18.133525285611,16.23647524115748
-8.26760436986052,-16.41665352480956,12.672796096289538,9.707176063865685
-18.676095251599616,6.867239826359928,16.370509378042463,23.99926192639142
-16.422673888790243,-0.7216853134993357,12.166362427376114,15.035750103475653
-7.709109335894153,-1.5978211341423503,16.173210648301335,13.762524134119548
-6.289549409599369,-6.9444032720254345,9.812527612169283,5.332851564700819
-9.406389456350581,7.046679892760377,18.188260320727807,22.799591301833026
-8.421682187269628,0.2959942221426175,15.54853425749939,14.812889449142107
-13.507886989829467,-4.080702332422295,18.711382775201564,16.835048508079105
-10.822203343622387,-4.564291063231867,15.7206898364268,12.786468638284337
-10.187047577715171,-5.191699344599785,19.67838168770235,15.681512630003542
-8.728269051030724,-8.565694994021564,14.834001123633456,9.600402165478073
-12.296550751185977,13.337148478384947,19.914143641970625,29.40305319973635
-9.674178483849056,9.085727107538332,16.58437207691734,23.399820849041724
-15.785187174175288,9.772104265002788,19.1866629524118,28.971817393497073
-12.627921703711875,6.464251292782333,15.671321841063381,22.389753927097264
-17.873712216565593,-0.5725352026971287,18.044083377309732,Inf
-12.496577959296946,-1.5024650568981883,15.778228589242715,15.710433439613618
-11.403843563403733,-3.1293939300864437,19.145594170023017,16.54508604662246
-10.822203343622387,-4.564291063231867,15.7206898364268,12.786468638284337
-9.674178483849056,9.085727107538332,16.58437207691734,23.399820849041724
-9.177540515821718,3.2905317182570997,9.438065755356291,14.185666904548711
-11.075748771523184,15.599332613494525,18.959821887796636,Inf
-9.981353332074026,10.175883862178658,14.651974755583538,22.859710728050374
-9.251052446256436,4.483980309916653,19.989591334890008,21.967444247989043
-8.421682187269628,0.2959942221426175,15.54853425749939,14.812889449142107
-7.114088876636444,17.223151926025047,17.9490795922274,Inf
-4.537839394711005,8.808140606942807,16.300812152592655,22.158963857875086
5.525770208887675,-5.170742451344799,9.710863799773879,14.069400191100803
-7.0,-10.0,5.5,0.0
7.209455082502714,-8.213381070407006,0.9101981128945198,15.848106496015141
0.5567703358331677,-7.817934680855503,5.299566831302123,7.8680595079508375
14.835901732564594,-5.525223939886281,-19.655821470739745,Inf
10.205453868280987,-4.993379197621977,-16.067216150790713,28.333736645614625
-0.9485865532068694,-8.204633321320038,-10.59829039984205,18.509796495234784
-0.21052306568768842,-8.846791697949206,-3.602222653877803,11.445656844972678
-6.927927428502416,-17.41439381120177,-14.70077597090576,24.78163181165567
-5.799052655532435,-14.687606916984484,-5.208450074472584,13.32929505079738
-1.3654868222562015,-8.818322514975758,-15.51706234745673,23.48420477495855
-3.399988198517889,-11.587911649886342,-8.48411495929783,15.326589534041865
-4.8093072413737215,-13.279892472609394,-17.841966182342528,24.940036303107462
-3.399988198517889,-11.587911649886342,-8.48411495929783,15.326589534041865
-5.229377620506881,-13.464293295133816,-16.749526250935816,23.997489000408866
-3.399988198517889,-11.587911649886342,-8.48411495929783,15.326589534041865
-1.5037277995875975,-18.406939237274962,-18.64891579060413,Inf
-3.0560806272817054,-19.982843654641975,-9.010788695155076,18.47813735832721
-3.784568047668184,-18.028173122516236,-18.747772882115086,Inf
-4.112010458471067,-14.179392535183704,-13.617853449052655,Inf
-3.273257070835676,-18.854115238820867,-17.947782740212705,Inf
-4.961247405364695,-18.92853971892834,-13.406227912397233,Inf
-6.720830026378595,-16.373777634349224,-15.721524668673341,Inf
-3.399988198517889,-11.587911649886342,-8.48411495929783,15.326589534041865
-2.0907984429710424,-9.773721942089724,-18.069590766325643,26.131988821089614
-3.399988198517889,-11.587911649886342,-8.48411495929783,15.326589534041865
-5.711293530898027,-8.2507116568961,-16.894909306423145,Inf
-3.399988198517889,-11.587911649886342,-8.48411495929783,15.326589534041865
-3.804776787496131,-11.334517692109953,-17.152949772189547,Inf
-3.399988198517889,-11.587911649886342,-8.48411495929783,15.326589534041865
0.5646906976381594,-16.435917038591317,-17.045685263518415,27.544825384998795
0.44722243925744465,-17.48636135590126,-11.907909913712462,21.86521654723182
13.32327295802611,-17.82398652511434,-17.754986599868687,36.149722546007915
11.284592638783195,-15.304622611780232,-12.74042089663486,27.797243209664387
9.75350873289706,-16.747895097833457,-19.246500009419513,34.36271874137177
7.194353746412887,-11.948525865073218,-10.910672213245212,21.955964119656592
0.6520071265686482,-18.47885989430757,-17.648058214531765,27.69413519757294
0.44722243925744465,-17.48636135590126,-11.907909913712462,21.86521654723182
11.337685893418659,-11.156072976783014,-19.72101832614908,34.177547417794216
7.194353746412887,-11.948525865073218,-10.910672213245212,21.955964119656592
0.2512420187274671,-11.428239374208413,-14.778449683799968,23.26744222392005
-3.399988198517889,-11.587911649886342,-8.48411495929783,15.326589534041865
11.273151179567932,-11.225909207097668,-18.860766538230873,Inf
5.8000362892316915,-8.585571986479401,-11.432894740413477,21.320599114349154
6.812385863054928,-8.73295122599866,-18.69467643742948,Inf
5.8000362892316915,-8.585571986479401,-11.432894740413477,21.320599114349154
-0.8164358942343775,-19.809220096511623,-12.264514739149623,22.142365278557893
-1.3130986199021137,-18.273335659252268,-4.377038864585172,14.0914094011779
-3.1961421714393907,-19.492193992601578,-0.5167951887391169,12.690172766504393
-4.248806148278561,-14.033925417574702,1.7875677579575822,6.133822220774023
-3.0560806272817054,-19.982843654641975,-9.010788695155076,18.47813735832721
-3.196191631173786,-15.91530325998141,-1.427383761250045,9.871596453458269
-5.880946322609244,-18.98631230512639,-12.15351725923556,21.610571400402165
-5.799052655532435,-14.687606916984484,-5.208450074472584,13.32929505079738
-0.9366177227250176,-10.939398585510176,-14.545022833673444,22.774757403300168
-3.399988198517889,-11.587911649886342,-8.48411495929783,15.326589534041865
-2.3053311859245156,-9.941644962403435,-13.89324306720642,Inf
-3.399988198517889,-11.587911649886342,-8.48411495929783,15.326589534041865
-4.112010458471067,-14.179392535183704,-13.617853449052655,Inf
-3.399988198517889,-11.587911649886342,-8.48411495929783,15.326589534041865
-4.961247405364695,-18.92853971892834,-13.406227912397233,Inf
-5.799052655532435,-14.687606916984484,-5.208450074472584,13.32929505079738
-1.3130986199021137,-18.273335659252268,-4.377038864585172,14.0914094011779
-3.196191631173786,-15.91530325998141,-1.427383761250045,9.871596453458269
-3.5137901598913928,-10.381895559448209,-10.10212041371549,17.347818701487615
-3.399988198517889,-11.587911649886342,-8.48411495929783,15.326589534041865
-3.196191631173786,-15.91530325998141,-1.427383761250045,9.871596453458269
-7.0,-10.0,5.5,0.0
-3.399988198517889,-11.587911649886342,-8.48411495929783,15.326589534041865
-3.363156182826561,-9.715381511232515,0.2560579044636597,6.388001983092916
-5.799052655532435,-14.687606916984484,-5.208450074472584,13.32929505079738
-4.248806148278561,-14.033925417574702,1.7875677579575822,6.133822220774023
-1.7383645998532131,-19.289352028999545,-1.2712641426867037,Inf
-4.248806148278561,-14.033925417574702,1.7875677579575822,6.133822220774023
-5.887053188508569,-16.391901650507332,0.6309931988741546,Inf
-7.0,-10.0,5.5,0.0
-3.363156182826561,-9.715381511232515,0.2560579044636597,6.388001983092916
-7.0,-10.0,5.5,0.0
-0.15214648928380825,-15.709159391781888,0.22588015362047287,10.358761451977443
-7.0,-10.0,5.5,0.0
4.668869669069842,-18.708561066412486,-11.414075624141757,23.337665514906014
-1.3130986199021137,-18.273335659252268,-4.377038864585172,14.0914094011779
0.44722243925744465,-17.48636135590126,-11.907909913712462,21.86521654723182
-1.3130986199021137,-18.273335659252268,-4.377038864585172,14.0914094011779
6.252268969756052,-19.473338556797604,-4.227745692512066,19.02019120321753
-0.15214648928380825,-15.709159391781888,0.22588015362047287,10.358761451977443
2.7517706733069502,-16.387465643160944,-0.053694460095705665,13.353923588237118
-0.15214648928380825,-15.709159391781888,0.22588015362047287,10.358761451977443
0.45815597064567015,-19.621833718498777,-2.0354108272922744,14.918906886051094
-4.248806148278561,-14.033925417574702,1.7875677579575822,6.133822220774023
4.1341485787747345,-19.133499422744656,-5.194543694969482,18.07105195198325
-0.15214648928380825,-15.709159391781888,0.22588015362047287,10.358761451977443
6.761716362635308,-18.484002187007718,-2.6404094026329616,18.341046080681892
-0.15214648928380825,-15.709159391781888,0.22588015362047287,10.358761451977443
13.904072441052122,-19.850923642725746,-4.6044138256552625,25.873578058088363
6.761716362635308,-18.484002187007718,-2.6404094026329616,18.341046080681892
-0.21052306568768842,-8.846791697949206,-3.602222653877803,11.445656844972678
-3.363156182826561,-9.715381511232515,0.2560579044636597,6.388001983092916
2.2875749411574304,-14.35955914050214,-10.078287222485667,20.308857214627853
2.2227003960036917,-10.916795970904971,-4.8630017952089055,14.059374913148073
-0.5364340491143977,-9.474950603039716,-11.47200989493304,19.347198011013546
-0.21052306568768842,-8.846791697949206,-3.602222653877803,11.445656844972678
1.794968096871365,-13.667739264292607,-9.036412653225296,18.981833009948065
-0.21052306568768842,-8.846791697949206,-3.602222653877803,11.445656844972678
1.6670103508301892,-11.318236138944302,-12.54909054687758,20.915588969853886
-0.21052306568768842,-8.846791697949206,-3.602222653877803,11.445656844972678
0.4640848049211783,-15.0745454244489,-10.015950850950652,Inf
-3.196191631173786,-15.91530325998141,-1.427383761250045,9.871596453458269
2.2227003960036917,-10.916795970904971,-4.8630017952089055,14.059374913148073
-3.363156182826561,-9.715381511232515,0.2560579044636597,6.388001983092916
4.56276446272544,-14.573049493300543,-5.990477156314222,18.243190993268467
-0.15214648928380825,-15.709159391781888,0.22588015362047287,10.358761451977443
11.284592638783195,-15.304622611780232,-12.74042089663486,27.797243209664387
5.525698040759941,-12.140133562002537,-9.173001741083544,19.62556282198632
9.37491890271125,-11.460158080937273,-12.918745626796762,24.960248781211973
7.194353746412887,-11.948525865073218,-10.910672213245212,21.955964119656592
8.775340707620014,-10.827563079078635,-14.249171204387299,25.794072784294727
5.525698040759941,-12.140133562002537,-9.173001741083544,19.62556282198632
4.379615998926873,-11.251018228240808,-13.539102645283707,Inf
2.2227003960036917,-10.916795970904971,-4.8630017952089055,14.059374913148073
12.057399026362162,-8.546326326779754,-13.43239838459513,Inf
5.425318458243503,-6.985094035522197,-8.380568445245151,19.06544794257052
13.643019176476031,-10.007095955098153,-14.26081998659039,Inf
5.525698040759941,-12.140133562002537,-9.173001741083544,19.62556282198632
7.194353746412887,-11.948525865073218,-10.910672213245212,21.955964119656592
2.2227003960036917,-10.916795970904971,-4.8630017952089055,14.059374913148073
5.8000362892316915,-8.585571986479401,-11.432894740413477,21.320599114349154
-0.21052306568768842,-8.846791697949206,-3.602222653877803,11.445656844972678
5.525698040759941,-12.140133562002537,-9.173001741083544,19.62556282198632
2.2227003960036917,-10.916795970904971,-4.8630017952089055,14.059374913148073
11.542296160800028,-10.52498795118293,-9.108897672730132,25.855511265898134
5.525698040759941,-12.140133562002537,-9.173001741083544,19.62556282198632
7.735134577735032,-13.12828285002154,-8.2952429780973,Inf
2.2227003960036917,-10.916795970904971,-4.8630017952089055,14.059374913148073
10.00996575244491,-10.243430496329777,-5.152353943414418,Inf
2.3584468714533386,-7.5129143311518565,-0.7541464067594532,12.601544928988702
10.1875158752295,-9.643352041530298,-5.768442745775264,Inf
2.3584468714533386,-7.5129143311518565,-0.7541464067594532,12.601544928988702
5.989951833613318,-12.578273847672587,-0.11345194336543685,16.894745634423657
-3.363156182826561,-9.715381511232515,0.2560579044636597,6.388001983092916
-0.3513961110933117,-10.690753451557242,-0.14269076631165234,Inf
-7.0,-10.0,5.5,0.0
7.817571614023162,-13.264822494135986,-1.200047682779637,18.81597492391918
-0.15214648928380825,-15.709159391781888,0.22588015362047287,10.358761451977443
13.876386822973252,-15.599009533493557,-2.2666170690586824,24.891750874233082
5.989951833613318,-12.578273847672587,-0.11345194336543685,16.894745634423657
0.06700220040986693,-7.1421917966439175,-18.75227486974156,26.795185155110147
-0.9485865532068694,-8.204633321320038,-10.59829039984205,18.509796495234784
5.55669868023508,-5.811279466398389,-12.204587199431884,23.06772489922778
5.425318458243503,-6.985094035522197,-8.380568445245151,19.06544794257052
2.3584468714533386,-7.5129143311518565,-0.7541464067594532,12.601544928988702
-3.363156182826561,-9.715381511232515,0.2560579044636597,6.388001983092916
-4.392138741780354,-8.024997750900713,-14.176739370171685,Inf
-3.399988198517889,-11.587911649886342,-8.48411495929783,15.326589534041865
5.425318458243503,-6.985094035522197,-8.380568445245151,19.06544794257052
-0.21052306568768842,-8.846791697949206,-3.602222653877803,11.445656844972678
-3.142493155734549,-7.112591256366487,-13.851537892852583,Inf
-3.399988198517889,-11.587911649886342,-8.48411495929783,15.326589534041865
-4.636186376577456,-7.082045919997588,-16.513662426439062,Inf
-3.399988198517889,-11.587911649886342,-8.48411495929783,15.326589534041865
1.392972253965013,-5.925897987967135,-14.057646564582287,Inf
-0.9485865532068694,-8.204633321320038,-10.59829039984205,18.509796495234784
2.7693451711460852,-5.446555343803823,-2.3597867505894783,14.304635924584106
-3.363156182826561,-9.715381511232515,0.2560579044636597,6.388001983092916
9.071173452391228,-6.913187352194559,-5.948105004058597,21.1102214717994
2.3584468714533386,-7.5129143311518565,-0.7541464067594532,12.601544928988702
11.688201643473015,-7.282119227190309,-14.893283925571197,Inf
5.425318458243503,-6.985094035522197,-8.380568445245151,19.06544794257052
9.951089095371131,-7.520132524118495,0.010675358878565078,Inf
7.209455082502714,-8.213381070407006,0.9101981128945198,15.848106496015141
5.9448114902492755,-5.719005582118157,-15.587146333776856,26.3699524502135
5.8000362892316915,-8.585571986479401,-11.432894740413477,21.320599114349154
13.29007857804828,-5.9204360571722425,-8.968744641716606,26.39311645595861
9.071173452391228,-6.913187352194559,-5.948105004058597,21.1102214717994
8.057969113664072,-5.689051633606601,-9.903802075678616,22.37162641233482
5.425318458243503,-6.985094035522197,-8.380568445245151,19.06544794257052
13.119261163883081,-5.866416210082814,-10.897017878401156,27.237394600768027
5.425318458243503,-6.985094035522197,-8.380568445245151,19.06544794257052
14.538924894041756,-6.015169976373818,-12.914804146576735,31.383634203642508
8.057969113664072,-5.689051633606601,-9.903802075678616,22.37162641233482
19.048377216842745,-16.8017939874027,-8.383411046834492,32.73686321921832
6.252268969756052,-19.473338556797604,-4.227745692512066,19.02019120321753
15.266784792082262,-19.372510517849904,-8.894272960235714,30.400028705587673
13.904072441052122,-19.850923642725746,-4.6044138256552625,25.873578058088363
17.574752973511778,-19.47566401233381,-18.03790961891666,39.83101217052331
11.284592638783195,-15.304622611780232,-12.74042089663486,27.797243209664387
17.50230660076287,-15.11271272913783,-9.594871127844007,33.63905266140283
13.876386822973252,-15.599009533493557,-2.2666170690586824,24.891750874233082
16.453819701427562,-10.77026141111034,-13.66192914194122,34.14052309228793
7.194353746412887,-11.948525865073218,-10.910672213245212,21.955964119656592
15.214114089582381,-7.692005388649932,-19.68537696968017,Inf
9.37491890271125,-11.460158080937273,-12.918745626796762,24.960248781211973
16.110767212015702,-12.542911206809944,-11.647010523948538,Inf
7.194353746412887,-11.948525865073218,-10.910672213245212,21.955964119656592
18.195639366462935,-16.23003339094545,-15.920528207462272,38.63541663877983
11.284592638783195,-15.304622611780232,-12.74042089663486,27.797243209664387
17.997739822375294,-11.77961119117616,-15.162640923532802,36.150458245188645
9.37491890271125,-11.460158080937273,-12.918745626796762,24.960248781211973
18.706540344032724,-13.864162336193031,-16.03739537691167,Inf
11.284592638783195,-15.304622611780232,-12.74042089663486,27.797243209664387
18.700626422705056,-10.562815950916864,-18.058436392399074,Inf
13.643019176476031,-10.007095955098153,-14.26081998659039,Inf
15.356412702971426,-14.612157272475566,-1.838449484289022,26.633476943947365
7.817571614023162,-13.264822494135986,-1.200047682779637,18.81597492391918
14.869464843561659,-9.62693150871262,-9.508646535253096,28.435659779458398
9.071173452391228,-6.913187352194559,-5.948105004058597,21.1102214717994
19.55302247705862,-13.14545414019519,-8.175105648899574,35.54219558806428
13.876386822973252,-15.599009533493557,-2.2666170690586824,24.891750874233082
16.048791657001487,-14.437922394412475,-2.5186167828837185,27.619567184642925
7.817571614023162,-13.264822494135986,-1.200047682779637,18.81597492391918
18.07327651685769,-15.392170633181088,-4.739038777709439,31.851740306636152
13.876386822973252,-15.599009533493557,-2.2666170690586824,24.891750874233082
18.685618414244317,-14.033285597067753,-3.1762668698624523,Inf
16.048791657001487,-14.437922394412475,-2.5186167828837185,27.619567184642925
19.017023498504898,-10.746319944576355,-5.873615342046561,34.482024596906314
13.876386822973252,-15.599009533493557,-2.2666170690586824,24.891750874233082
19.15385645473294,-13.117685091409657,-6.551852614470484,34.03625199611352
13.876386822973252,-15.599009533493557,-2.2666170690586824,24.891750874233082
18.82607073124327,-11.544188056343936,-3.76742980546398,32.81881860465232
13.876386822973252,-15.599009533493557,-2.2666170690586824,24.891750874233082
17.928814953360416,-7.482528837781537,-0.01523624970687365,Inf
9.951089095371131,-7.520132524118495,0.010675358878565078,Inf
9.676732155193672,-13.80748108646416,10.562273414849113,18.722022664351446
3.3183865679748266,-13.6186450829066,9.004987397373256,11.785634467482978
0.5567703358331677,-7.817934680855503,5.299566831302123,7.8680595079508375
-7.0,-10.0,5.5,0.0
6.493293432248866,-13.238240692643624,3.0641958244238836,16.21185404485641
0.5567703358331677,-7.817934680855503,5.299566831302123,7.8680595079508375
5.114932258660218,-8.68365643609076,1.4984438239882962,13.865963340868511
0.5567703358331677,-7.817934680855503,5.299566831302123,7.8680595079508375
-4.248806148278561,-14.033925417574702,1.7875677579575822,6.133822220774023
-7.0,-10.0,5.5,0.0
9.560080872337071,-19.250569073563916,2.5579902086264994,Inf
2.7517706733069502,-16.387465643160944,-0.053694460095705665,13.353923588237118
9.452262783228782,-18.44290162155567,12.975687116999708,20.541452238439504
3.3183865679748266,-13.6186450829066,9.004987397373256,11.785634467482978
-5.477994370729702,-19.587510224633586,3.1075160483433777,9.998041453300667
-7.0,-10.0,5.5,0.0
-0.5924836739076937,-19.972352532555327,19.698763929022505,Inf
-4.002666078555084,-17.342775857272635,14.859111364644093,13.054576089451611
-1.2866196795052147,-15.585436470641216,18.918867720516147,16.519426368231372
-5.541307367940922,-15.043384311337933,11.71822906373082,8.138174377321963
-3.529762810379246,-9.48424035043912,10.384507153335374,6.013897596345198
-7.0,-10.0,5.5,0.0
-4.416093592874226,-12.033563577308213,7.133857617911836,3.6717085749482816
-7.0,-10.0,5.5,0.0
-4.002666078555084,-17.342775857272635,14.859111364644093,13.054576089451611
-5.541307367940922,-15.043384311337933,11.71822906373082,8.138174377321963
-5.541307367940922,-15.043384311337933,11.71822906373082,8.138174377321963
-7.0,-10.0,5.5,0.0
-6.632591030199171,-18.307881144772146,4.323914855405448,8.398753165445848
-7.0,-10.0,5.5,0.0
-3.7097404632627757,-14.882956392386495,15.304026074203804,12.167853600760022
-5.541307367940922,-15.043384311337933,11.71822906373082,8.138174377321963
-5.814662722436532,-10.006760853690384,14.37603040237326,8.954830309647337
-7.0,-10.0,5.5,0.0
4.403544135384827,-14.694049147087016,12.079948564268513,15.655162470377299
3.3183865679748266,-13.6186450829066,9.004987397373256,11.785634467482978
8.479278842031732,-17.904052729374786,15.064241852204809,21.64028927151427
3.3183865679748266,-13.6186450829066,9.004987397373256,11.785634467482978
8.371005429679972,-14.702055708918245,11.03210125620743,18.163301544034486
3.3183865679748266,-13.6186450829066,9.004987397373256,11.785634467482978
6.5088397994624,-15.144600767116678,9.60547106806576,15.372849712105316
3.3183865679748266,-13.6186450829066,9.004987397373256,11.785634467482978
3.9072131473780374,-17.69214279415288,11.174453163181965,Inf
3.3183865679748266,-13.6186450829066,9.004987397373256,11.785634467482978
7.939097390587708,-16.814380887842333,6.887158649960625,Inf
3.3183865679748266,-13.6186450829066,9.004987397373256,11.785634467482978
8.911555220548646,-16.37067251607501,12.486123588338145,Inf
3.3183865679748266,-13.6186450829066,9.004987397373256,11.785634467482978
-2.255296060419152,-11.762642310645717,15.855294427816787,12.075654304730556
-3.529762810379246,-9.48424035043912,10.384507153335374,6.013897596345198
-3.000344166844357,-8.210639209558632,14.822260241270591,10.661046876888374
-3.529762810379246,-9.48424035043912,10.384507153335374,6.013897596345198
-2.3714991261579783,-8.711485314179415,6.64229380123464,4.938433513075858
-7.0,-10.0,5.5,0.0
3.10839948101,-10.78867398561683,9.342614407482586,11.391009192455122
-2.3714991261579783,-8.711485314179415,6.64229380123464,4.938433513075858
3.3183865679748266,-13.6186450829066,9.004987397373256,11.785634467482978
-4.416093592874226,-12.033563577308213,7.133857617911836,3.6717085749482816
7.953970131747823,-14.333449459153194,3.857857467942594,Inf
0.5567703358331677,-7.817934680855503,5.299566831302123,7.8680595079508375
8.120101228438045,-12.35152339521334,4.900431983041138,Inf
0.5567703358331677,-7.817934680855503,5.299566831302123,7.8680595079508375
6.137071447502205,-12.988986028857639,14.730110716654167,Inf
3.10839948101,-10.78867398561683,9.342614407482586,11.391009192455122
8.820922386140772,-9.161016416897843,17.39622245714841,20.68851376398304
2.7228777671364597,-7.743407369963995,10.712600035645234,11.530644346998752
9.062208913992578,-11.294154814886932,15.941610516779285,Inf
3.10839948101,-10.78867398561683,9.342614407482586,11.391009192455122
-0.9630286322760568,-18.84280399847092,19.59512947011408,18.878608002529354
-5.541307367940922,-15.043384311337933,11.71822906373082,8.138174377321963
7.786166323523538,-14.57064979363949,19.64578738165443,23.943665186717755
4.403544135384827,-14.694049147087016,12.079948564268513,15.655162470377299
2.475837633675244,-6.777251259870871,14.620683598695493,13.845897181783574
-0.009822377195234822,-7.5917564100559165,11.6819007699155,9.63732937674899
-6.289549409599369,-6.9444032720254345,9.812527612169283,5.332851564700819
-7.0,-10.0,5.5,0.0
1.9613786151157697,-7.470326156540601,5.915669081315372,9.320854962013863
-7.0,-10.0,5.5,0.0
2.7228777671364597,-7.743407369963995,10.712600035645234,11.530644346998752
-2.3714991261579783,-8.711485314179415,6.64229380123464,4.938433513075858
-0.009822377195234822,-7.5917564100559165,11.6819007699155,9.63732937674899
-7.0,-10.0,5.5,0.0
-3.7120652689584404,-6.934869651366098,13.014855104237952,8.756630978144342
-7.0,-10.0,5.5,0.0
-5.453910388955867,-6.1357147451894,4.43548964258661,4.296076805291731
-7.0,-10.0,5.5,0.0
-0.6634751161082093,-7.016893697193183,11.392138958810243,Inf
-7.0,-10.0,5.5,0.0
8.443180483820136,-7.3763346008446895,18.35137295438934,20.908908197582367
2.475837633675244,-6.777251259870871,14.620683598695493,13.845897181783574
13.250155599880067,-17.29913432296904,9.317720566058973,23.870800114626512
6.5088397994624,-15.144600767116678,9.60547106806576,15.372849712105316
11.984428505634188,-17.34072663343457,15.866005238178111,24.532602117588958
6.5088397994624,-15.144600767116678,9.60547106806576,15.372849712105316
13.085006557421444,-18.24899543419427,14.23111949430482,25.27976476136495
6.5088397994624,-15.144600767116678,9.60547106806576,15.372849712105316
14.896802732906181,-18.41620136991393,2.270210203913976,Inf
7.953970131747823,-14.333449459153194,3.857857467942594,Inf
12.518551205210201,-9.19366656062886,18.396115541935416,25.371345185143834
8.820922386140772,-9.161016416897843,17.39622245714841,20.68851376398304
18.098117904084035,-15.426838106169027,14.315795051439117,28.083164676159107
9.676732155193672,-13.80748108646416,10.562273414849113,18.722022664351446
16.52109785849497,-6.803773739239789,10.486784797561306,25.63903239415084
14.242912644312241,-6.196063027056171,11.504678131121892,23.028062165849395
13.489747960307241,-11.15157305313299,4.938382424312611,23.250063086674068
5.114932258660218,-8.68365643609076,1.4984438239882962,13.865963340868511
14.040854543925064,-7.511046562542516,4.629102694777423,23.39739175026136
5.114932258660218,-8.68365643609076,1.4984438239882962,13.865963340868511
11.173426036474716,-9.488389567878777,1.5466940257460315,Inf
5.114932258660218,-8.68365643609076,1.4984438239882962,13.865963340868511
15.162055659497227,-10.073769265729533,17.66575865645585,27.100669307655995
8.820922386140772,-9.161016416897843,17.39622245714841,20.68851376398304
13.606214266756808,-14.834571098643776,12.162129922419581,23.087258557522556
6.5088397994624,-15.144600767116678,9.60547106806576,15.372849712105316
12.159049258032354,-17.08864433898084,14.00688176155036,Inf
8.911555220548646,-16.37067251607501,12.486123588338145,Inf
11.887520343979354,-12.790545139737421,5.994089635091733,20.906013216298746
3.3183865679748266,-13.6186450829066,9.004987397373256,11.785634467482978
14.650894303726645,-7.232616315207325,5.253142194860594,Inf
14.040854543925064,-7.511046562542516,4.629102694777423,23.39739175026136
12.04698315057825,-7.248045043341902,9.298381455556974,Inf
5.525770208887675,-5.170742451344799,9.710863799773879,14.069400191100803
16.065905555326985,-13.852673356402185,14.960193274288905,26.478650679686986
9.676732155193672,-13.80748108646416,10.562273414849113,18.722022664351446
14.242912644312241,-6.196063027056171,11.504678131121892,23.028062165849395
5.525770208887675,-5.170742451344799,9.710863799773879,14.069400191100803
18.26397045416048,-13.540896550821069,15.888165450298231,31.872346446585514
16.065905555326985,-13.852673356402185,14.960193274288905,26.478650679686986
18.549724812108025,-5.6210442116391945,2.759936321345915,28.90601957685631
14.040854543925064,-7.511046562542516,4.629102694777423,23.39739175026136
19.2911671442926,-13.057110472483826,16.037829227127304,Inf
16.065905555326985,-13.852673356402185,14.960193274288905,26.478650679686986
18.537381795789003,-12.381165842216477,10.606828193679554,27.309455501040873
9.676732155193672,-13.80748108646416,10.562273414849113,18.722022664351446
-5.365541737873762,1.663454863028786,10.03629436074415,12.62083989597609
-7.0,-10.0,5.5,0.0
-1.884980018665896,-2.8353023104343293,-11.38820828984592,19.044891746437816
-7.0,-10.0,5.5,0.0
-2.876012403812041,-3.2933683495664994,2.885763186346466,12.514670727523278
-10.021337794755443,-7.8267304731673715,5.2417672673643345,3.730719320785401
-3.4050559678916237,-3.8225220836891083,5.714997565377075,7.150599971584095
-7.0,-10.0,5.5,0.0
-6.492013062032864,-4.789690296731894,-14.710532791684994,Inf
-7.080068863147506,-7.213076121406212,-8.023681837375811,15.802409151347344
-6.637150422872287,-3.4839311844522847,-4.030124125390122,13.245860573596715
-5.453910388955867,-6.1357147451894,4.43548964258661,4.296076805291731
-6.883726400248591,-4.345598733312217,2.226191880035042,19.1818059626195
-2.5728275085194667,1.0922290333633171,3.3337414146035655,12.154680942651394
-1.9964180983656306,-4.475036572711142,-4.985251062724849,Inf
-3.363156182826561,-9.715381511232515,0.2560579044636597,6.388001983092916
-4.7580262719807465,-4.8273247384674,8.30150172920149,6.2953496723469495
-7.0,-10.0,5.5,0.0
-3.994059769540364,3.2855036510846602,-14.973425632089281,Inf
-1.884980018665896,-2.8353023104343293,-11.38820828984592,19.044891746437816
-6.668760279611465,1.1737379173104827,-15.493757817307579,Inf
-7.031280061695071,-1.7753396223850189,-7.895616514247301,17.490463582887315
-6.010569506522279,2.5742746749183425,-18.622597373641973,Inf
-1.884980018665896,-2.8353023104343293,-11.38820828984592,19.044891746437816
-5.1121529880364225,-1.1227862944323697,-17.215252038362117,Inf
-1.884980018665896,-2.8353023104343293,-11.38820828984592,19.044891746437816
-6.341233469703891,19.027034945832007,-16.632813382810532,Inf
-8.738725871849251,17.181032152344578,-8.688305367017879,Inf
-4.247403789518414,5.205720883912825,-3.9350303334641197,Inf
-2.5728275085194667,1.0922290333633171,3.3337414146035655,12.154680942651394
-6.783524315930727,-1.3178134501673782,-11.584450272280513,Inf
-6.637150422872287,-3.4839311844522847,-4.030124125390122,13.245860573596715
-5.520501733066734,15.651053994714381,3.1509884314061694,Inf
-6.553193214975774,8.545445423192099,2.384594403141371,Inf
-6.089341969251141,0.405609497538741,-9.493726401790195,Inf
-6.637150422872287,-3.4839311844522847,-4.030124125390122,13.245860573596715
-6.553193214975774,8.545445423192099,2.384594403141371,Inf
-2.5728275085194667,1.0922290333633171,3.3337414146035655,12.154680942651394
-6.422374790084637,18.960601333910887,-7.3784948604823075,Inf
-3.591880939681829,14.71750484176166,-2.9581188896273325,Inf
-5.531779327027468,3.673499874712533,-10.00716556513459,Inf
-6.637150422872287,-3.4839311844522847,-4.030124125390122,13.245860573596715
-5.113764768622877,8.587037793813312,-4.608474201296104,Inf
-2.6926081515468496,6.948225007533956,-0.9962103823147395,19.43860288179811
-5.7490549946127345,18.562291405071264,-14.730361830518888,Inf
2.3005864512233387,18.02991031686404,-8.962413809133318,Inf
-4.8043237140577855,19.898067618941695,2.153844301091688,Inf
-4.277737051376631,13.953486709208917,3.718918738305117,Inf
-4.661040783589563,8.77359561542832,9.891613666787222,19.526674577088283
-5.275328995166344,6.219747471188821,9.787462968370512,16.897922455130335
-6.4332602951791085,-1.0469955797670067,8.222343334996243,9.374893880750355
-7.0,-10.0,5.5,0.0
-5.275328995166344,6.219747471188821,9.787462968370512,16.897922455130335
-6.4332602951791085,-1.0469955797670067,8.222343334996243,9.374893880750355
-5.236344970372651,16.72547469548757,5.6682638930084295,Inf
-4.661040783589563,8.77359561542832,9.891613666787222,19.526674577088283
-6.661407617707571,10.467670502362019,6.673595563519523,Inf
-4.029132974002252,1.0142319855154298,8.200059482375792,12.183079364578754
-4.277737051376631,13.953486709208917,3.718918738305117,Inf
-2.2451234991151736,4.986806530049481,7.055405515178556,16.13650045116021
-4.029132974002252,1.0142319855154298,8.200059482375792,12.183079364578754
-4.7580262719807465,-4.8273247384674,8.30150172920149,6.2953496723469495
-2.6815797983387135,-3.2921744460494935,-8.480074441715697,18.220820405335495
-2.791852852770571,-2.8683298786141265,-4.064213337390434,13.783294782133874
-2.791852852770571,-2.8683298786141265,-4.064213337390434,13.783294782133874
-5.453910388955867,-6.1357147451894,4.43548964258661,4.296076805291731
-4.057488954027386,-0.5337995559996216,-3.394637735563151,14.02450634807269
-5.453910388955867,-6.1357147451894,4.43548964258661,4.296076805291731
-3.230921859929996,-1.0557766482674609,3.3903252246930826,9.932563065452818
-7.0,-10.0,5.5,0.0
-2.532166579345212,-1.9199862968706753,-7.837865420039698,17.682941246946122
-2.791852852770571,-2.8683298786141265,-4.064213337390434,13.783294782133874
-4.0393408788659,2.5418101109512214,-4.760120966764063,19.37884019885294
-2.791852852770571,-2.8683298786141265,-4.064213337390434,13.783294782133874
-2.630681531992991,11.688097333908374,-7.832263745031369,Inf
-2.6926081515468496,6.948225007533956,-0.9962103823147395,19.43860288179811
-3.261433984168285,5.934309830018094,-9.715434361942439,Inf
-4.057488954027386,-0.5337995559996216,-3.394637735563151,14.02450634807269
-2.2948302416371824,18.410115178430893,5.416496633093011,Inf
-2.9483414197544207,12.48708352930052,7.298728675469732,Inf
-3.591880939681829,14.71750484176166,-2.9581188896273325,Inf
-2.6926081515468496,6.948225007533956,-0.9962103823147395,19.43860288179811
-2.6926081515468496,6.948225007533956,-0.9962103823147395,19.43860288179811
-2.5728275085194667,1.0922290333633171,3.3337414146035655,12.154680942651394
-2.9483414197544207,12.48708352930052,7.298728675469732,Inf
-2.2451234991151736,4.986806530049481,7.055405515178556,16.13650045116021
-2.5728275085194667,1.0922290333633171,3.3337414146035655,12.154680942651394
-5.453910388955867,-6.1357147451894,4.43548964258661,4.296076805291731
-2.6341344734736865,19.643387025483975,4.088671652798432,Inf
-2.9483414197544207,12.48708352930052,7.298728675469732,Inf
-2.139443020364517,3.973471840460185,-3.3446992056223834,19.44103471843697
-2.5728275085194667,1.0922290333633171,3.3337414146035655,12.154680942651394
-2.2451234991151736,4.986806530049481,7.055405515178556,16.13650045116021
-3.4050559678916237,-3.8225220836891083,5.714997565377075,7.150599971584095
11.762565586020408,7.825664923257385,6.883899840134298,Inf
5.7125740862955965,5.195870802775751,4.077185132722001,Inf
2.4380110885329103,-0.9474638663104429,2.768989716192152,13.886571776548932
-5.453910388955867,-6.1357147451894,4.43548964258661,4.296076805291731
2.8374694178746473,-1.758578139002136,-6.829700656317916,19.147316963238925
1.1239753655455615,-2.6012574744275767,-4.226633543340945,15.918984773952563
0.11279199537836959,-3.156008642287027,-18.208183477029625,Inf
-1.884980018665896,-2.8353023104343293,-11.38820828984592,19.044891746437816
-0.28323130125190943,-3.000930671585067,-16.553385384901222,Inf
-1.884980018665896,-2.8353023104343293,-11.38820828984592,19.044891746437816
2.5814238298722287,-4.022516076985712,-14.283234427472138,Inf
-1.884980018665896,-2.8353023104343293,-11.38820828984592,19.044891746437816
1.1239753655455615,-2.6012574744275767,-4.226633543340945,15.918984773952563
-3.363156182826561,-9.715381511232515,0.2560579044636597,6.388001983092916
-0.21190141014138675,-2.9431270232595352,5.100887684026247,Inf
-7.0,-10.0,5.5,0.0
3.9965012992475195,-4.64771536263485,-5.953796340753295,17.837933034387582
-0.21052306568768842,-8.846791697949206,-3.602222653877803,11.445656844972678
4.048600151895727,13.798006168176677,-3.571917813770167,Inf
0.8803369337442462,9.393755325115407,-0.5558334532897646,Inf
0.026775840157036157,8.129137358181858,-14.529367232584134,Inf
-0.18137689723030803,2.3242881362379038,-10.357672269626699,Inf
-0.18137689723030803,2.3242881362379038,-10.357672269626699,Inf
-2.791852852770571,-2.8683298786141265,-4.064213337390434,13.783294782133874
2.105942207707585,8.52089273026385,-15.534536091432427,Inf
-0.18137689723030803,2.3242881362379038,-10.357672269626699,Inf
3.4449838950627836,0.5118122017566122,-16.509491573617208,Inf
-1.884980018665896,-2.8353023104343293,-11.38820828984592,19.044891746437816
2.162292606206364,1.8368911858579011,-18.670956912059484,Inf
-1.884980018665896,-2.8353023104343293,-11.38820828984592,19.044891746437816
1.5614142127338226,2.874930907684199,-16.884394906205316,Inf
-1.884980018665896,-2.8353023104343293,-11.38820828984592,19.044891746437816
0.26186872304941033,-0.756963761435383,-6.229172098464799,18.080983554084625
-2.791852852770571,-2.8683298786141265,-4.064213337390434,13.783294782133874
0.18031872721105913,8.24097300015363,-7.315589468888488,Inf
-2.6926081515468496,6.948225007533956,-0.9962103823147395,19.43860288179811
4.442075313653085,-0.7700916908185178,-16.161617588170458,Inf
-1.884980018665896,-2.8353023104343293,-11.38820828984592,19.044891746437816
2.7577252762688502,6.4001090696087175,-15.709809333262,Inf
-0.18137689723030803,2.3242881362379038,-10.357672269626699,Inf
4.135996623229161,8.718740850020641,-7.10791142972683,Inf
3.2262876068070128,3.1656953013036393,-1.3079660979546226,19.73131530538707
2.7053774404328195,9.969609128067898,-7.687133208120294,Inf
-2.6926081515468496,6.948225007533956,-0.9962103823147395,19.43860288179811
4.291098900733125,9.337874221658957,-19.151198213780447,Inf
2.105942207707585,8.52089273026385,-15.534536091432427,Inf
3.848993187257399,9.008875135222887,-14.711287247390743,Inf
-0.18137689723030803,2.3242881362379038,-10.357672269626699,Inf
0.2539488077900671,13.970131497116327,-3.8700526269017814,Inf
-0.4732374883015922,9.159878214876898,-0.24263241975350525,Inf
0.8803369337442462,9.393755325115407,-0.5558334532897646,Inf
-2.5728275085194667,1.0922290333633171,3.3337414146035655,12.154680942651394
-0.5683363058501172,8.109830211063091,-3.3689187483288663,Inf
-2.5728275085194667,1.0922290333633171,3.3337414146035655,12.154680942651394
-0.9173542243722999,2.745917279077325,-2.62565956168066,18.5570036933939
-2.5728275085194667,1.0922290333633171,3.3337414146035655,12.154680942651394
0.4670374386722358,-0.5968829716552726,1.21872293102858,Inf
-2.791852852770571,-2.8683298786141265,-4.064213337390434,13.783294782133874
-0.17173129650792163,14.739903325386692,-1.5916261250189478,Inf
-0.4732374883015922,9.159878214876898,-0.24263241975350525,Inf
-0.4732374883015922,9.159878214876898,-0.24263241975350525,Inf
-2.5728275085194667,1.0922290333633171,3.3337414146035655,12.154680942651394
-1.1132686202009694,8.837456341934569,4.536094912101333,Inf
-2.5728275085194667,1.0922290333633171,3.3337414146035655,12.154680942651394
-1.4583518423357589,14.160835262251474,-0.693539989377161,Inf
-0.4732374883015922,9.159878214876898,-0.24263241975350525,Inf
4.3528291409590025,8.92361109451074,-3.4083074547408216,Inf
2.4320143483402212,2.584005300057875,1.5532631024304138,16.76491308981635
2.4320143483402212,2.584005300057875,1.5532631024304138,16.76491308981635
-3.4050559678916237,-3.8225220836891083,5.714997565377075,7.150599971584095
3.2262876068070128,3.1656953013036393,-1.3079660979546226,19.73131530538707
2.4380110885329103,-0.9474638663104429,2.768989716192152,13.886571776548932
2.1638156705128075,11.686879647662991,-0.44028480351915533,Inf
0.8803369337442462,9.393755325115407,-0.5558334532897646,Inf
2.7017477639827803,14.068330889883391,4.591275735110891,Inf
1.1816612664247295,7.889410352652632,9.912105837830573,Inf
3.7912015606858844,14.075528050915452,1.9741006421516083,Inf
0.8803369337442462,9.393755325115407,-0.5558334532897646,Inf
17.09588616603198,-4.194253875003078,-19.564571423556103,39.465150348091434
10.205453868280987,-4.993379197621977,-16.067216150790713,28.333736645614625
10.205453868280987,-4.993379197621977,-16.067216150790713,28.333736645614625
5.425318458243503,-6.985094035522197,-8.380568445245151,19.06544794257052
17.317032819315592,-4.835721215391144,-19.13894682782192,Inf
10.205453868280987,-4.993379197621977,-16.067216150790713,28.333736645614625
8.371204328724858,-5.050464998434325,0.3866224434576182,17.50451578764382
0.5567703358331677,-7.817934680855503,5.299566831302123,7.8680595079508375
8.088297028952994,-4.789508329673771,-4.85544010537974,Inf
2.3584468714533386,-7.5129143311518565,-0.7541464067594532,12.601544928988702
11.820902696795883,-4.857004936625806,-7.546774637056686,Inf
8.088297028952994,-4.789508329673771,-4.85544010537974,Inf
17.527466272768912,3.590667340186158,6.300267871781074,31.467150343323112
11.285272747017466,-0.6575318102128058,5.563987330879378,22.479960471261776
18.32100763623024,1.744900633395126,-4.1270288833699365,Inf
15.208867410226233,-0.19974353780301612,-3.4274706061460876,Inf
7.357541236660836,-3.308731512822682,-5.372297770687258,Inf
2.7693451711460852,-5.446555343803823,-2.3597867505894783,14.304635924584106
10.288433028736257,-3.5193454983425383,-5.26449460118493,Inf
2.3584468714533386,-7.5129143311518565,-0.7541464067594532,12.601544928988702
13.974537888272287,-3.812932032391121,-14.494294538750472,Inf
8.057969113664072,-5.689051633606601,-9.903802075678616,22.37162641233482
15.556997621498077,-3.7975898962024246,3.3022081886241317,25.359830008327506
8.371204328724858,-5.050464998434325,0.3866224434576182,17.50451578764382
6.166172981819223,-4.1770874276587655,-4.293481385434044,18.414278598383227
2.7693451711460852,-5.446555343803823,-2.3597867505894783,14.304635924584106
16.60262259021158,-1.413865470655466,-18.447864714736582,38.11015923477942
10.205453868280987,-4.993379197621977,-16.067216150790713,28.333736645614625
8.151391372691226,-2.2151200243074065,-13.607172745978389,26.648423487763395
5.425318458243503,-6.985094035522197,-8.380568445245151,19.06544794257052
5.165836727416728,-2.454265118943894,-14.897487190817698,26.929956396327743
-1.884980018665896,-2.8353023104343293,-11.38820828984592,19.044891746437816
5.845787086016632,-2.303719051506114,-17.52653752944939,28.93055948522942
-1.884980018665896,-2.8353023104343293,-11.38820828984592,19.044891746437816
15.665693376002977,10.50296319632669,-18.377460751495587,Inf
8.99445544556383,4.6603892348312925,-13.861905342028882,Inf
5.371608716243166,10.491686146876695,-18.66109886414911,Inf
2.105942207707585,8.52089273026385,-15.534536091432427,Inf
10.300780704695214,13.60973357489165,-17.744610788569666,Inf
3.848993187257399,9.008875135222887,-14.711287247390743,Inf
13.547812970583038,11.483660598430639,-18.095043005799106,Inf
8.99445544556383,4.6603892348312925,-13.861905342028882,Inf
16.347119355871236,0.7528291527184017,-17.863412199976914,Inf
8.151391372691226,-2.2151200243074065,-13.607172745978389,26.648423487763395
8.155645038871484,1.6950208373434172,-16.057508378899705,Inf
8.151391372691226,-2.2151200243074065,-13.607172745978389,26.648423487763395
13.648107442693544,4.916081849598022,-16.519567345615805,Inf
8.151391372691226,-2.2151200243074065,-13.607172745978389,26.648423487763395
8.99445544556383,4.6603892348312925,-13.861905342028882,Inf
7.551543744493927,2.221433736496987,-7.450371006861198,Inf
10.979226075029107,-2.052870662594568,-16.449970344293856,32.350908803619916
8.057969113664072,-5.689051633606601,-9.903802075678616,22.37162641233482
12.602345216116646,0.1713553269108843,-15.887993522997688,Inf
8.057969113664072,-5.689051633606601,-9.903802075678616,22.37162641233482
16.594630321980247,13.114276505509324,-16.429350009819554,Inf
17.31950780471486,4.433411148962492,-11.844449198474827,Inf
8.670387976871528,8.58112947989465,-16.73734146688335,Inf
3.848993187257399,9.008875135222887,-14.711287247390743,Inf
8.922192134846458,4.969719257665098,-15.32475692652815,Inf
7.551543744493927,2.221433736496987,-7.450371006861198,Inf
17.97080830104037,-0.23113517605295186,-14.49163552023478,36.97256582980225
13.119261163883081,-5.866416210082814,-10.897017878401156,27.237394600768027
17.34861859734722,-2.3717363753837333,-17.212442791776297,37.61503123223551
13.119261163883081,-5.866416210082814,-10.897017878401156,27.237394600768027
15.748544570172747,1.3824941167530724,5.083106488453886,27.410857705505936
11.285272747017466,-0.6575318102128058,5.563987330879378,22.479960471261776
9.445415423559513,13.192277415381717,5.363260624052959,Inf
5.7125740862955965,5.195870802775751,4.077185132722001,Inf
8.818802219661634,8.070733412847481,-4.418553579380964,Inf
3.2262876068070128,3.1656953013036393,-1.3079660979546226,19.73131530538707
8.634977461844755,-0.4401140884884214,-5.21276342490272,Inf
2.7693451711460852,-5.446555343803823,-2.3597867505894783,14.304635924584106
5.600026524027079,11.780781024635303,-5.66258720672197,Inf
3.2262876068070128,3.1656953013036393,-1.3079660979546226,19.73131530538707
7.551543744493927,2.221433736496987,-7.450371006861198,Inf
1.1239753655455615,-2.6012574744275767,-4.226633543340945,15.918984773952563
14.593869858411765,4.261437769980816,-11.628463092512407,Inf
8.634977461844755,-0.4401140884884214,-5.21276342490272,Inf
11.073300360433986,0.47386634935348226,-6.503379783961387,Inf
8.634977461844755,-0.4401140884884214,-5.21276342490272,Inf
8.94798517550668,5.643811012124065,-10.025400757323828,Inf
7.551543744493927,2.221433736496987,-7.450371006861198,Inf
13.379581410706088,12.541043630316878,-4.81672219341136,Inf
8.818802219661634,8.070733412847481,-4.418553579380964,Inf
15.235514401792031,-3.178788456400561,5.265445439179722,26.131499019388144
8.371204328724858,-5.050464998434325,0.3866224434576182,17.50451578764382
13.293997994633642,6.991197673166958,-1.853906298784711,Inf
12.208473382808975,2.7689855711918128,-2.0590875346397723,Inf
12.890916455818896,5.739224522447053,2.7746079264475725,Inf
5.7125740862955965,5.195870802775751,4.077185132722001,Inf
12.208473382808975,2.7689855711918128,-2.0590875346397723,Inf
8.371204328724858,-5.050464998434325,0.3866224434576182,17.50451578764382
8.508251949436534,-1.6122991668029663,-0.015379228070734996,Inf
2.4380110885329103,-0.9474638663104429,2.768989716192152,13.886571776548932
10.728798753077857,3.277337695150095,-4.230535465466181,Inf
6.166172981819223,-4.1770874276587655,-4.293481385434044,18.414278598383227
15.208867410226233,-0.19974353780301612,-3.4274706061460876,Inf
8.371204328724858,-5.050464998434325,0.3866224434576182,17.50451578764382
14.251561131867263,5.439752429246667,1.1615103285418655,Inf
8.508251949436534,-1.6122991668029663,-0.015379228070734996,Inf
10.723394391699124,-1.3919864742490802,2.9860968110681263,Inf
2.4380110885329103,-0.9474638663104429,2.768989716192152,13.886571776548932
5.7125740862955965,5.195870802775751,4.077185132722001,Inf
2.4380110885329103,-0.9474638663104429,2.768989716192152,13.886571776548932
15.008192567191315,2.1036459659565487,5.044161166498505,27.144127485877544
11.285272747017466,-0.6575318102128058,5.563987330879378,22.479960471261776
11.285272747017466,-0.6575318102128058,5.563987330879378,22.479960471261776
5.525770208887675,-5.170742451344799,9.710863799773879,14.069400191100803
12.614963461617052,0.21164850981157457,3.207435165071935,Inf
10.723394391699124,-1.3919864742490802,2.9860968110681263,Inf
6.860675052869453,11.669646163556653,5.624591575287738,Inf
4.360165902076751,9.278513725915118,7.9359770631157645,Inf
15.126888964967556,8.860040270212963,4.771955106167624,Inf
11.762565586020408,7.825664923257385,6.883899840134298,Inf
12.903182694929669,9.443406365356264,-0.32147241870383425,Inf
5.7125740862955965,5.195870802775751,4.077185132722001,Inf
7.0,12.0,-0.5,Inf
3.2262876068070128,3.1656953013036393,-1.3079660979546226,19.73131530538707
13.516351517782113,11.529498606753066,-0.34731936578914,Inf
12.903182694929669,9.443406365356264,-0.32147241870383425,Inf
6.805791105176368,13.799619072117544,0.07131750401621062,Inf
0.8803369337442462,9.393755325115407,-0.5558334532897646,Inf
12.290325827407443,14.495156185094245,3.916710255763334,Inf
9.445415423559513,13.192277415381717,5.363260624052959,Inf
17.31950780471486,4.433411148962492,-11.844449198474827,Inf
11.073300360433986,0.47386634935348226,-6.503379783961387,Inf
16.731791321775077,-0.6773607761351741,2.2641676698716218,Inf
8.371204328724858,-5.050464998434325,0.3866224434576182,17.50451578764382
17.468907987416614,3.3063814500863202,-6.380484157935014,Inf
15.208867410226233,-0.19974353780301612,-3.4274706061460876,Inf
17.906914231980323,13.601455891793677,-1.4364709546283834,Inf
12.903182694929669,9.443406365356264,-0.32147241870383425,Inf
17.44248620191948,9.582184803306859,0.5464235021884605,Inf
12.890916455818896,5.739224522447053,2.7746079264475725,Inf
15.799452399736566,11.593620356915526,-0.6765164768781702,Inf
12.903182694929669,9.443406365356264,-0.32147241870383425,Inf
17.016548863506912,9.318580234452156,4.065672796495772,Inf
12.890916455818896,5.739224522447053,2.7746079264475725,Inf
17.166430290898987,6.48608011941959,1.8138145781676407,Inf
11.285272747017466,-0.6575318102128058,5.563987330879378,22.479960471261776
18.286729543172058,13.772243257305774,3.3792739452827263,Inf
11.762565586020408,7.825664923257385,6.883899840134298,Inf
18.88097731990343,0.07136450315512022,-2.5613670443128527,Inf
15.208867410226233,-0.19974353780301612,-3.4274706061460876,Inf
19.19641546485481,-0.13978658441815384,4.800172642243403,31.16843081811306
11.285272747017466,-0.6575318102128058,5.563987330879378,22.479960471261776
19.57016958183683,-3.9454372160248568,0.30218043936031336,Inf
15.556997621498077,-3.7975898962024246,3.3022081886241317,25.359830008327506
18.655689682987955,-1.0883656552845906,-8.148577859580808,Inf
10.288433028736257,-3.5193454983425383,-5.26449460118493,Inf
19.090127372685934,-1.2966903739135844,5.306563360553689,30.13004425032483
15.556997621498077,-3.7975898962024246,3.3022081886241317,25.359830008327506
19.223807407790538,10.969173514529167,4.0518680126728235,36.816955851724686
12.890916455818896,5.739224522447053,2.7746079264475725,Inf
19.098258612258462,0.43803299853626854,-14.1738698885929,38.32160446779658
13.119261163883081,-5.866416210082814,-10.897017878401156,27.237394600768027
18.919824057851756,2.5873735524828945,-14.750632769895091,Inf
14.593869858411765,4.261437769980816,-11.628463092512407,Inf
18.782207657076164,4.355963521038326,-15.757669776833811,Inf
14.593869858411765,4.261437769980816,-11.628463092512407,Inf
18.628091309617886,9.767402082492751,-7.984436826572887,Inf
17.468907987416614,3.3063814500863202,-6.380484157935014,Inf
9.615331258587815,-0.9919092596926227,6.456812230795428,Inf
5.525770208887675,-5.170742451344799,9.710863799773879,14.069400191100803
11.081974691768465,6.648646802764624,8.713080415688488,28.430219201953662
8.30742887025491,5.38468624512295,8.238225052182464,Inf
-0.7429470497422059,3.518658567239193,9.036090384605853,15.585985764274863
-4.7580262719807465,-4.8273247384674,8.30150172920149,6.2953496723469495
-1.7432915752642764,0.8288004537997935,7.621539784012363,12.445046635381464
-3.4050559678916237,-3.8225220836891083,5.714997565377075,7.150599971584095
-0.1898752668057213,1.8907177362915988,9.42881621755026,Inf
-4.7580262719807465,-4.8273247384674,8.30150172920149,6.2953496723469495
8.30742887025491,5.38468624512295,8.238225052182464,Inf
-0.7429470497422059,3.518658567239193,9.036090384605853,15.585985764274863
7.505091860196266,6.763692291926382,8.131650376785622,Inf
-0.7429470497422059,3.518658567239193,9.036090384605853,15.585985764274863
4.360165902076751,9.278513725915118,7.9359770631157645,Inf
-0.7429470497422059,3.518658567239193,9.036090384605853,15.585985764274863
1.1816612664247295,7.889410352652632,9.912105837830573,Inf
-1.7432915752642764,0.8288004537997935,7.621539784012363,12.445046635381464
1.315008266716191,9.430641396398993,9.903846833127467,Inf
-1.7432915752642764,0.8288004537997935,7.621539784012363,12.445046635381464
10.94801262196814,9.39415905359608,9.696303609392515,Inf
7.505091860196266,6.763692291926382,8.131650376785622,Inf
13.658676531266593,-5.001914528567761,9.900515922430266,22.20626912477107
5.525770208887675,-5.170742451344799,9.710863799773879,14.069400191100803
14.615309333860715,4.942600354417046,9.285959130590847,32.15077426588918
11.285272747017466,-0.6575318102128058,5.563987330879378,22.479960471261776
16.250638908088376,7.875348205669717,9.093805318522659,33.36117224930113
8.30742887025491,5.38468624512295,8.238225052182464,Inf
14.535146128673553,0.4822940842737111,9.154430727706327,27.809963101259218
11.285272747017466,-0.6575318102128058,5.563987330879378,22.479960471261776
12.976073148238186,4.467274980092064,9.419937435785606,30.184498887645812
11.285272747017466,-0.6575318102128058,5.563987330879378,22.479960471261776
15.60963902584141,-3.6984680789686593,9.30609404706436,Inf
13.658676531266593,-5.001914528567761,9.900515922430266,22.20626912477107
14.801003512974773,3.866902587043171,9.721702848753822,Inf
11.285272747017466,-0.6575318102128058,5.563987330879378,22.479960471261776
13.132342011694611,15.79140542955082,6.872284292142801,34.86386529078098
9.445415423559513,13.192277415381717,5.363260624052959,Inf
12.414125256935037,18.459834656946718,4.870137598962792,Inf
9.445415423559513,13.192277415381717,5.363260624052959,Inf
1.5289400577012273,16.46582094752452,-4.008362998646149,Inf
-0.4732374883015922,9.159878214876898,-0.24263241975350525,Inf
-1.8829427007789512,16.013467560320464,3.104355374934027,Inf
-0.4732374883015922,9.159878214876898,-0.24263241975350525,Inf
7.1414778430435,16.254787362302913,5.385618576136373,Inf
4.360165902076751,9.278513725915118,7.9359770631157645,Inf
9.215287081045016,16.109240158729065,-2.8955920233754995,Inf
2.1638156705128075,11.686879647662991,-0.44028480351915533,Inf
7.642319361574323,19.20407505472344,5.665606263096485,Inf
3.799672567451296,13.748311981336244,10.773132677849038,26.898134401536485
2.3005864512233387,18.02991031686404,-8.962413809133318,Inf
0.2539488077900671,13.970131497116327,-3.8700526269017814,Inf
-0.9039394061445876,17.26904128979178,2.1700456837959976,Inf
-0.4732374883015922,9.159878214876898,-0.24263241975350525,Inf
9.340984051453177,16.56267445397954,4.286516449018059,Inf
4.360165902076751,9.278513725915118,7.9359770631157645,Inf
8.981208743395584,16.664468616210833,4.174456870404217,Inf
4.360165902076751,9.278513725915118,7.9359770631157645,Inf
12.133580323617053,17.216435875823606,-4.815982827137839,Inf
9.215287081045016,16.109240158729065,-2.8955920233754995,Inf
2.5464340136102592,17.614329055660377,4.911450510218511,Inf
-2.9483414197544207,12.48708352930052,7.298728675469732,Inf
4.721078688923896,19.988801063445827,1.7218966622264702,Inf
2.1638156705128075,11.686879647662991,-0.44028480351915533,Inf
8.317495534567279,19.79822088935984,-7.110435711948755,Inf
4.048600151895727,13.798006168176677,-3.571917813770167,Inf
2.8742008219738047,17.99985225426569,-2.2100632041028234,Inf
-0.4732374883015922,9.159878214876898,-0.24263241975350525,Inf
6.3704351001316155,18.662043069729492,3.881635952553122,Inf
3.7912015606858844,14.075528050915452,1.9741006421516083,Inf
12.123469794856035,18.851145096750123,6.205459365795669,36.42414672138859
9.445415423559513,13.192277415381717,5.363260624052959,Inf
-1.563884705736946,16.887221468270198,6.1522258008517205,Inf
-2.9483414197544207,12.48708352930052,7.298728675469732,Inf
0.5971133116344518,17.580628580361967,5.950974185647748,Inf
-2.9483414197544207,12.48708352930052,7.298728675469732,Inf
15.057589574415424,18.050574083953983,-4.125547568597483,Inf
9.215287081045016,16.109240158729065,-2.8955920233754995,Inf
17.76591202583362,15.301934808957547,-6.635474490062165,Inf
12.903182694929669,9.443406365356264,-0.32147241870383425,Inf
14.07325891377208,17.63680334353257,-5.119062892659052,Inf
9.215287081045016,16.109240158729065,-2.8955920233754995,Inf
12.475036146620802,16.21919360255348,-1.5049702937058917,Inf
6.805791105176368,13.799619072117544,0.07131750401621062,Inf
19.880563514468278,16.052274283727535,-1.8438109509493898,Inf
12.903182694929669,9.443406365356264,-0.32147241870383425,Inf
17.9636286934023,14.953386661199985,1.7516478460117995,Inf
12.903182694929669,9.443406365356264,-0.32147241870383425,Inf
15.75654821045476,16.346348070688194,0.49932570257587017,Inf
12.903182694929669,9.443406365356264,-0.32147241870383425,Inf
18.528458766236817,16.62114379621572,-4.564671369867224,Inf
15.799452399736566,11.593620356915526,-0.6765164768781702,Inf
12.955925566165533,19.689588938330182,-1.8370927855007047,Inf
9.215287081045016,16.109240158729065,-2.8955920233754995,Inf
-0.5045069822715149,17.197149189562282,9.206688674954435,29.18544437075405
-4.661040783589563,8.77359561542832,9.891613666787222,19.526674577088283
-1.3722547011409674,16.0700650746983,8.030070786980943,27.984313180033304
-2.9483414197544207,12.48708352930052,7.298728675469732,Inf
19.915034218683665,15.042757881330289,7.754011814676069,40.83230951481368
15.126888964967556,8.860040270212963,4.771955106167624,Inf
11.711369236498328,15.349021312716609,8.817516922438806,34.76743597468216
4.360165902076751,9.278513725915118,7.9359770631157645,Inf
19.406794107576644,15.492520638759395,6.874681993735223,Inf
15.126888964967556,8.860040270212963,4.771955106167624,Inf
3.808357821348345,13.05341785588351,10.899360004746399,27.271320175037
1.1816612664247295,7.889410352652632,9.912105837830573,Inf
-3.8622663510349824,19.8631190277299,19.46241502273479,35.551622473347436
-5.2535870042366195,14.439964398283038,11.270138497140671,Inf
-5.2535870042366195,14.439964398283038,11.270138497140671,Inf
-5.275328995166344,6.219747471188821,9.787462968370512,16.897922455130335
3.799672567451296,13.748311981336244,10.773132677849038,26.898134401536485
1.1816612664247295,7.889410352652632,9.912105837830573,Inf
0.09987517978961691,15.611095862953242,10.48093907318745,28.11980908117306
-4.661040783589563,8.77359561542832,9.891613666787222,19.526674577088283
-6.346338716653612,11.649978141670154,10.736963808463244,Inf
-5.275328995166344,6.219747471188821,9.787462968370512,16.897922455130335
-2.750529995800033,1.2120927328260045,10.399287646157227,12.996492145449672
-4.7580262719807465,-4.8273247384674,8.30150172920149,6.2953496723469495
1.8287595261458307,-3.8775118278456873,10.982606642841219,Inf
-2.3714991261579783,-8.711485314179415,6.64229380123464,4.938433513075858
2.7547770426096037,14.516588456818262,19.3474255822735,31.90834767155983
0.03453864347979163,9.209580414218223,15.378322226135452,24.193011358840586
2.566403082104827,4.774760760677701,19.16785497430334,24.066439095764494
-0.5732002372950902,-0.819403438610486,18.479409945173387,17.53801812915558
0.16894179819431798,4.482888343613382,13.41392288442659,18.317154238017658
-2.750529995800033,1.2120927328260045,10.399287646157227,12.996492145449672
-4.5415077199329,-2.705172273470488,13.048458788686617,10.945157667104539
-6.289549409599369,-6.9444032720254345,9.812527612169283,5.332851564700819
-4.909885005534322,-2.4536652403077923,15.216267630053302,12.493201285087427
-6.289549409599369,-6.9444032720254345,9.812527612169283,5.332851564700819
-6.969357075766167,-3.273023219972913,13.833805168570954,Inf
-6.289549409599369,-6.9444032720254345,9.812527612169283,5.332851564700819
-1.6492371649319182,-1.2667882286629535,16.954523284830486,16.374184936503774
-3.7120652689584404,-6.934869651366098,13.014855104237952,8.756630978144342
-3.9379211678065644,-2.1361774048402964,13.702029231190451,11.949301838211085
-6.289549409599369,-6.9444032720254345,9.812527612169283,5.332851564700819
-0.5732002372950902,-0.819403438610486,18.479409945173387,17.53801812915558
-3.7120652689584404,-6.934869651366098,13.014855104237952,8.756630978144342
-1.7917955168532345,8.294950420700076,17.998617119228314,25.967667058043347
0.16894179819431798,4.482888343613382,13.41392288442659,18.317154238017658
-4.537839394711005,8.808140606942807,16.300812152592655,22.158963857875086
-5.365541737873762,1.663454863028786,10.03629436074415,12.62083989597609
-6.342622032223977,8.078993675745902,16.82877799152547,22.0150752578094
-5.365541737873762,1.663454863028786,10.03629436074415,12.62083989597609
-6.998930707329674,18.52495964795999,15.58940915740861,31.646739266564726
-6.346338716653612,11.649978141670154,10.736963808463244,Inf
-5.485806885133533,10.198286705823243,14.840439759755725,Inf
-5.365541737873762,1.663454863028786,10.03629436074415,12.62083989597609
0.4372296730135439,6.346631495705914,16.24410146277789,22.323477085726346
-2.750529995800033,1.2120927328260045,10.399287646157227,12.996492145449672
-0.7094138902001212,5.298223174585502,13.15462992380553,19.241588854373774
-2.750529995800033,1.2120927328260045,10.399287646157227,12.996492145449672
0.03453864347979163,9.209580414218223,15.378322226135452,24.193011358840586
-2.750529995800033,1.2120927328260045,10.399287646157227,12.996492145449672
-1.1116466049608142,9.250923138249874,13.66773657701674,Inf
-2.750529995800033,1.2120927328260045,10.399287646157227,12.996492145449672
-0.2821166581006196,12.34980670763769,13.933133547657633,Inf
-1.1116466049608142,9.250923138249874,13.66773657701674,Inf
2.1548540147373885,8.671214972597685,19.900753472427695,26.984488310771447
0.16894179819431798,4.482888343613382,13.41392288442659,18.317154238017658
-0.1857301428713427,9.618015831669908,18.084711132700974,25.81734386758105
0.16894179819431798,4.482888343613382,13.41392288442659,18.317154238017658
-3.964304574958568,15.883548957697428,18.993154276038553,Inf
-5.485806885133533,10.198286705823243,14.840439759755725,Inf
3.0722223988947484,-1.3035847989831524,14.754670612758176,17.743559611028324
-0.009822377195234822,-7.5917564100559165,11.6819007699155,9.63732937674899
3.310998462251,7.346807480467987,19.227044317071737,26.584562290984838
0.16894179819431798,4.482888343613382,13.41392288442659,18.317154238017658
-1.746472378701995,19.904814342265368,19.663665487054807,37.67737513581874
-3.8622663510349824,19.8631190277299,19.46241502273479,35.551622473347436
12.637125769309606,6.522321287472465,10.715653472174822,30.873098944085903
8.30742887025491,5.38468624512295,8.238225052182464,Inf
12.354350184638065,0.47791992339928413,15.864962642473024,26.217586055822267
9.70721166321077,-3.327365869569636,14.199082876926859,20.474601229529547
5.408515174371047,-3.934358239823208,12.864625304023718,17.458884855073716
-0.009822377195234822,-7.5917564100559165,11.6819007699155,9.63732937674899
9.70721166321077,-3.327365869569636,14.199082876926859,20.474601229529547
5.525770208887675,-5.170742451344799,9.710863799773879,14.069400191100803
15.61800372419684,-4.82085755907308,13.925508083899665,26.577291077638463
14.242912644312241,-6.196063027056171,11.504678131121892,23.028062165849395
8.998147173181394,-3.5767323034331433,14.515253009698704,Inf
2.7228777671364597,-7.743407369963995,10.712600035645234,11.530644346998752
17.358531927009665,3.3906214594295037,11.605403111436576,31.535268566644575
15.608966903235732,1.4032216857438051,13.246381213554898,28.09803969199779
19.095704883000657,4.4897865537730475,10.156964221163555,33.68630612954029
15.608966903235732,1.4032216857438051,13.246381213554898,28.09803969199779
13.959029964387852,1.4479526029317746,10.165725667102706,28.034336394340418
9.70721166321077,-3.327365869569636,14.199082876926859,20.474601229529547
19.409779625430097,-1.6271775748011663,12.006923923816103,29.199193475507116
13.658676531266593,-5.001914528567761,9.900515922430266,22.20626912477107
18.82761204960267,-2.5987543339110175,12.166739403972159,28.340504381279473
13.658676531266593,-5.001914528567761,9.900515922430266,22.20626912477107
15.608966903235732,1.4032216857438051,13.246381213554898,28.09803969199779
9.70721166321077,-3.327365869569636,14.199082876926859,20.474601229529547
19.69088752067865,-1.533531732706173,12.506438782375042,Inf
13.658676531266593,-5.001914528567761,9.900515922430266,22.20626912477107
14.09275873956517,4.638929429017502,17.48199558206978,31.008291634067483
9.70721166321077,-3.327365869569636,14.199082876926859,20.474601229529547
10.846960404318935,4.300997617951108,19.863980965909278,30.0444511264273
9.70721166321077,-3.327365869569636,14.199082876926859,20.474601229529547
8.151141235192334,0.8327155498940009,18.66843246309942,Inf
3.0722223988947484,-1.3035847989831524,14.754670612758176,17.743559611028324
8.438169641371587,0.5280060735037821,19.765556684239378,Inf
3.0722223988947484,-1.3035847989831524,14.754670612758176,17.743559611028324
10.553025197601471,8.042646225916936,14.477271933571089,31.1993497477709
5.57691629557473,8.012534535155904,14.679529891693129,26.219041042442086
15.211531407523402,6.8653216444329175,10.747449240271195,33.03878114360994
8.30742887025491,5.38468624512295,8.238225052182464,Inf
7.394117919204362,17.93572316472929,11.500113079139886,33.35864182454373
3.799672567451296,13.748311981336244,10.773132677849038,26.898134401536485
10.325490438160205,13.974874375087182,13.365170004220758,33.95376758371422
4.360165902076751,9.278513725915118,7.9359770631157645,Inf
13.274025418283117,8.759951114144027,10.33817150922453,Inf
7.505091860196266,6.763692291926382,8.131650376785622,Inf
12.683411949760085,12.948250105995356,11.105902386937618,Inf
4.360165902076751,9.278513725915118,7.9359770631157645,Inf
4.9493484570663,14.755071298318214,11.058039298866031,Inf
1.1816612664247295,7.889410352652632,9.912105837830573,Inf
14.975273704090235,17.082207116926575,12.887678920359214,Inf
12.683411949760085,12.948250105995356,11.105902386937618,Inf
13.985654439997639,11.910868025942392,12.60554995853488,Inf
7.505091860196266,6.763692291926382,8.131650376785622,Inf
16.68697963296271,8.908704434774634,12.717816281601202,35.388028447295646
12.354350184638065,0.47791992339928413,15.864962642473024,26.217586055822267
15.340183376967111,7.762109963493053,12.92104592157169,33.80515532989191
8.30742887025491,5.38468624512295,8.238225052182464,Inf
6.1764030732173865,12.087982568921134,18.85115958505174,30.84978786568452
0.4372296730135439,6.346631495705914,16.24410146277789,22.323477085726346
5.57691629557473,8.012534535155904,14.679529891693129,26.219041042442086
0.16894179819431798,4.482888343613382,13.41392288442659,18.317154238017658
5.58538570360021,19.319341451494637,15.965760086384606,Inf
3.808357821348345,13.05341785588351,10.899360004746399,27.271320175037
12.717279472723177,16.728778857112744,19.786889560508698,Inf
6.1764030732173865,12.087982568921134,18.85115958505174,30.84978786568452
9.904914170656998,16.082635478051195,17.404737734373754,Inf
3.808357821348345,13.05341785588351,10.899360004746399,27.271320175037
9.116851060149607,14.681374888841688,14.71938738869057,Inf
5.57691629557473,8.012534535155904,14.679529891693129,26.219041042442086
14.268080437732927,11.226942836749487,19.88969777237257,Inf
14.09275873956517,4.638929429017502,17.48199558206978,31.008291634067483
8.028337542386843,9.560141162411256,18.93160405586434,Inf
5.57691629557473,8.012534535155904,14.679529891693129,26.219041042442086
14.459870840606627,10.555708566884725,18.864856581594495,Inf
14.09275873956517,4.638929429017502,17.48199558206978,31.008291634067483
