-17.51106803540157,-0.9830593353450183,7.163046834950919,28.64719054114861
7.0,12.0,0.0,0.0
-4.8591605310319075,-16.788628148159603,-12.179486686392726,33.84107946132288
3.829690586548267,7.839565583905419,-3.6084231209155178,6.354588399511224
-15.904109482626927,-10.626103910049709,-13.045802971442626,56.745892647324695
-8.490545660489444,-4.1851266325897996,-11.311779354872353,25.966020811965357
-16.45645884095366,-17.25396757502418,-14.560787193394287,Inf
-19.150996579436708,-10.678471751571026,-8.162558885720923,50.6480783695855
-16.05207309075223,-18.818839112241328,-13.732463487488609,Inf
-17.01292732617403,-16.792796733321342,-12.748367940901515,Inf
-17.01292732617403,-16.792796733321342,-12.748367940901515,Inf
-19.150996579436708,-10.678471751571026,-8.162558885720923,50.6480783695855
-17.10079759392184,-2.8713383519525877,-12.988843196368869,Inf
-10.303017420341218,0.02043850361346955,-10.22818706900309,24.46845643067272
-16.318287713503707,-3.107269665840093,-18.7861942520109,Inf
-12.724566886673356,-1.9049875993309158,-11.619782401849994,27.860757282041057
6.644005494331342,-1.8239583922358094,-13.5558857126229,21.737001622557145
4.352008756722732,1.1692848111016652,-5.483054125306586,12.827267408973302
-13.195350747059633,-9.909403371965935,-14.307854821693597,Inf
-8.490545660489444,-4.1851266325897996,-11.311779354872353,25.966020811965357
1.3672174595540554,-14.110742416624023,-19.696673233592456,Inf
-0.9166043257766603,-7.812499291156874,-17.25455358920442,29.030349205907306
-13.380369279301894,-13.087632825706264,-19.130220080048144,Inf
-13.195350747059633,-9.909403371965935,-14.307854821693597,Inf
-4.936695659738923,-16.37024022839544,-15.506330980733809,Inf
-0.5996869996951304,-12.378248858585152,-10.98852686811096,28.609222889441856
-4.515922135234867,-4.0024745923180305,-18.423913681409214,33.83685268381802
-4.773870599651477,-2.3154836933673835,-9.137210268687355,21.81208515215961
-10.547962841909895,-6.635157423717928,-19.249011818450477,Inf
-6.483649580987985,-5.8828012899353865,-12.011172967115114,25.80904474902396
-14.992843422128148,-5.23112838715079,-19.882208840292446,Inf
-7.490438846729921,-0.9450184923194449,-15.673796891937926,27.25562057389031
-0.9166043257766603,-7.812499291156874,-17.25455358920442,29.030349205907306
1.8745249443041523,-4.313036995058885,-9.450913879784961,20.03404820613293
3.6414398396931418,-2.888081290006479,-17.38200601457704,26.71565150149003
6.644005494331342,-1.8239583922358094,-13.5558857126229,21.737001622557145
4.203380734736449,-11.58842129013145,-18.93032441881875,Inf
5.500496925209291,-5.866080494284951,-14.094752427007613,25.153936708933507
5.500496925209291,-5.866080494284951,-14.094752427007613,25.153936708933507
6.8209709747632274,-3.945691999036871,-11.490767001402373,21.09475652018316
-10.924618659838705,-2.7818432218792495,-14.241687149689941,Inf
-10.303017420341218,0.02043850361346955,-10.22818706900309,24.46845643067272
-6.766168414370712,-15.801041860375724,-12.593036887616167,Inf
-6.483649580987985,-5.8828012899353865,-12.011172967115114,25.80904474902396
6.939177841125979,-13.35626521505132,-14.14864754201683,Inf
6.8209709747632274,-3.945691999036871,-11.490767001402373,21.09475652018316
-12.728941314090028,-14.424885321294179,9.271601801886984,43.069306400612874
-7.0,-11.0,6.0,28.863237275235573
-13.947049037418857,-1.570140078309521,-1.3666594857151253,26.57705375530179
-5.929207746805769,2.859957939007785,-3.7119183537264355,17.121273165499353
-15.184735386731534,-12.488416374726787,3.8925016532868284,43.34793839395337
-11.486154989466808,-4.1976199841905615,0.10136320944994281,26.879868611555906
-16.181435884220086,-3.59289147444823,-2.617946554568178,31.823328753669283
-13.947049037418857,-1.570140078309521,-1.3666594857151253,26.57705375530179
-19.150996579436708,-10.678471751571026,-8.162558885720923,50.6480783695855
-16.181435884220086,-3.59289147444823,-2.617946554568178,31.823328753669283
-18.820948728502707,-19.06498914844761,-12.117806221134746,Inf
-19.150996579436708,-10.678471751571026,-8.162558885720923,50.6480783695855
-16.438734536810166,-13.846603411196083,-3.3871237376902563,Inf
-11.365612731407957,-7.680463765924896,-2.1613948942325756,31.822438126752054
-16.516981021905366,-16.665116507134464,-2.0679834826035233,Inf
-8.343752712946024,-12.124954180274479,-5.3601172058317825,32.10415382428481
-18.99120452727849,-17.528934724747643,-4.226754437194513,Inf
-16.438734536810166,-13.846603411196083,-3.3871237376902563,Inf
-16.934495511217776,-13.986958275957475,1.0064329541207329,Inf
-11.365612731407957,-7.680463765924896,-2.1613948942325756,31.822438126752054
-17.125221687398504,-11.706694886286417,-0.2178067324025008,Inf
-11.486154989466808,-4.1976199841905615,0.10136320944994281,26.879868611555906
-19.832310041435903,-9.670621701083357,1.5732444824937204,44.190560860041494
-16.181435884220086,-3.59289147444823,-2.617946554568178,31.823328753669283
-16.87451256386875,-7.471292482612757,-4.924572364729318,Inf
-13.521657060516148,1.2623948434904086,-3.5190006266567124,24.23523109412285
-18.239342167951982,-7.161063121248574,-10.72319045726247,Inf
-12.724566886673356,-1.9049875993309158,-11.619782401849994,27.860757282041057
-14.82026667773197,-2.159488843010582,1.4590864051584518,Inf
-13.947049037418857,-1.570140078309521,-1.3666594857151253,26.57705375530179
-13.714046999727207,-18.502525204858166,2.3602301822237948,Inf
-4.931673092045381,-15.215247026068983,0.19137189549493883,30.734285527833514
-13.536891711524701,-4.534415925132853,1.9362326100995304,Inf
-11.486154989466808,-4.1976199841905615,0.10136320944994281,26.879868611555906
-15.9351437484366,-2.168179060659856,13.917767313593117,32.99688376131331
-11.802835662409725,1.4703640633204174,11.820604102145921,25.841240392626613
-19.378659050598497,-17.39823559419147,8.269703864341594,Inf
-12.728941314090028,-14.424885321294179,9.271601801886984,43.069306400612874
-17.481084686753412,-18.199666999565423,4.245289098205383,Inf
-16.88352654445021,-11.620628487285964,7.7142562389503055,Inf
-17.828014065769537,-17.700005744511458,7.043987561514591,Inf
-12.728941314090028,-14.424885321294179,9.271601801886984,43.069306400612874
-16.308340029576904,-18.604433562296645,13.14600710497303,Inf
-12.728941314090028,-14.424885321294179,9.271601801886984,43.069306400612874
-16.88352654445021,-11.620628487285964,7.7142562389503055,Inf
-12.76890050899759,-3.7126280686254987,9.153210827481075,29.26260753611168
-19.435931541374288,-12.786061947492495,5.911205845689249,Inf
-16.88352654445021,-11.620628487285964,7.7142562389503055,Inf
-16.252422140508624,-14.57453438499936,19.924644062168554,Inf
-14.270941066103351,-6.20227324183646,15.198417453687796,Inf
-18.85561003749496,-3.8768750828356247,15.00999648915996,Inf
-11.802835662409725,1.4703640633204174,11.820604102145921,25.841240392626613
-13.427527127469352,-15.377508162748832,18.35836036024301,Inf
-12.728941314090028,-14.424885321294179,9.271601801886984,43.069306400612874
-15.489852309545089,-16.56055687363306,13.9775102850193,Inf
-12.141691302042599,-14.081436605497819,12.845534995524659,Inf
-12.76890050899759,-3.7126280686254987,9.153210827481075,29.26260753611168
-4.632967949520284,0.9939801573189371,8.10386963333146,18.911881116128328
-14.222504412411832,-12.685666255949393,8.559413158556897,Inf
-7.0,-11.0,6.0,28.863237275235573
-15.789203937823872,-8.212168039246386,4.513689542248773,Inf
-10.899838430457587,0.3016856816108344,4.1360726836633255,24.40549130115538
-14.797139529209167,-6.9753765321604,18.99240419438626,Inf
-14.059682165334566,-1.551530343198884,12.27912872723416,30.050176461082494
-12.889050866213365,-8.19583034327625,19.582798040443166,Inf
-14.059682165334566,-1.551530343198884,12.27912872723416,30.050176461082494
-13.194077071981827,-8.26755760799652,12.23471222337583,Inf
-12.76890050899759,-3.7126280686254987,9.153210827481075,29.26260753611168
-14.270941066103351,-6.20227324183646,15.198417453687796,Inf
-11.802835662409725,1.4703640633204174,11.820604102145921,25.841240392626613
-14.059682165334566,-1.551530343198884,12.27912872723416,30.050176461082494
-7.346456340307945,3.919991871760587,11.801095430541828,20.7559308002215
-11.365612731407957,-7.680463765924896,-2.1613948942325756,31.822438126752054
-8.246688136038314,-1.5794264083337772,-5.154291538690767,21.835343625480533
-8.561391405121359,-18.020598629743468,4.13800520952779,50.596021515016105
-1.9460160433310065,-12.221881248211997,0.892194094834533,26.720217540648463
3.6653095844538086,-11.026973075756219,-11.47288872815646,27.270914213634544
1.8745249443041523,-4.313036995058885,-9.450913879784961,20.03404820613293
-3.5433292001957923,-14.00095754660323,-9.86341862324224,32.15380769635638
-3.384392286656439,-6.972653432984561,-4.583553884135085,23.102441715416724
-0.8408324241167904,-16.21202639091254,-10.260315377268334,32.51899184150194
-0.5996869996951304,-12.378248858585152,-10.98852686811096,28.609222889441856
2.3414006714217273,-19.66080162894576,-11.91052346531631,Inf
3.6653095844538086,-11.026973075756219,-11.47288872815646,27.270914213634544
-3.4983035742591717,-14.40726990785075,-8.25757390269695,33.616916209056406
-3.384392286656439,-6.972653432984561,-4.583553884135085,23.102441715416724
-4.223182448377285,-18.7981669033282,-6.172633100448595,Inf
-1.1800531406553993,-12.422037767046827,-8.363330793678179,28.76727085109062
-4.188097846913381,-19.409021096849564,-4.0027298210163575,Inf
-1.9460160433310065,-12.221881248211997,0.892194094834533,26.720217540648463
-4.214196879404444,-19.057664524054676,-4.49755312714597,Inf
-3.722108220046863,-9.313270632418309,-2.7595402338429054,25.423095368154648
-4.931673092045381,-15.215247026068983,0.19137189549493883,30.734285527833514
-1.118456675305577,-9.995277943680136,0.1285474067482255,24.26956251919844
-1.535875317708289,-16.096460320012707,-8.078587082217368,33.950867472080816
-1.1800531406553993,-12.422037767046827,-8.363330793678179,28.76727085109062
1.603585493914359,-16.3840677614726,-3.1078320435637323,31.93117467678915
5.297531597910723,-11.458149305922651,0.9370744642658302,24.26350614811062
2.1224817441305177,-17.499155534325794,-5.2305825155271,Inf
1.4755011861411127,-8.786525704634576,-5.910382869370858,25.753023728897794
-1.8105098977738905,-17.64035408124868,-2.769931540989532,Inf
-1.118456675305577,-9.995277943680136,0.1285474067482255,24.26956251919844
0.13188787594910423,-18.8729729361655,-2.2209559227790088,Inf
-1.118456675305577,-9.995277943680136,0.1285474067482255,24.26956251919844
-2.7600351095525077,-14.598663663296714,-8.012611407356625,32.9049671428051
-1.1800531406553993,-12.422037767046827,-8.363330793678179,28.76727085109062
-8.029534120074162,-11.88704016166076,-4.572346400615466,31.598687598890148
-3.384392286656439,-6.972653432984561,-4.583553884135085,23.102441715416724
1.4755011861411127,-8.786525704634576,-5.910382869370858,25.753023728897794
4.4343248070218095,-5.246323342590538,-5.284606510937593,19.24647182770834
-8.343752712946024,-12.124954180274479,-5.3601172058317825,32.10415382428481
-3.384392286656439,-6.972653432984561,-4.583553884135085,23.102441715416724
-0.5996869996951304,-12.378248858585152,-10.98852686811096,28.609222889441856
1.8745249443041523,-4.313036995058885,-9.450913879784961,20.03404820613293
-1.1800531406553993,-12.422037767046827,-8.363330793678179,28.76727085109062
-1.8345110256015573,-2.994757833506494,-5.349984875371412,18.765022922166118
-11.703431206302026,-8.48814430369269,-9.95180300867144,Inf
-8.246688136038314,-1.5794264083337772,-5.154291538690767,21.835343625480533
-10.678216698235996,-12.050157774147445,-11.650765952132716,Inf
-6.483649580987985,-5.8828012899353865,-12.011172967115114,25.80904474902396
-1.118456675305577,-9.995277943680136,0.1285474067482255,24.26956251919844
1.5614885306413129,-3.701245327028282,-0.5242617109947716,17.397655023417993
-7.614274720254359,-12.510948599628229,-1.6170391664378698,32.24502160860129
-3.722108220046863,-9.313270632418309,-2.7595402338429054,25.423095368154648
-1.9460160433310065,-12.221881248211997,0.892194094834533,26.720217540648463
1.5614885306413129,-3.701245327028282,-0.5242617109947716,17.397655023417993
-3.722108220046863,-9.313270632418309,-2.7595402338429054,25.423095368154648
1.5614885306413129,-3.701245327028282,-0.5242617109947716,17.397655023417993
2.2848085465998125,-7.692344455375002,1.9661243835321613,22.15728599625499
5.2936730031728985,0.3261790550279926,2.1464974108095376,12.904446873437397
0.11692052814541398,-11.00634879271066,3.383822124708786,25.807436984030716
1.5614885306413129,-3.701245327028282,-0.5242617109947716,17.397655023417993
-0.23888329399814268,-13.478162934922695,1.990064457576473,28.31547192572889
-1.118456675305577,-9.995277943680136,0.1285474067482255,24.26956251919844
5.111481819729846,-14.16433633857097,1.14213019542089,26.922464894834928
5.8477973345242695,-6.806691543284602,1.8206458438300928,19.497003228644218
6.476717899015576,-18.993493195487403,-8.237314902725181,Inf
4.887124341695852,-9.160516042005034,-7.776971749724417,23.81673176987471
5.297531597910723,-11.458149305922651,0.9370744642658302,24.26350614811062
5.8477973345242695,-6.806691543284602,1.8206458438300928,19.497003228644218
4.887124341695852,-9.160516042005034,-7.776971749724417,23.81673176987471
5.3538328780932005,-3.0737231575278656,-5.212569553698465,17.19532534076535
5.897344497260313,-17.998495658330125,18.987797177587453,48.73160263461691
11.732007198640275,-11.169002651011795,15.266680549241897,31.730521739807372
4.473325532394412,-18.21292296459271,9.270728026755279,58.55480180617111
4.579340144262609,-10.481371603420913,8.232986024646259,26.345863537902673
-6.38564429691705,-18.9495225922725,12.544912892056594,Inf
-2.1228375944730615,-17.057406741291405,4.927031833588149,32.44169014098043
-2.529838910019251,-19.430025999749397,5.246480799068209,Inf
0.11692052814541398,-11.00634879271066,3.383822124708786,25.807436984030716
-7.0,-11.0,6.0,28.863237275235573
-2.8514413338327387,-5.307725855926826,5.419318479759347,21.795726046672545
-2.1228375944730615,-17.057406741291405,4.927031833588149,32.44169014098043
0.11692052814541398,-11.00634879271066,3.383822124708786,25.807436984030716
-11.442974211901742,-13.756041882764967,19.073451414668142,Inf
-6.622394810516212,-10.020623535872746,13.135848865221284,33.41435044886084
-12.141691302042599,-14.081436605497819,12.845534995524659,Inf
-6.215448592400987,-6.803045847468008,9.844657936584966,27.056093995293523
-12.465722936216057,-12.815879479666652,17.80575039586764,Inf
-6.622394810516212,-10.020623535872746,13.135848865221284,33.41435044886084
-0.3308279757920758,-10.559627753761163,11.557575299561577,29.84508130698211
6.463452613555518,-4.940441293357658,8.430369001990947,20.49003323489114
-8.71116247179633,-16.978597710811698,7.728518804862439,Inf
-7.0,-11.0,6.0,28.863237275235573
-3.568830957976985,-15.541772435446779,7.383118636359953,Inf
0.11692052814541398,-11.00634879271066,3.383822124708786,25.807436984030716
1.3663050063934605,-16.518772074362154,12.266209421778555,Inf
4.579340144262609,-10.481371603420913,8.232986024646259,26.345863537902673
-6.797560170421546,-11.236657956824363,9.134751211984007,Inf
-2.8514413338327387,-5.307725855926826,5.419318479759347,21.795726046672545
-6.622394810516212,-10.020623535872746,13.135848865221284,33.41435044886084
-2.8514413338327387,-5.307725855926826,5.419318479759347,21.795726046672545
-1.4033723475207722,-10.07084848568411,13.108437494981146,30.44283562143885
-1.05518175393005,-6.811785300155728,14.691442953659227,26.802968066302252
-11.433283445888938,-9.110914573271156,12.175028266651424,Inf
-6.215448592400987,-6.803045847468008,9.844657936584966,27.056093995293523
0.2446859239731225,-10.50179073392611,7.166216873933678,26.976031280690314
-1.7159454964158556,-2.825109284917442,2.4203787123816127,18.22598124302715
4.579340144262609,-10.481371603420913,8.232986024646259,26.345863537902673
6.463452613555518,-4.940441293357658,8.430369001990947,20.49003323489114
-10.865747741828455,-8.274952846638302,15.500981388322984,Inf
-6.215448592400987,-6.803045847468008,9.844657936584966,27.056093995293523
3.3534763367146354,-10.094360045767479,19.65683925281624,Inf
5.074985653468865,-1.554322742059064,15.799435146375664,22.22070817433375
-3.340329078971642,-8.099768971413095,17.581807643664575,Inf
-0.08772860213048972,-6.911326684595656,15.911625119838419,26.833606816102083
-7.372625458980426,-1.6009502355727712,6.132168243596155,23.169461812178444
-5.283795344730713,1.900928970005129,5.331488695906597,18.445077013663074
1.5614885306413129,-3.701245327028282,-0.5242617109947716,17.397655023417993
3.5117980577471286,2.9473840527885287,2.20819245629049,9.94954884412667
-5.179182043582786,-6.3620464874516625,-3.6780939451031287,24.12703833787323
-1.8345110256015573,-2.994757833506494,-5.349984875371412,18.765022922166118
-3.384392286656439,-6.972653432984561,-4.583553884135085,23.102441715416724
-1.8345110256015573,-2.994757833506494,-5.349984875371412,18.765022922166118
-6.694843371073169,-7.0041384123660855,-6.242056284367523,25.199796004128842
-1.8345110256015573,-2.994757833506494,-5.349984875371412,18.765022922166118
-1.8345110256015573,-2.994757833506494,-5.349984875371412,18.765022922166118
1.3188065335938148,3.8516636624505125,-4.750451635483488,11.203519167279623
-1.5117622131575033,-1.4220082818858444,-7.676711928886162,17.865856183020483
1.3188065335938148,3.8516636624505125,-4.750451635483488,11.203519167279623
-4.773870599651477,-2.3154836933673835,-9.137210268687355,21.81208515215961
1.3188065335938148,3.8516636624505125,-4.750451635483488,11.203519167279623
-6.483649580987985,-5.8828012899353865,-12.011172967115114,25.80904474902396
-4.773870599651477,-2.3154836933673835,-9.137210268687355,21.81208515215961
-8.490545660489444,-4.1851266325897996,-11.311779354872353,25.966020811965357
-3.2432883905695498,1.4381688441551006,-4.956917479881211,15.989075872469964
-12.724566886673356,-1.9049875993309158,-11.619782401849994,27.860757282041057
-10.303017420341218,0.02043850361346955,-10.22818706900309,24.46845643067272
-11.486154989466808,-4.1976199841905615,0.10136320944994281,26.879868611555906
-5.929207746805769,2.859957939007785,-3.7119183537264355,17.121273165499353
-1.7159454964158556,-2.825109284917442,2.4203787123816127,18.22598124302715
3.5117980577471286,2.9473840527885287,2.20819245629049,9.94954884412667
-2.8514413338327387,-5.307725855926826,5.419318479759347,21.795726046672545
1.7473499808420883,1.005007848127157,1.070142303326442,12.80983912435875
-8.246688136038314,-1.5794264083337772,-5.154291538690767,21.835343625480533
-3.2432883905695498,1.4381688441551006,-4.956917479881211,15.989075872469964
1.8745249443041523,-4.313036995058885,-9.450913879784961,20.03404820613293
4.352008756722732,1.1692848111016652,-5.483054125306586,12.827267408973302
5.8477973345242695,-6.806691543284602,1.8206458438300928,19.497003228644218
7.394313772000196,1.6067630252063196,-0.262451752974755,10.692616454696921
4.4343248070218095,-5.246323342590538,-5.284606510937593,19.24647182770834
4.352008756722732,1.1692848111016652,-5.483054125306586,12.827267408973302
6.482512685499291,-6.56101177498714,2.4476291752287516,19.34642862306711
7.394313772000196,1.6067630252063196,-0.262451752974755,10.692616454696921
6.8209709747632274,-3.945691999036871,-11.490767001402373,21.09475652018316
4.352008756722732,1.1692848111016652,-5.483054125306586,12.827267408973302
5.3538328780932005,-3.0737231575278656,-5.212569553698465,17.19532534076535
4.352008756722732,1.1692848111016652,-5.483054125306586,12.827267408973302
-4.2279276501157526,-1.9433612165406622,8.004300085381864,21.878688505496232
-4.632967949520284,0.9939801573189371,8.10386963333146,18.911881116128328
-4.407142576917726,-1.2847760376439794,19.623324229103204,28.241057224839977
0.2435864366096574,4.599123100285993,16.496121498084683,20.115237491207672
-6.215448592400987,-6.803045847468008,9.844657936584966,27.056093995293523
-4.632967949520284,0.9939801573189371,8.10386963333146,18.911881116128328
-1.05518175393005,-6.811785300155728,14.691442953659227,26.802968066302252
2.653809964271634,0.8324878443813049,10.565690130657046,17.357685231442872
-0.08772860213048972,-6.911326684595656,15.911625119838419,26.833606816102083
2.653809964271634,0.8324878443813049,10.565690130657046,17.357685231442872
6.845755915106171,-1.2966294367747189,10.601693587716355,18.559794118015056
7.913681916332536,7.843997427180245,7.892446672403075,8.96648685418341
6.463452613555518,-4.940441293357658,8.430369001990947,20.49003323489114
7.338583780425907,0.2795760393284574,4.568005514835907,13.937759795871685
5.074985653468865,-1.554322742059064,15.799435146375664,22.22070817433375
6.629480917525381,-0.016936394865851412,12.233162069362258,18.037609327026782
3.829690586548267,7.839565583905419,-3.6084231209155178,6.354588399511224
7.0,12.0,0.0,0.0
-3.0685964137583177,13.62402102004529,-5.355416242231028,12.36522420982784
-1.7178453160058993,12.09885231287862,-3.585474855912885,9.42688859995444
-7.455606850850103,11.838275364318367,-14.254786789313458,22.446570561202645
-6.18168054305154,11.253666016567312,-11.932651901644684,18.93033689215227
-10.219236648262582,6.1387596165312175,-10.279065061167776,22.226853764383925
-6.8199380063988,7.722662350165905,-7.734813116270667,17.326217458153543
-17.246513229712754,3.9823587814774797,-12.176377498720843,29.818459338919
-15.060626051533372,3.977533276191288,-7.718434372477603,24.739180768806676
-19.512270635737174,3.1816992558846913,-12.476948079188084,32.2236220636778
-15.060626051533372,3.977533276191288,-7.718434372477603,24.739180768806676
-19.932445341800875,-0.3793558782030537,-13.459560092038343,Inf
-15.060626051533372,3.977533276191288,-7.718434372477603,24.739180768806676
-18.152377024701927,0.5526352511242649,-15.157896636487775,Inf
-15.343648821021274,2.7087154659754376,-12.40232037371035,28.37975003034878
-17.79728629878737,10.544406286684467,-16.5330081143604,30.5744798490218
-9.891005857342705,11.795458484451835,-11.366417042912236,21.0472522711859
-19.711010900368507,7.069772142926709,-13.03631571216843,Inf
-12.43433025298609,10.51706415678618,-8.136327788713222,21.923703331275863
-18.681726963595786,9.733929428815912,-12.00493203916471,Inf
-12.43433025298609,10.51706415678618,-8.136327788713222,21.923703331275863
-4.300626920089217,10.009416871285708,-18.662084869486417,23.53329444798843
-2.2090399586645475,8.090100809354546,-15.78127325388504,19.0818925652959
-7.490438846729921,-0.9450184923194449,-15.673796891937926,27.25562057389031
-0.8454158311546038,-0.7822056297965858,-9.403246620484005,18.117642700610062
-3.466473463815369,6.041283896349139,-17.588338094758996,22.36100674157356
0.5326936825265882,8.815195931843132,-9.781618771848093,12.445724981537788
-13.329555651184428,3.842796851993011,-16.982707090640055,Inf
-6.1777970896417855,8.011889468485684,-11.528409538859483,19.411108473943706
-7.048963057080702,2.260340739537405,-19.580491558415723,27.22193063081085
-3.466473463815369,6.041283896349139,-17.588338094758996,22.36100674157356
-10.406185664283925,1.2759860268543122,-16.787462966050644,Inf
-6.1777970896417855,8.011889468485684,-11.528409538859483,19.411108473943706
-15.395287718853048,6.5341427610376535,-16.334592693201966,Inf
-12.956012729105915,6.849775133508302,-14.66260147894162,27.443258456124006
-12.956012729105915,6.849775133508302,-14.66260147894162,27.443258456124006
-6.8199380063988,7.722662350165905,-7.734813116270667,17.326217458153543
-15.343648821021274,2.7087154659754376,-12.40232037371035,28.37975003034878
-10.219236648262582,6.1387596165312175,-10.279065061167776,22.226853764383925
-8.542383450815425,3.6756832156729935,-11.336099576688907,22.771220041620463
0.013460466103445867,6.1667337088386205,-9.662998398598432,13.704408846811887
-11.780001625956134,8.896874953218202,-12.021641822273361,24.202643332132816
-6.8199380063988,7.722662350165905,-7.734813116270667,17.326217458153543
-6.1777970896417855,8.011889468485684,-11.528409538859483,19.411108473943706
-1.7178453160058993,12.09885231287862,-3.585474855912885,9.42688859995444
-6.18168054305154,11.253666016567312,-11.932651901644684,18.93033689215227
-1.7178453160058993,12.09885231287862,-3.585474855912885,9.42688859995444
-17.136139957537225,10.55285335874845,-14.67024255918468,29.65372759950655
-9.891005857342705,11.795458484451835,-11.366417042912236,21.0472522711859
-9.891005857342705,11.795458484451835,-11.366417042912236,21.0472522711859
-2.246844389617184,11.511292519011846,-5.1897861665543665,11.2154302720165
-15.060626051533372,3.977533276191288,-7.718434372477603,24.739180768806676
-8.26096731057465,6.426865032208866,-5.044519602447588,17.0330529965778
-19.409760690328213,9.144484986429646,-6.557918205778552,29.20600929687464
-12.43433025298609,10.51706415678618,-8.136327788713222,21.923703331275863
-18.835752796592075,4.387304227211111,-7.596334709909325,28.53844418441193
-15.060626051533372,3.977533276191288,-7.718434372477603,24.739180768806676
-18.44140601150219,8.360308355914832,-9.716892974631612,28.4990163321969
-12.43433025298609,10.51706415678618,-8.136327788713222,21.923703331275863
-5.954004781383411,5.086573440455613,-4.537102337370902,15.69531106799211
-0.9895680630868924,9.530002361515521,-2.5339009869055857,8.738119956847585
-5.929207746805769,2.859957939007785,-3.7119183537264355,17.121273165499353
-0.9895680630868924,9.530002361515521,-2.5339009869055857,8.738119956847585
-10.303017420341218,0.02043850361346955,-10.22818706900309,24.46845643067272
-5.954004781383411,5.086573440455613,-4.537102337370902,15.69531106799211
-3.2432883905695498,1.4381688441551006,-4.956917479881211,15.989075872469964
3.829690586548267,7.839565583905419,-3.6084231209155178,6.354588399511224
-8.550993213587734,10.379405038602574,-4.377532093834606,16.5174290439112
-1.7178453160058993,12.09885231287862,-3.585474855912885,9.42688859995444
-4.3454145782804865,8.245224632715178,-6.659538560032683,15.012981526352892
-0.9895680630868924,9.530002361515521,-2.5339009869055857,8.738119956847585
-12.43433025298609,10.51706415678618,-8.136327788713222,21.923703331275863
-8.550993213587734,10.379405038602574,-4.377532093834606,16.5174290439112
-6.8199380063988,7.722662350165905,-7.734813116270667,17.326217458153543
-0.9895680630868924,9.530002361515521,-2.5339009869055857,8.738119956847585
-8.26096731057465,6.426865032208866,-5.044519602447588,17.0330529965778
-0.9895680630868924,9.530002361515521,-2.5339009869055857,8.738119956847585
-9.051999694902495,15.743766093903808,-17.936627643739076,25.837652932412183
-5.328660821745679,15.829317554216054,-15.616002017805952,21.449501304168265
-10.101392922264427,17.930633992182138,-19.65484279133377,28.04546501462782
-5.328660821745679,15.829317554216054,-15.616002017805952,21.449501304168265
-7.377080880562259,13.212969726932357,-19.15489922148992,26.50851011169421
-5.328660821745679,15.829317554216054,-15.616002017805952,21.449501304168265
-15.420523649208766,11.884752346254388,-15.058224713112534,28.39546593887785
-9.891005857342705,11.795458484451835,-11.366417042912236,21.0472522711859
-16.727645018857178,17.548216711240883,-14.924537841634882,29.84167587266772
-11.395265750294259,16.67952867839344,-8.713468273839746,21.609648616991095
-15.460594267168437,16.10592005115499,-12.475688394100004,27.178330960296726
-11.395265750294259,16.67952867839344,-8.713468273839746,21.609648616991095
-13.054984999808763,16.749269087699254,-8.068736777759975,23.391560627707783
-11.395265750294259,16.67952867839344,-8.713468273839746,21.609648616991095
-11.542239003398036,12.818748197454369,-10.388221324767803,22.253611846574675
-3.0685964137583177,13.62402102004529,-5.355416242231028,12.36522420982784
-5.328660821745679,15.829317554216054,-15.616002017805952,21.449501304168265
-2.122925744875161,15.796769994655115,-7.698096132030798,12.907193048040753
-9.588119760370333,13.101818588557407,-16.819423556347772,25.167326011579256
-6.18168054305154,11.253666016567312,-11.932651901644684,18.93033689215227
-11.395265750294259,16.67952867839344,-8.713468273839746,21.609648616991095
-3.0685964137583177,13.62402102004529,-5.355416242231028,12.36522420982784
-14.638560077780749,18.888155253983655,-6.907640912039641,25.929139548308733
-11.395265750294259,16.67952867839344,-8.713468273839746,21.609648616991095
-8.957464890902811,17.890182406373107,-8.495009642064488,20.046261789972064
-1.2710521829607124,17.907810267549408,-6.431932489697898,12.082523804430803
6.556528435574442,19.40389492042172,-16.89668048691445,20.003362023929473
8.19218920907204,19.953585294115,-16.27313699048291,18.16859986908981
4.352008756722732,1.1692848111016652,-5.483054125306586,12.827267408973302
7.414965242839202,7.849315354752868,-1.2894264921674576,4.366119542082899
-2.2090399586645475,8.090100809354546,-15.78127325388504,19.0818925652959
0.5326936825265882,8.815195931843132,-9.781618771848093,12.445724981537788
-2.4565844528534697,17.713192833479575,-7.590580368275672,13.533412978327789
3.6718221116522187,14.741239527266465,-2.160501829326371,4.822751326458556
-2.354088018068161,10.407040303951803,-18.559601530598044,21.822315961462962
0.5326936825265882,8.815195931843132,-9.781618771848093,12.445724981537788
-0.560671166662079,12.22134230896711,-19.341633717735203,21.85649803436538
1.6219977023051868,9.64397228460819,-15.739725397111268,16.9188241706718
0.013460466103445867,6.1667337088386205,-9.662998398598432,13.704408846811887
3.829690586548267,7.839565583905419,-3.6084231209155178,6.354588399511224
1.6219977023051868,9.64397228460819,-15.739725397111268,16.9188241706718
4.132535118703373,10.121841388634358,-6.716022157634969,7.54021141857178
-1.8068262855702315,6.598594938872413,-10.889439511296173,15.609083201180272
4.132535118703373,10.121841388634358,-6.716022157634969,7.54021141857178
0.5326936825265882,8.815195931843132,-9.781618771848093,12.445724981537788
4.132535118703373,10.121841388634358,-6.716022157634969,7.54021141857178
0.5565385299937304,9.49479106351017,-16.739407037023728,18.38743632701839
1.6219977023051868,9.64397228460819,-15.739725397111268,16.9188241706718
5.854697083872871,12.046753875478004,-19.44742392134744,21.30832903395669
6.665322104044023,8.894778349697063,-12.341931627235345,13.333136715172163
6.805538222669565,5.122150896997564,-18.24844163344168,20.722323151550754
6.665322104044023,8.894778349697063,-12.341931627235345,13.333136715172163
6.0190610296906755,7.853171630430992,-9.79844606655524,11.807198603799351
4.132535118703373,10.121841388634358,-6.716022157634969,7.54021141857178
3.850427570290247,6.311082682897762,-11.56731288260838,13.715686159871591
4.132535118703373,10.121841388634358,-6.716022157634969,7.54021141857178
6.665322104044023,8.894778349697063,-12.341931627235345,13.333136715172163
7.386929384165484,11.93464637721183,-7.85945512742475,7.869245220753094
-0.8454158311546038,-0.7822056297965858,-9.403246620484005,18.117642700610062
1.3188065335938148,3.8516636624505125,-4.750451635483488,11.203519167279623
4.132535118703373,10.121841388634358,-6.716022157634969,7.54021141857178
7.0,12.0,0.0,0.0
4.4740107770958275,17.866556701817174,-5.491425341849441,8.423352145967202
7.0,12.0,0.0,0.0
1.101087724677356,16.78661214754736,-10.806299025267814,14.071644968268838
3.6718221116522187,14.741239527266465,-2.160501829326371,4.822751326458556
-2.122925744875161,15.796769994655115,-7.698096132030798,12.907193048040753
3.6718221116522187,14.741239527266465,-2.160501829326371,4.822751326458556
-1.2710521829607124,17.907810267549408,-6.431932489697898,12.082523804430803
3.6718221116522187,14.741239527266465,-2.160501829326371,4.822751326458556
-0.1613627717540922,17.694433071735283,-12.336658141711814,16.253368853552374
1.101087724677356,16.78661214754736,-10.806299025267814,14.071644968268838
2.8392054440283303,17.236580069774014,-14.283810121008926,17.388589964270842
6.56783666938253,12.674176601250437,-7.374936918270292,7.418286445161718
6.56783666938253,12.674176601250437,-7.374936918270292,7.418286445161718
7.0,12.0,0.0,0.0
-2.246844389617184,11.511292519011846,-5.1897861665543665,11.2154302720165
-1.7178453160058993,12.09885231287862,-3.585474855912885,9.42688859995444
1.3188065335938148,3.8516636624505125,-4.750451635483488,11.203519167279623
3.829690586548267,7.839565583905419,-3.6084231209155178,6.354588399511224
0.0657065001797541,19.448370304810823,-15.750881051830472,19.781799273119734
1.101087724677356,16.78661214754736,-10.806299025267814,14.071644968268838
1.7211545966232649,19.989804102310316,-6.340077823119925,11.683952751783654
6.955995383687554,13.328530132282566,-1.070783124892607,1.706899299664252
-2.5681768971482555,9.613297412571242,10.91722371192251,15.450832021248468
-0.9450722947124213,8.714486378736297,7.100009680111839,11.197895315426683
-11.802835662409725,1.4703640633204174,11.820604102145921,25.841240392626613
-7.346456340307945,3.919991871760587,11.801095430541828,20.7559308002215
-10.899838430457587,0.3016856816108344,4.1360726836633255,24.40549130115538
-5.283795344730713,1.900928970005129,5.331488695906597,18.445077013663074
-13.521657060516148,1.2623948434904086,-3.5190006266567124,24.23523109412285
-5.954004781383411,5.086573440455613,-4.537102337370902,15.69531106799211
-17.15240921307453,0.5957970292842703,-1.165290447615046,28.613206133583
-13.521657060516148,1.2623948434904086,-3.5190006266567124,24.23523109412285
-19.723672407042816,0.5531303917202379,17.168457755047505,Inf
-14.81714153802538,3.1683795678306836,12.042743053333027,27.098728929959815
-4.632967949520284,0.9939801573189371,8.10386963333146,18.911881116128328
1.9590505702183414,6.636969868941058,6.83949382154011,10.576082556541818
-11.176650461209432,11.967368331610146,0.43019043941973933,20.199156166173903
-4.0543648779348995,14.88217448118845,-0.7102863372412394,12.153527103361917
-15.98767166918261,7.539618468406921,0.15529901114073041,25.677949337126236
-8.550993213587734,10.379405038602574,-4.377532093834606,16.5174290439112
-19.927716983524554,11.906482923416295,-3.4320339412746392,29.498876686428794
-12.801637815791764,12.724842579954476,-0.5190770070457802,21.16493242048081
-3.8498674147780036,9.552437736101993,-2.8616843107878935,11.617227046681647
-0.9895680630868924,9.530002361515521,-2.5339009869055857,8.738119956847585
-14.37143915910653,7.529911413734169,-1.284421352069014,23.604944808179717
-6.2824611157618016,9.778419912492087,1.7503534533223757,14.67761517529744
-14.633331780800045,2.2273117340585635,-0.5867284773193937,25.650789374063063
-5.954004781383411,5.086573440455613,-4.537102337370902,15.69531106799211
-4.0543648779348995,14.88217448118845,-0.7102863372412394,12.153527103361917
-0.587155338243555,13.505663904675401,1.4100608912131563,7.862583648992797
-12.801637815791764,12.724842579954476,-0.5190770070457802,21.16493242048081
-4.0543648779348995,14.88217448118845,-0.7102863372412394,12.153527103361917
-12.746686101103535,4.455659030958017,14.762684587758635,26.938198273484783
-8.026393829869791,7.873921377421809,9.099925320034004,18.328520587562828
-17.233749824410715,11.70376296187034,11.516043617613665,31.275565731970392
-10.767709824101663,8.049228276873144,11.786232651224271,22.053415665582612
-16.872011867518005,5.07423635295816,14.698606117085248,31.232161396185376
-10.767709824101663,8.049228276873144,11.786232651224271,22.053415665582612
-14.81714153802538,3.1683795678306836,12.042743053333027,27.098728929959815
-8.026393829869791,7.873921377421809,9.099925320034004,18.328520587562828
-15.635208120592328,4.65901488143837,13.442709805351917,28.212149552922746
-8.026393829869791,7.873921377421809,9.099925320034004,18.328520587562828
-13.684125219672607,5.9285593460930315,2.487499820080778,23.053141585849872
-6.2824611157618016,9.778419912492087,1.7503534533223757,14.67761517529744
-14.012007323838542,7.111587341167933,6.463813419368833,24.11554849768278
-6.2824611157618016,9.778419912492087,1.7503534533223757,14.67761517529744
-15.143964374590544,11.407551864536494,19.449899208288045,33.28586720229433
-10.767709824101663,8.049228276873144,11.786232651224271,22.053415665582612
-13.059489944643898,9.316926862141244,15.229605415095548,26.379630155754572
-10.767709824101663,8.049228276873144,11.786232651224271,22.053415665582612
-14.497092341959705,4.271026029728596,18.849017987388912,Inf
-10.767709824101663,8.049228276873144,11.786232651224271,22.053415665582612
-19.27523823661396,19.338054321848517,3.566104504474062,28.536084433174405
-17.655642675342158,19.0804195349793,2.357276869730221,26.498750460548205
-15.099957474536767,12.784656826382118,2.491448700137795,24.022930824557086
-10.009273590002552,14.60643357107827,3.4705471495334024,17.569983395028256
-17.655642675342158,19.0804195349793,2.357276869730221,26.498750460548205
-10.009273590002552,14.60643357107827,3.4705471495334024,17.569983395028256
-15.07184728035237,13.412826527898211,0.6782058375640361,24.24901638444024
-10.009273590002552,14.60643357107827,3.4705471495334024,17.569983395028256
-13.500827356829017,18.398746599284095,3.5180158524902616,22.725062355461368
-10.009273590002552,14.60643357107827,3.4705471495334024,17.569983395028256
-18.937798968623447,18.172624188937064,12.845606718685701,Inf
-15.193123185414485,16.507288001944502,12.038368855562538,28.431229137238446
-18.795143096552962,16.642412194783333,15.60208443858238,Inf
-12.104982720414084,14.78284946156073,14.650083287115628,25.967090707891177
-15.193123185414485,16.507288001944502,12.038368855562538,28.431229137238446
-8.23130438417623,17.189391492686134,10.576445996619732,20.380637141908558
-12.756295590912696,12.543592128117247,12.149325580761527,25.66211334570923
-8.026393829869791,7.873921377421809,9.099925320034004,18.328520587562828
-17.7616272317064,15.282677301649095,17.347296140684627,Inf
-12.104982720414084,14.78284946156073,14.650083287115628,25.967090707891177
-16.586602752667226,17.452867920893986,15.78456664962794,Inf
-8.23130438417623,17.189391492686134,10.576445996619732,20.380637141908558
-4.9777462862181565,10.748467812933484,19.966795925242124,24.88425100498325
1.0542493972674976,10.01710637778885,13.109537274754395,14.866873586596796
-7.002839600196058,2.855359644790365,7.21521125274359,20.3104143210792
-2.697232479050058,8.367900111787556,6.28775143819859,12.28267096697569
-6.2824611157618016,9.778419912492087,1.7503534533223757,14.67761517529744
-0.587155338243555,13.505663904675401,1.4100608912131563,7.862583648992797
-5.283795344730713,1.900928970005129,5.331488695906597,18.445077013663074
3.148050055163516,4.116643965056994,3.933995950812566,9.615671837797283
-2.697232479050058,8.367900111787556,6.28775143819859,12.28267096697569
5.057621816740372,10.836026917454689,2.2716979921292264,3.207534584558203
-5.201870066780163,9.683002499876778,2.2201250084200375,13.909445323902837
-0.587155338243555,13.505663904675401,1.4100608912131563,7.862583648992797
-12.459831291181,9.876750894642761,17.707622019202923,28.047099953363734
-4.92358902725698,11.34863163741641,12.964830540745595,19.02183256731749
-4.820808220265604,2.721324796179463,11.185280097030947,19.53066908563344
-0.9450722947124213,8.714486378736297,7.100009680111839,11.197895315426683
-10.767709824101663,8.049228276873144,11.786232651224271,22.053415665582612
-2.697232479050058,8.367900111787556,6.28775143819859,12.28267096697569
-8.026393829869791,7.873921377421809,9.099925320034004,18.328520587562828
-2.697232479050058,8.367900111787556,6.28775143819859,12.28267096697569
-6.6325766226343585,5.2029928231830525,18.009166022800216,24.738769221753618
-2.5681768971482555,9.613297412571242,10.91722371192251,15.450832021248468
-7.346456340307945,3.919991871760587,11.801095430541828,20.7559308002215
-0.9450722947124213,8.714486378736297,7.100009680111839,11.197895315426683
-5.2613781762069145,15.049863558892682,17.173565410525,24.16584183435389
1.7427833802307475,16.952628645352192,13.31128884084643,15.257838691776449
-7.279040302871387,17.823461713384468,10.395647047443273,20.351178868357174
-4.745149128601183,15.560826255825894,8.547650128013782,16.374797506946035
-10.027440755839363,11.766392599406885,4.351178962383955,19.65166797327819
-5.201870066780163,9.683002499876778,2.2201250084200375,13.909445323902837
-12.526552672130915,11.98694077107378,2.0439007895217927,21.307276839794373
-6.2824611157618016,9.778419912492087,1.7503534533223757,14.67761517529744
-10.009273590002552,14.60643357107827,3.4705471495334024,17.569983395028256
-0.587155338243555,13.505663904675401,1.4100608912131563,7.862583648992797
-12.104982720414084,14.78284946156073,14.650083287115628,25.967090707891177
-4.745149128601183,15.560826255825894,8.547650128013782,16.374797506946035
-11.170733681756735,17.167067578076995,15.64084464248527,26.079515764329223
-4.745149128601183,15.560826255825894,8.547650128013782,16.374797506946035
-8.23130438417623,17.189391492686134,10.576445996619732,20.380637141908558
-1.8653336833353222,15.484264411232402,5.909607158649344,12.941413874468747
-8.944109500886261,17.618224288840416,11.46530984939271,21.55338797364781
-1.8653336833353222,15.484264411232402,5.909607158649344,12.941413874468747
-4.745149128601183,15.560826255825894,8.547650128013782,16.374797506946035
-0.587155338243555,13.505663904675401,1.4100608912131563,7.862583648992797
-4.92358902725698,11.34863163741641,12.964830540745595,19.02183256731749
-0.9450722947124213,8.714486378736297,7.100009680111839,11.197895315426683
-6.710309816940407,17.847365815442764,11.49737126746654,20.592732367659423
-4.745149128601183,15.560826255825894,8.547650128013782,16.374797506946035
-6.266941658992664,16.541882107508897,19.41677580317041,27.04147570065179
-5.2613781762069145,15.049863558892682,17.173565410525,24.16584183435389
-5.75342339022253,12.418974084748164,19.347265386127944,24.407451622265604
1.0542493972674976,10.01710637778885,13.109537274754395,14.866873586596796
0.586613455434815,17.337404405882346,9.53964888653762,14.483143806204383
4.2189994536571795,14.392386588011107,8.615863392141723,9.364324835101694
6.955995383687554,13.328530132282566,-1.070783124892607,1.706899299664252
7.0,12.0,0.0,0.0
3.6718221116522187,14.741239527266465,-2.160501829326371,4.822751326458556
7.0,12.0,0.0,0.0
-1.7178453160058993,12.09885231287862,-3.585474855912885,9.42688859995444
7.0,12.0,0.0,0.0
-0.9895680630868924,9.530002361515521,-2.5339009869055857,8.738119956847585
7.0,12.0,0.0,0.0
6.556681518026775,15.297464344336625,-2.4659920110567413,4.141366800613787
7.0,12.0,0.0,0.0
6.199536936755273,15.646136903083146,0.46825463912380627,3.762222460023444
7.0,12.0,0.0,0.0
5.557454468840525,13.857789504467547,13.973431857684858,16.184073836641275
5.87361450090464,12.627943150785725,7.443877708954496,7.554758251530001
-0.587155338243555,13.505663904675401,1.4100608912131563,7.862583648992797
7.0,12.0,0.0,0.0
1.7473499808420883,1.005007848127157,1.070142303326442,12.80983912435875
3.5117980577471286,2.9473840527885287,2.20819245629049,9.94954884412667
2.349285863546477,8.447299918927342,6.4006258472571815,8.672879053788254
7.0,12.0,0.0,0.0
1.9590505702183414,6.636969868941058,6.83949382154011,10.576082556541818
5.057621816740372,10.836026917454689,2.2716979921292264,3.207534584558203
0.2435864366096574,4.599123100285993,16.496121498084683,20.115237491207672
0.2856239385429582,7.8295707181802925,10.553029281898432,13.350778602750935
0.2856239385429582,7.8295707181802925,10.553029281898432,13.350778602750935
2.349285863546477,8.447299918927342,6.4006258472571815,8.672879053788254
-0.9450722947124213,8.714486378736297,7.100009680111839,11.197895315426683
5.057621816740372,10.836026917454689,2.2716979921292264,3.207534584558203
-1.2542571356752852,8.168346542548363,17.277584042639383,20.257705525204624
1.0542493972674976,10.01710637778885,13.109537274754395,14.866873586596796
1.0542493972674976,10.01710637778885,13.109537274754395,14.866873586596796
4.224482859185777,11.418594778208771,7.276652468635085,7.8096862024138165
1.8529102779688067,9.858272443466618,19.385136144600786,21.060900803976274
3.201711644587178,13.446767392541183,11.246269890844019,12.33890186347714
2.117829324867124,13.843124576060184,19.773736471565748,20.669569224576193
3.201711644587178,13.446767392541183,11.246269890844019,12.33890186347714
2.653809964271634,0.8324878443813049,10.565690130657046,17.357685231442872
3.148050055163516,4.116643965056994,3.933995950812566,9.615671837797283
5.5036924696652,-0.42403306393445916,12.488595379315953,18.728298175403836
7.913681916332536,7.843997427180245,7.892446672403075,8.96648685418341
5.2936730031728985,0.3261790550279926,2.1464974108095376,12.904446873437397
7.414965242839202,7.849315354752868,-1.2894264921674576,4.366119542082899
3.226938780424433,-0.22189184561973718,13.405127387244342,20.11512709219999
2.653809964271634,0.8324878443813049,10.565690130657046,17.357685231442872
4.8840270440329725,-0.3209928182430062,19.580858320580525,25.595896152310242
6.629480917525381,-0.016936394865851412,12.233162069362258,18.037609327026782
4.208650100768558,12.641239599608141,15.44790306353552,16.417224164852307
5.87361450090464,12.627943150785725,7.443877708954496,7.554758251530001
3.201711644587178,13.446767392541183,11.246269890844019,12.33890186347714
5.078452811720329,12.174103936439082,6.866224856782583,7.132159529999879
3.148050055163516,4.116643965056994,3.933995950812566,9.615671837797283
7.0,12.0,0.0,0.0
3.5117980577471286,2.9473840527885287,2.20819245629049,9.94954884412667
7.0,12.0,0.0,0.0
5.057621816740372,10.836026917454689,2.2716979921292264,3.207534584558203
7.0,12.0,0.0,0.0
5.078452811720329,12.174103936439082,6.866224856782583,7.132159529999879
7.0,12.0,0.0,0.0
4.224482859185777,11.418594778208771,7.276652468635085,7.8096862024138165
7.0,12.0,0.0,0.0
5.87361450090464,12.627943150785725,7.443877708954496,7.554758251530001
7.0,12.0,0.0,0.0
5.073982085816986,9.100633893196843,18.954363219845916,20.82810745979851
6.8315927702094825,12.552564513504116,11.698300723986055,11.91635423170159
3.437690418518436,15.759700762049391,14.883653896629674,15.826924131597243
4.2189994536571795,14.392386588011107,8.615863392141723,9.364324835101694
-1.8653336833353222,15.484264411232402,5.909607158649344,12.941413874468747
5.057621816740372,10.836026917454689,2.2716979921292264,3.207534584558203
4.2189994536571795,14.392386588011107,8.615863392141723,9.364324835101694
7.0,12.0,0.0,0.0
4.314290886846834,15.224801892244173,14.691771362645028,15.497729547167118
5.87361450090464,12.627943150785725,7.443877708954496,7.554758251530001
1.7600351190200954,16.111728118326567,10.010002425949835,12.672838782854088
4.2189994536571795,14.392386588011107,8.615863392141723,9.364324835101694
1.7427833802307475,16.952628645352192,13.31128884084643,15.257838691776449
4.2189994536571795,14.392386588011107,8.615863392141723,9.364324835101694
5.837257172634764,15.825359287522325,18.412212012266238,19.562428074736395
6.8315927702094825,12.552564513504116,11.698300723986055,11.91635423170159
6.629480917525381,-0.016936394865851412,12.233162069362258,18.037609327026782
7.913681916332536,7.843997427180245,7.892446672403075,8.96648685418341
6.225417114182417,9.53177696196569,19.169609029527905,19.99800345410341
6.8315927702094825,12.552564513504116,11.698300723986055,11.91635423170159
6.8315927702094825,12.552564513504116,11.698300723986055,11.91635423170159
5.87361450090464,12.627943150785725,7.443877708954496,7.554758251530001
1.776771300391271,17.40627031644162,7.199624411219084,12.006630535543557
6.199536936755273,15.646136903083146,0.46825463912380627,3.762222460023444
8.853015810520503,14.190902306777566,3.1169555296820306,4.2366416282118555
7.0,12.0,0.0,0.0
17.14363191999592,8.05435613416332,5.286853726022507,12.882310243073624
11.54503539680924,10.028881137123253,4.84483742258444,6.929293324799585
7.414965242839202,7.849315354752868,-1.2894264921674576,4.366119542082899
7.0,12.0,0.0,0.0
7.191836871257209,-18.352191431117085,-13.90223421602176,38.15940977173889
3.6653095844538086,-11.026973075756219,-11.47288872815646,27.270914213634544
7.222813487255735,-13.638532524880382,3.167505254441707,26.594802245947896
6.482512685499291,-6.56101177498714,2.4476291752287516,19.34642862306711
7.394313772000196,1.6067630252063196,-0.262451752974755,10.692616454696921
7.414965242839202,7.849315354752868,-1.2894264921674576,4.366119542082899
7.386929384165484,11.93464637721183,-7.85945512742475,7.869245220753094
7.0,12.0,0.0,0.0
7.338583780425907,0.2795760393284574,4.568005514835907,13.937759795871685
7.414965242839202,7.849315354752868,-1.2894264921674576,4.366119542082899
14.893580927535169,6.844329949636219,-13.609031895897639,16.953369610734335
12.327849556239265,7.605331377726607,-7.049295714314114,9.86872146031899
18.291757464667164,4.890508000266642,-6.076665010471087,15.3473742845756
13.123146174602454,10.434086687716881,-1.5979685564428792,6.519087902806211
16.092046379846607,-0.8941908928682167,-10.269742017051389,19.706522583741197
13.871630009772524,3.51797305963661,-8.501023980359577,13.859844613325746
7.50632434524811,-3.9113174964040027,-11.871988666689237,21.57830798784839
4.352008756722732,1.1692848111016652,-5.483054125306586,12.827267408973302
13.900019089460287,-17.492295519924348,-19.757090657151977,38.5340483125145
7.50632434524811,-3.9113174964040027,-11.871988666689237,21.57830798784839
9.284664938261258,-14.12266532060202,-8.946658722376322,30.469057775807492
8.82764564501673,-7.852575743847776,-9.3664890236224,23.942789390259833
9.173256141041179,-14.273973968401013,-11.898020968754546,31.92902695219623
8.82764564501673,-7.852575743847776,-9.3664890236224,23.942789390259833
8.955602135798443,-19.822724986605955,-6.288574456155391,Inf
13.831058264003453,-14.206856148855316,-2.7429865598121594,28.214364549983372
8.147061363108243,-13.09927890007546,-15.533417620847967,31.489677250859657
7.50632434524811,-3.9113174964040027,-11.871988666689237,21.57830798784839
7.679590399875373,-5.0041495132899705,-15.498579047367178,25.369938340617885
6.8209709747632274,-3.945691999036871,-11.490767001402373,21.09475652018316
8.82764564501673,-7.852575743847776,-9.3664890236224,23.942789390259833
7.576879089602215,-1.988815303778786,-3.1681179260534442,15.31910643355046
15.995127121230553,-8.244391300886464,-14.48820902719448,28.181798584933603
16.378422863664248,-7.026191296731135,-12.968979170676462,26.179761095526807
12.095799017081362,-11.147147360672811,-18.31786200794646,34.15732623395311
10.733478294936454,-3.260829061386133,-14.132050676829655,22.673152770830892
12.604552973793261,-16.990551859470145,-19.119323338350025,Inf
8.147061363108243,-13.09927890007546,-15.533417620847967,31.489677250859657
15.736041334449872,-10.207010592215742,-11.9201090373737,27.512911119554165
14.53797593259403,-6.777159981989467,-9.057957955729394,22.887854932895323
15.911861070276544,-11.666557547016811,-10.372347239656934,28.133938053676367
14.53797593259403,-6.777159981989467,-9.057957955729394,22.887854932895323
9.97653377213119,-6.32529680017849,-6.42476098415945,22.24484921032256
7.576879089602215,-1.988815303778786,-3.1681179260534442,15.31910643355046
12.582809623813354,-8.209302525401396,-18.46105568318557,30.940956237187635
10.733478294936454,-3.260829061386133,-14.132050676829655,22.673152770830892
9.74435492770116,-6.556118060069673,-10.868275445544047,24.100844546809974
7.468625617169195,-3.805913363703226,-10.429959831680788,20.504361494703836
14.591837342883181,-6.1592179239705125,-11.133294928512978,24.598356755723053
13.787377011020105,-0.83971351154144,-4.130609354411456,15.767621289799326
13.084016895534234,-7.327827311638604,-15.918385603992933,28.38039539907248
10.733478294936454,-3.260829061386133,-14.132050676829655,22.673152770830892
14.53797593259403,-6.777159981989467,-9.057957955729394,22.887854932895323
12.055270538786012,2.5083407500902126,-6.361228678488988,12.90503475457791
12.828759684508412,1.9337035356407668,-14.11240317305034,18.9409736784499
12.327849556239265,7.605331377726607,-7.049295714314114,9.86872146031899
9.659169749942727,-2.715556401367092,-17.05339695654815,25.290096669047827
12.828759684508412,1.9337035356407668,-14.11240317305034,18.9409736784499
8.793637025140555,0.9024448089514507,-16.01955085552892,21.539260055349736
6.0190610296906755,7.853171630430992,-9.79844606655524,11.807198603799351
13.987855383081396,3.0221099043940036,-16.40039454368953,21.72719617030377
14.474763093796447,6.480095186059565,-7.976784738712928,12.390796412458984
10.733478294936454,-3.260829061386133,-14.132050676829655,22.673152770830892
12.055270538786012,2.5083407500902126,-6.361228678488988,12.90503475457791
12.969736890383402,5.969380549695089,-19.513388491927763,23.22458473579791
14.893580927535169,6.844329949636219,-13.609031895897639,16.953369610734335
14.474763093796447,6.480095186059565,-7.976784738712928,12.390796412458984
10.08907325488672,8.552425647441968,-4.022375123235298,6.132507164487829
7.468625617169195,-3.805913363703226,-10.429959831680788,20.504361494703836
4.352008756722732,1.1692848111016652,-5.483054125306586,12.827267408973302
12.055270538786012,2.5083407500902126,-6.361228678488988,12.90503475457791
10.08907325488672,8.552425647441968,-4.022375123235298,6.132507164487829
13.871630009772524,3.51797305963661,-8.501023980359577,13.859844613325746
10.08907325488672,8.552425647441968,-4.022375123235298,6.132507164487829
15.51449638041035,1.609388583345897,-11.909744570141765,18.21917121201512
13.871630009772524,3.51797305963661,-8.501023980359577,13.859844613325746
18.326699365787363,-16.212707801179835,-7.522931247364415,Inf
17.327023418424012,-6.717694758887465,-8.411095925166165,23.85479171684056
18.323008265805036,-16.97321975907709,-14.234709217693657,Inf
15.736041334449872,-10.207010592215742,-11.9201090373737,27.512911119554165
17.792594105668954,-11.270910710873281,-12.859408650112911,32.060419211851645
14.53797593259403,-6.777159981989467,-9.057957955729394,22.887854932895323
16.65941451369924,-11.99941333602042,-18.074010241646228,33.416245888488966
16.378422863664248,-7.026191296731135,-12.968979170676462,26.179761095526807
16.378422863664248,-7.026191296731135,-12.968979170676462,26.179761095526807
16.092046379846607,-0.8941908928682167,-10.269742017051389,19.706522583741197
18.64107529918759,-0.5228185949492641,-12.991009732449506,21.958523995581697
13.871630009772524,3.51797305963661,-8.501023980359577,13.859844613325746
18.70304917169235,-8.254368302561854,-13.710186301816139,28.240349624275897
16.092046379846607,-0.8941908928682167,-10.269742017051389,19.706522583741197
18.51411063238453,-14.953739521525797,-18.563120074153964,Inf
16.378422863664248,-7.026191296731135,-12.968979170676462,26.179761095526807
16.81240541534514,-10.896134382759115,-14.014745107177102,Inf
14.53797593259403,-6.777159981989467,-9.057957955729394,22.887854932895323
19.515315367070386,-12.773780055457893,-17.316328395463252,Inf
16.378422863664248,-7.026191296731135,-12.968979170676462,26.179761095526807
18.52257866448894,-15.48283136106078,-8.709305768007534,Inf
14.53797593259403,-6.777159981989467,-9.057957955729394,22.887854932895323
17.327023418424012,-6.717694758887465,-8.411095925166165,23.85479171684056
13.787377011020105,-0.83971351154144,-4.130609354411456,15.767621289799326
19.754980452229802,5.051908274073718,-10.791108926116362,18.54228678794301
14.474763093796447,6.480095186059565,-7.976784738712928,12.390796412458984
14.204457192367187,-13.228167682128662,4.892483725558741,29.156361298073087
9.930825189185946,-4.362617165105043,5.306984536281199,19.30579139625511
8.564267128086858,-16.403762939473356,-4.314547654583301,Inf
5.297531597910723,-11.458149305922651,0.9370744642658302,24.26350614811062
10.356987038744148,-18.312569407646286,-3.407933034157253,Inf
13.831058264003453,-14.206856148855316,-2.7429865598121594,28.214364549983372
8.157250197415244,-5.194208477257076,-3.6525636287336667,18.329902877026903
7.394313772000196,1.6067630252063196,-0.262451752974755,10.692616454696921
13.787377011020105,-0.83971351154144,-4.130609354411456,15.767621289799326
11.260223536766638,5.856377822561232,0.055095095787145,7.47640511956901
12.793872193644958,2.434446922524156,0.218024230725959,12.145955517585556
11.260223536766638,5.856377822561232,0.055095095787145,7.47640511956901
12.309519827731165,-13.136222053589464,5.119992033450693,27.39532098691688
8.83745976881044,-5.645973568691973,1.0970287736397033,18.211462494537393
11.260223536766638,5.856377822561232,0.055095095787145,7.47640511956901
7.0,12.0,0.0,0.0
7.576879089602215,-1.988815303778786,-3.1681179260534442,15.31910643355046
7.394313772000196,1.6067630252063196,-0.262451752974755,10.692616454696921
8.83745976881044,-5.645973568691973,1.0970287736397033,18.211462494537393
7.394313772000196,1.6067630252063196,-0.262451752974755,10.692616454696921
9.075778253811535,-1.4185484953533205,4.648371533576814,16.35303412833491
10.68002395688664,5.956333047051913,4.443073962021657,8.355201541160527
10.68002395688664,5.956333047051913,4.443073962021657,8.355201541160527
7.0,12.0,0.0,0.0
11.972895792508726,1.5598987569458274,4.024444076574987,12.956875479148149
10.68002395688664,5.956333047051913,4.443073962021657,8.355201541160527
13.831058264003453,-14.206856148855316,-2.7429865598121594,28.214364549983372
13.981500273907798,-6.234862381267465,-1.2514037189176648,20.10263620147129
13.56388014661217,-14.380477486910817,3.309762992674308,Inf
13.981500273907798,-6.234862381267465,-1.2514037189176648,20.10263620147129
13.754025538565543,-1.458160668927917,4.02451273886453,16.164201053684096
11.260223536766638,5.856377822561232,0.055095095787145,7.47640511956901
13.981500273907798,-6.234862381267465,-1.2514037189176648,20.10263620147129
12.793872193644958,2.434446922524156,0.218024230725959,12.145955517585556
18.8112655777728,-6.8198648661840355,2.627210902072079,23.665934262492474
13.754025538565543,-1.458160668927917,4.02451273886453,16.164201053684096
17.76788481147453,-15.811526145590049,1.0252977515856898,32.858580330342136
18.8112655777728,-6.8198648661840355,2.627210902072079,23.665934262492474
19.464659069040962,-15.184635636077957,-5.2879837466977975,Inf
17.327023418424012,-6.717694758887465,-8.411095925166165,23.85479171684056
19.251214555780365,-16.184688963747096,0.551520168908386,Inf
18.8112655777728,-6.8198648661840355,2.627210902072079,23.665934262492474
16.401555371358477,-14.941563825844177,-4.694766537335013,Inf
13.981500273907798,-6.234862381267465,-1.2514037189176648,20.10263620147129
16.03238851929757,-3.8682409672915163,-1.976786230171001,18.64799206556242
12.793872193644958,2.434446922524156,0.218024230725959,12.145955517585556
19.20527150458046,-0.7444752448094789,3.205260297091222,18.984521659554552
12.793872193644958,2.434446922524156,0.218024230725959,12.145955517585556
18.8468798237675,13.654611674059879,-17.531122079106368,23.99614382195427
17.40625734402323,13.615001415354335,-10.493032332484589,16.726961463150744
9.454858189134605,10.283170905085477,-11.139890189225605,12.084094562324909
7.386929384165484,11.93464637721183,-7.85945512742475,7.869245220753094
8.976683184775833,9.676673390627741,-10.446023519747252,11.652906833907782
7.386929384165484,11.93464637721183,-7.85945512742475,7.869245220753094
10.08907325488672,8.552425647441968,-4.022375123235298,6.132507164487829
7.0,12.0,0.0,0.0
12.327849556239265,7.605331377726607,-7.049295714314114,9.86872146031899
7.0,12.0,0.0,0.0
18.85588026481878,11.431722296013245,1.0676583043994015,13.191711430483997
13.123146174602454,10.434086687716881,-1.5979685564428792,6.519087902806211
19.51343964352744,9.700626653713826,-7.427422137268387,15.19989105064135
13.123146174602454,10.434086687716881,-1.5979685564428792,6.519087902806211
16.93266071437776,9.75082056197003,-12.016474820065897,16.97366888520817
12.327849556239265,7.605331377726607,-7.049295714314114,9.86872146031899
13.123146174602454,10.434086687716881,-1.5979685564428792,6.519087902806211
7.0,12.0,0.0,0.0
17.401971799215787,10.049845337707897,-16.547495248357613,21.53873348852473
16.93266071437776,9.75082056197003,-12.016474820065897,16.97366888520817
16.485289740571815,11.01143449364016,-16.81034386702396,21.145627576440965
9.454858189134605,10.283170905085477,-11.139890189225605,12.084094562324909
17.40625734402323,13.615001415354335,-10.493032332484589,16.726961463150744
14.271112227553424,16.051894349777818,-4.296569077040946,9.367359642995607
11.54503539680924,10.028881137123253,4.84483742258444,6.929293324799585
7.0,12.0,0.0,0.0
18.4479889962627,-2.9877867123347635,12.625935760323763,22.838149104643087
14.889837840387976,0.9432320121295845,8.021179216792564,15.815533446262277
11.732007198640275,-11.169002651011795,15.266680549241897,31.730521739807372
12.836758894933773,-8.444938171717364,13.278853901497726,26.290616234220487
16.90656961058857,-18.675465224134513,10.187198256526848,Inf
12.309519827731165,-13.136222053589464,5.119992033450693,27.39532098691688
11.947209386750828,-12.62997922851456,8.180070917691118,28.28742298938647
9.930825189185946,-4.362617165105043,5.306984536281199,19.30579139625511
10.283559936210843,-12.127911830902374,9.169557655701162,27.9217266558357
9.165430393874647,-2.5290375219435006,8.815149167986434,18.020114834144735
14.110656724428523,-14.107877896934387,5.985173541966198,30.562298574305427
12.309519827731165,-13.136222053589464,5.119992033450693,27.39532098691688
14.235169299836443,-18.052647039928395,8.380463384576188,Inf
12.309519827731165,-13.136222053589464,5.119992033450693,27.39532098691688
17.484479441529828,-17.142931813694364,19.864661980315915,Inf
11.732007198640275,-11.169002651011795,15.266680549241897,31.730521739807372
13.614039085669106,-18.81794900224009,15.61796886078696,Inf
10.283559936210843,-12.127911830902374,9.169557655701162,27.9217266558357
13.587834927909,-15.015029398521254,11.914479877979439,33.01245492181097
9.681359731038661,-6.842647136378526,9.60094504949182,22.967994703051545
12.566343806179475,-17.65275609811325,11.701577204669213,Inf
10.283559936210843,-12.127911830902374,9.169557655701162,27.9217266558357
17.141642522033692,-11.89864810649067,19.24072106830704,Inf
12.836758894933773,-8.444938171717364,13.278853901497726,26.290616234220487
10.437062635398782,-13.967186358186066,12.93886122393937,Inf
9.681359731038661,-6.842647136378526,9.60094504949182,22.967994703051545
12.032080795324937,-14.53449517125164,19.393957399363842,Inf
12.836758894933773,-8.444938171717364,13.278853901497726,26.290616234220487
8.146756867229321,-12.69218801196546,17.1428565994063,Inf
9.681359731038661,-6.842647136378526,9.60094504949182,22.967994703051545
7.913681916332536,7.843997427180245,7.892446672403075,8.96648685418341
7.0,12.0,0.0,0.0
15.252407909418714,13.501087902890575,6.372983695174696,11.44980893264424
8.853015810520503,14.190902306777566,3.1169555296820306,4.2366416282118555
9.930825189185946,-4.362617165105043,5.306984536281199,19.30579139625511
7.394313772000196,1.6067630252063196,-0.262451752974755,10.692616454696921
8.051974531702601,4.753666320258585,7.344994898657227,12.107979276974053
5.057621816740372,10.836026917454689,2.2716979921292264,3.207534584558203
8.580863027619301,10.696125483585533,5.9367318635618815,6.280445994233185
7.0,12.0,0.0,0.0
13.733383530291967,4.02863510638225,6.003782918870879,12.289008410207025
10.68002395688664,5.956333047051913,4.443073962021657,8.355201541160527
16.113042972679914,9.508418131021202,19.16256473942208,23.295660670352085
14.038052164850548,10.26671418331209,16.25817792555697,19.646542623474204
15.496713809765382,5.775916935756467,8.523223073476789,13.80199205049837
11.54503539680924,10.028881137123253,4.84483742258444,6.929293324799585
13.203255295724944,-2.018595746809666,18.59744921880946,26.04268306858676
14.564444479428772,0.6730369193635894,14.970703888432183,21.325586069917282
8.82955760991834,1.6658574454361919,8.472528464444089,15.23902516060954
10.68002395688664,5.956333047051913,4.443073962021657,8.355201541160527
8.024360915852125,-4.2475313180701235,10.769506371238933,21.30575561273551
9.165430393874647,-2.5290375219435006,8.815149167986434,18.020114834144735
14.977728919632568,-5.221810067550381,8.775528323512887,22.347618866363234
11.972895792508726,1.5598987569458274,4.024444076574987,12.956875479148149
13.518790084844824,-11.06588954843799,17.447516952070558,Inf
12.836758894933773,-8.444938171717364,13.278853901497726,26.290616234220487
9.681359731038661,-6.842647136378526,9.60094504949182,22.967994703051545
9.165430393874647,-2.5290375219435006,8.815149167986434,18.020114834144735
12.836758894933773,-8.444938171717364,13.278853901497726,26.290616234220487
9.165430393874647,-2.5290375219435006,8.815149167986434,18.020114834144735
15.40848087777566,-1.2598744789992082,12.544878085691202,20.865733352725506
13.733383530291967,4.02863510638225,6.003782918870879,12.289008410207025
12.09742544170414,4.62045600155821,9.098476981169448,14.383999042859433
10.68002395688664,5.956333047051913,4.443073962021657,8.355201541160527
9.165430393874647,-2.5290375219435006,8.815149167986434,18.020114834144735
10.68002395688664,5.956333047051913,4.443073962021657,8.355201541160527
14.889837840387976,0.9432320121295845,8.021179216792564,15.815533446262277
10.68002395688664,5.956333047051913,4.443073962021657,8.355201541160527
14.564444479428772,0.6730369193635894,14.970703888432183,21.325586069917282
12.09742544170414,4.62045600155821,9.098476981169448,14.383999042859433
14.99350901199594,-2.8693278768185237,18.94216039069675,26.66458517758877
14.564444479428772,0.6730369193635894,14.970703888432183,21.325586069917282
14.268299513510662,12.76607414181133,8.640630077349101,12.102162169924075
8.853015810520503,14.190902306777566,3.1169555296820306,4.2366416282118555
14.038052164850548,10.26671418331209,16.25817792555697,19.646542623474204
10.11808863286327,14.757545943132754,10.022351581024466,11.019885438545053
17.714259161071098,-10.684812745677617,19.800808484742234,Inf
12.836758894933773,-8.444938171717364,13.278853901497726,26.290616234220487
16.48879341313014,6.190823714135149,8.577857463561422,14.21673915529651
11.54503539680924,10.028881137123253,4.84483742258444,6.929293324799585
17.1645725986398,7.425027124517118,9.20776636959421,14.505202714330224
11.54503539680924,10.028881137123253,4.84483742258444,6.929293324799585
16.857999824800338,0.5073043037577278,12.04399466532368,20.283289087569152
13.733383530291967,4.02863510638225,6.003782918870879,12.289008410207025
18.833575132495042,7.362439332343797,16.92776073124218,22.403797502874628
17.1645725986398,7.425027124517118,9.20776636959421,14.505202714330224
18.705885238809266,-14.04876895785594,10.620310984092704,Inf
14.977728919632568,-5.221810067550381,8.775528323512887,22.347618866363234
19.072208308588927,-2.269182238402287,13.183351847177526,23.763145689542434
14.889837840387976,0.9432320121295845,8.021179216792564,15.815533446262277
18.501342063548122,14.1642804052685,18.920473150573827,23.477243708208693
16.108732302138158,14.748556814663651,17.80721457267319,20.77441092495345
9.463537394265316,14.996528609735186,8.682106203684423,9.509320077374648
7.0,12.0,0.0,0.0
7.071618494394656,16.322512894347156,3.478898267314694,5.549052178963716
7.0,12.0,0.0,0.0
18.86436720882599,16.57551260648645,-13.680067588709584,20.286070000360578
17.381974119898736,17.52772258767402,-12.188152846064622,17.977390135655664
9.696278453170628,14.236574247512799,0.8729845693824068,3.610302469329879
7.0,12.0,0.0,0.0
7.3505584111832505,16.032422104410514,-7.508692095073215,8.530168591909824
7.0,12.0,0.0,0.0
14.271112227553424,16.051894349777818,-4.296569077040946,9.367359642995607
7.0,12.0,0.0,0.0
8.003134260632603,15.868238453944542,6.949757447131404,8.01677464167408
7.0,12.0,0.0,0.0
10.891205250127687,19.670695874652736,-2.4149900978388743,8.933825086305172
7.0,12.0,0.0,0.0
8.19218920907204,19.953585294115,-16.27313699048291,18.16859986908981
7.3505584111832505,16.032422104410514,-7.508692095073215,8.530168591909824
12.994362584330396,17.787404363656748,-19.216351323457673,24.203143725865505
8.19218920907204,19.953585294115,-16.27313699048291,18.16859986908981
17.381974119898736,17.52772258767402,-12.188152846064622,17.977390135655664
14.271112227553424,16.051894349777818,-4.296569077040946,9.367359642995607
14.439961985268454,19.008226496936658,-17.231257074958517,24.55971573524801
17.381974119898736,17.52772258767402,-12.188152846064622,17.977390135655664
16.05315200739726,19.830543608884277,0.4594300151407893,12.088118341930718
9.696278453170628,14.236574247512799,0.8729845693824068,3.610302469329879
7.436658174792299,17.260785655892207,-0.7289525812226145,5.328968750567529
7.0,12.0,0.0,0.0
10.11808863286327,14.757545943132754,10.022351581024466,11.019885438545053
9.463537394265316,14.996528609735186,8.682106203684423,9.509320077374648
12.712349750115031,15.495639259858656,10.147707305352238,12.362419591282919
8.853015810520503,14.190902306777566,3.1169555296820306,4.2366416282118555
16.108732302138158,14.748556814663651,17.80721457267319,20.77441092495345
12.712349750115031,15.495639259858656,10.147707305352238,12.362419591282919
17.436965189324056,19.87477198210555,17.06366094760873,21.813832672368022
12.712349750115031,15.495639259858656,10.147707305352238,12.362419591282919
10.155496997092051,15.544790241258816,17.161799759438694,18.034846554258383
9.463537394265316,14.996528609735186,8.682106203684423,9.509320077374648
