-6.191468381669747,-13.330739296280258,13.803061657980265,19.38125830430994
7.0,-10.0,0.0,0.0
-11.833724528424776,-18.341535171203862,-8.015029464874015,45.50323328191345
-7.856151566208585,-10.204766903231066,0.7750294680592802,15.533982479921399
2.2847430085905245,-15.581376360926207,-18.35771967355088,27.454124869540408
3.185882025652276,-11.58239255538592,-9.70435919726115,11.335768095365623
-3.696654178464307,-15.775723271686246,-17.09679623729274,Inf
2.2847430085905245,-15.581376360926207,-18.35771967355088,27.454124869540408
-5.074675608468109,-19.396188294691818,-17.520445693950162,Inf
2.2847430085905245,-15.581376360926207,-18.35771967355088,27.454124869540408
6.452672007119826,-14.364382502661615,-13.180622508865314,16.538413372478047
2.954583332103873,-9.802760997576101,-7.076419524382329,8.153527612391363
0.6828456948501938,-17.391086469509112,6.172351939424765,14.976222296634532
8.373145295201454,-11.329303908028265,4.700384922592875,5.074070880680672
-11.506363999410434,-16.396664757952834,2.559780536993106,22.28851312505168
-6.960045784225661,-12.920240371599032,0.1828117331431116,15.882469876988782
-0.31827255255730336,-17.966443332786312,0.2519841210737823,11.130489860462065
5.869747840308925,-10.124121239413446,-0.0174687938627045,1.1371812455887969
-8.880046722934631,-16.573209710618872,-3.1415401409418493,Inf
0.5218056710836265,-17.268028482576838,-3.6083248302283977,10.7564402200735
-14.520506073215236,-16.478119804278563,-3.9152478069864998,Inf
-6.960045784225661,-12.920240371599032,0.1828117331431116,15.882469876988782
0.5218056710836265,-17.268028482576838,-3.6083248302283977,10.7564402200735
5.869747840308925,-10.124121239413446,-0.0174687938627045,1.1371812455887969
-2.2273995460456675,-19.39474374690206,12.823201888015909,Inf
0.6828456948501938,-17.391086469509112,6.172351939424765,14.976222296634532
-1.2626688213040538,-17.015115972408907,14.465816244463376,Inf
-1.4381967610371404,-11.809993740181284,9.550431114380569,16.087119205039627
-18.982493567774192,-15.555560523697913,18.100554987905966,Inf
-12.585087712172074,-10.107016858274624,11.830135039879348,25.55050507842882
2.3452611311796616,-15.905530952537603,19.764245286124016,Inf
10.093554808005713,-14.885296102013692,18.42756862109688,19.40663311853194
1.1441104773004014,-15.911758317489513,-7.701060440984442,14.555701968606837
2.954583332103873,-9.802760997576101,-7.076419524382329,8.153527612391363
-7.856151566208585,-10.204766903231066,0.7750294680592802,15.533982479921399
-0.515547350728216,-8.63645281124521,2.0770944223521326,7.915619631864921
-4.173747705191522,16.786736463185868,-15.036015029175847,39.97885042800796
10.115532618378616,8.5552709511858,-1.9285977208705951,18.913595975833044
-15.048174684335995,19.84641388896054,-3.492516804087586,75.84774661713793
-19.70729208194994,7.8201936650567845,3.2573755329751393,58.99152661577388
-18.931311837945586,-3.075321936428317,-12.481363684383187,77.85979349049458
-16.456856835038458,-0.931652265852172,1.345072754434522,49.46172921973516
-18.583300337416446,-10.283118870634818,-12.925138503214129,Inf
-11.554890589969498,-12.089666037666236,-9.99576421345286,52.067296518380836
-11.371870399620851,5.22460086087122,-16.539999565843022,Inf
-17.741488101284915,11.329362065019577,-11.5094015231763,Inf
-12.377519598757063,-12.655900425599542,-13.286026542059961,Inf
-7.186018643738743,-7.859691167555463,-10.338823611097956,Inf
-9.898583996730288,-10.919753625714987,-15.868196191069908,Inf
-1.8562025794836856,-9.025917932326895,-17.395076101788103,Inf
-8.16973398290811,7.605250956726628,-15.715426724481958,Inf
0.00885111136298633,6.249301259744129,-14.172747939826111,Inf
-16.676686389948074,-7.171855109072105,-1.6746275640680537,25.177695877933623
-7.856151566208585,-10.204766903231066,0.7750294680592802,15.533982479921399
-19.463108102173685,18.57246937730909,-0.004951259817698173,Inf
-15.048174684335995,19.84641388896054,-3.492516804087586,75.84774661713793
-17.741488101284915,11.329362065019577,-11.5094015231763,Inf
-15.048174684335995,19.84641388896054,-3.492516804087586,75.84774661713793
-19.510371785706777,-12.995006161705751,-1.7597277914459397,Inf
-16.676686389948074,-7.171855109072105,-1.6746275640680537,25.177695877933623
-18.0591208195277,-4.459883577565069,-6.1174754434562395,Inf
-8.538573563716776,-6.233333791204814,-5.462403310117363,20.686812284691186
-19.469187894067908,16.012256840342616,-3.274223813689858,Inf
-11.350684414803753,15.744478151982328,-5.592994513146072,Inf
-19.24908205726675,18.963245021262452,-0.40091285494346707,Inf
-11.350684414803753,15.744478151982328,-5.592994513146072,Inf
-4.9935979365498095,-9.988880725516527,0.373378774495599,12.894037585515317
-0.515547350728216,-8.63645281124521,2.0770944223521326,7.915619631864921
-11.554890589969498,-12.089666037666236,-9.99576421345286,52.067296518380836
-8.538573563716776,-6.233333791204814,-5.462403310117363,20.686812284691186
-6.960045784225661,-12.920240371599032,0.1828117331431116,15.882469876988782
-0.515547350728216,-8.63645281124521,2.0770944223521326,7.915619631864921
-12.759181879609729,4.53085982606887,0.563730671106633,56.10419366311517
-11.271737174561274,-3.854832966462496,4.787129660109912,20.501189401030476
-8.538573563716776,-6.233333791204814,-5.462403310117363,20.686812284691186
-4.9935979365498095,-9.988880725516527,0.373378774495599,12.894037585515317
-8.545716745942178,16.835535572692834,-0.5734385194062597,Inf
-5.550386366530704,18.144257128567098,2.5271425832833145,Inf
-15.676338542216017,-1.0827809854042485,-1.5714924600511821,Inf
-11.271737174561274,-3.854832966462496,4.787129660109912,20.501189401030476
-16.20332585041078,3.1747483725082475,-2.934791621792794,Inf
-15.676338542216017,-1.0827809854042485,-1.5714924600511821,Inf
-16.6024140119878,9.39206208330436,-9.77031893885294,Inf
-11.714572564454029,4.409078985793826,-5.2779324641791625,Inf
-12.055665602763943,14.002852615333168,-7.545291433345778,Inf
-8.545716745942178,16.835535572692834,-0.5734385194062597,Inf
-11.714572564454029,4.409078985793826,-5.2779324641791625,Inf
-6.773859538582023,6.9554686467722675,2.8050136947726223,Inf
-9.165965304160286,-1.522162040367661,-4.658692648496574,Inf
0.02213758810949429,-2.4379784260557003,-7.617970727380561,13.411226815112714
-11.350684414803753,15.744478151982328,-5.592994513146072,Inf
-6.948071435624117,13.82160417823367,-4.601291473450937,Inf
-10.990808556902198,14.012442746849999,-12.34841944520495,Inf
-7.782291599300732,11.323482568261642,-12.216948507809615,Inf
-14.265134027642548,16.620017248913292,-9.85960253539556,Inf
-7.761432012075256,13.220696002334009,-5.470541947751242,Inf
-12.126633325156613,17.237835888671455,-0.9099190861685535,Inf
-5.03420571388113,12.128888402541676,2.7673074546055254,Inf
-6.948071435624117,13.82160417823367,-4.601291473450937,Inf
-3.5182487724428597,9.519476783181489,1.8120076787787482,Inf
-7.186018643738743,-7.859691167555463,-10.338823611097956,Inf
0.02213758810949429,-2.4379784260557003,-7.617970727380561,13.411226815112714
-7.782291599300732,11.323482568261642,-12.216948507809615,Inf
0.00885111136298633,6.249301259744129,-14.172747939826111,Inf
-7.761432012075256,13.220696002334009,-5.470541947751242,Inf
-3.5182487724428597,9.519476783181489,1.8120076787787482,Inf
-6.264507989375447,11.12571757440297,-1.470688954273669,Inf
-3.5182487724428597,9.519476783181489,1.8120076787787482,Inf
-6.332247601268373,10.305888255469846,-2.533582174251599,Inf
-3.5182487724428597,9.519476783181489,1.8120076787787482,Inf
-1.6922110020922254,-5.678213682822619,-12.610339081401527,16.983815236262036
2.954583332103873,-9.802760997576101,-7.076419524382329,8.153527612391363
-1.1034244302265606,-7.019564777318044,-17.649851461116874,28.890447250658205
-1.6922110020922254,-5.678213682822619,-12.610339081401527,16.983815236262036
1.3939441995128021,-8.929743934291166,-19.230084253896038,25.77747196586005
-1.6922110020922254,-5.678213682822619,-12.610339081401527,16.983815236262036
6.168440439566485,-11.168663841497422,-17.85242215593413,Inf
3.185882025652276,-11.58239255538592,-9.70435919726115,11.335768095365623
1.647773084846527,-6.8469646206314305,-3.322309698141339,7.044551567360918
7.0,-10.0,0.0,0.0
-1.8562025794836856,-9.025917932326895,-17.395076101788103,Inf
3.185882025652276,-11.58239255538592,-9.70435919726115,11.335768095365623
2.954583332103873,-9.802760997576101,-7.076419524382329,8.153527612391363
7.0,-10.0,0.0,0.0
3.185882025652276,-11.58239255538592,-9.70435919726115,11.335768095365623
2.954583332103873,-9.802760997576101,-7.076419524382329,8.153527612391363
5.869747840308925,-10.124121239413446,-0.0174687938627045,1.1371812455887969
7.0,-10.0,0.0,0.0
3.0,6.0,0.0,17.022475902835634
2.7549421278859043,-1.6494028657270192,0.1121191545061535,9.368327467661084
0.02213758810949429,-2.4379784260557003,-7.617970727380561,13.411226815112714
1.647773084846527,-6.8469646206314305,-3.322309698141339,7.044551567360918
0.00885111136298633,6.249301259744129,-14.172747939826111,Inf
0.02213758810949429,-2.4379784260557003,-7.617970727380561,13.411226815112714
-3.065922944098034,-2.5705903133741437,-16.569400244432266,Inf
-1.6922110020922254,-5.678213682822619,-12.610339081401527,16.983815236262036
-3.851071708637626,8.640907459836392,-14.842348696441263,Inf
0.00885111136298633,6.249301259744129,-14.172747939826111,Inf
-1.5435487852221002,8.719350964008683,-14.070639115121244,Inf
0.00885111136298633,6.249301259744129,-14.172747939826111,Inf
-3.1983421799669465,19.128304672687342,-5.169240957685313,Inf
-6.948071435624117,13.82160417823367,-4.601291473450937,Inf
1.6736533833323364,17.159234069382393,-2.728848423914041,Inf
-5.550386366530704,18.144257128567098,2.5271425832833145,Inf
2.22102146957301,4.966664842394195,-17.213581841769088,Inf
0.00885111136298633,6.249301259744129,-14.172747939826111,Inf
4.086483535667664,-3.6630108514711353,-18.2688017085486,Inf
-1.6922110020922254,-5.678213682822619,-12.610339081401527,16.983815236262036
6.347114703370629,-3.9344118442704534,-19.281449650501763,Inf
10.343127513201669,-9.644136113237654,-13.379273024683398,14.896511297142546
6.102031218570154,19.887631914347743,-15.136850718700616,Inf
9.807240031409002,16.988515322552715,-10.190934439627881,Inf
0.9464819993872808,19.715322966196787,-19.51977086115808,Inf
-4.173747705191522,16.786736463185868,-15.036015029175847,39.97885042800796
2.8895053287199346,8.481526173388438,0.6392140886098545,Inf
3.0,6.0,0.0,17.022475902835634
2.7549421278859043,-1.6494028657270192,0.1121191545061535,9.368327467661084
7.0,-10.0,0.0,0.0
-12.585087712172074,-10.107016858274624,11.830135039879348,25.55050507842882
-6.947951887842754,-11.420444401661864,10.28945689026024,19.42370338947784
-18.07139252723662,8.560965602132189,14.939183865007237,46.51274751539064
-12.585087712172074,-10.107016858274624,11.830135039879348,25.55050507842882
-19.268709975874614,3.758482881043797,8.990348055005477,54.2513557141254
-18.07139252723662,8.560965602132189,14.939183865007237,46.51274751539064
-16.456856835038458,-0.931652265852172,1.345072754434522,49.46172921973516
-11.271737174561274,-3.854832966462496,4.787129660109912,20.501189401030476
-19.70729208194994,7.8201936650567845,3.2573755329751393,58.99152661577388
-16.456856835038458,-0.931652265852172,1.345072754434522,49.46172921973516
-17.603737542520506,-11.192481698453154,3.747536562878466,36.38412233595584
-11.271737174561274,-3.854832966462496,4.787129660109912,20.501189401030476
-19.075201768375727,-0.2042552592356799,7.787041994317221,Inf
-11.271737174561274,-3.854832966462496,4.787129660109912,20.501189401030476
-18.864801471206363,-2.48360173580247,7.256549911519574,Inf
-11.271737174561274,-3.854832966462496,4.787129660109912,20.501189401030476
-15.034007243711844,4.530395574880728,17.78146526233744,52.30496364108554
-18.07139252723662,8.560965602132189,14.939183865007237,46.51274751539064
-19.424112110578058,2.92418883073962,10.839829196322633,Inf
-18.07139252723662,8.560965602132189,14.939183865007237,46.51274751539064
-16.07847251584311,3.141495047111846,11.458860040954455,Inf
-10.12909044733365,-1.8785551839095582,10.313180223267075,Inf
-14.211902734071247,-4.008432605256189,16.76023203931731,Inf
-10.257918401396715,-8.286938777211184,14.8876567356171,25.950298258636067
-14.978467802597164,-10.459780617464558,19.097052404035836,Inf
-10.257918401396715,-8.286938777211184,14.8876567356171,25.950298258636067
-14.198855742509728,13.714976880188281,8.361087170668728,55.723161703876386
-18.07139252723662,8.560965602132189,14.939183865007237,46.51274751539064
-19.967543297467422,12.9839893736007,6.426842810987381,Inf
-18.07139252723662,8.560965602132189,14.939183865007237,46.51274751539064
-15.396921669810082,13.452206721697394,7.113667308254932,Inf
-11.361205247708925,7.216266635632209,10.881908475497298,Inf
-15.266898974889882,15.163399278577636,18.33553888306116,Inf
-18.07139252723662,8.560965602132189,14.939183865007237,46.51274751539064
-10.738780442059204,15.433201384644313,14.811517628814727,63.24196943036325
-14.198855742509728,13.714976880188281,8.361087170668728,55.723161703876386
5.278227486716148,12.398655293112022,6.503953674451239,29.367257878310852
3.0,6.0,0.0,17.022475902835634
-7.608537053032434,6.8225288670355795,2.1115407885778197,Inf
-12.759181879609729,4.53085982606887,0.563730671106633,56.10419366311517
-11.271737174561274,-3.854832966462496,4.787129660109912,20.501189401030476
-8.131913867504581,-7.109539701852707,3.7690987540115017,15.865675054304496
-8.131913867504581,-7.109539701852707,3.7690987540115017,15.865675054304496
-0.515547350728216,-8.63645281124521,2.0770944223521326,7.915619631864921
0.26455457703515606,-3.426423638198763,3.2984224972496463,9.972849251870432
7.0,-10.0,0.0,0.0
-0.515547350728216,-8.63645281124521,2.0770944223521326,7.915619631864921
7.0,-10.0,0.0,0.0
5.8277875010639875,-3.5481223013567416,2.1306888237483363,6.894972287439458
7.0,-10.0,0.0,0.0
-4.481659025575171,-11.957983367319702,5.856185163361765,14.322189219489687
-0.515547350728216,-8.63645281124521,2.0770944223521326,7.915619631864921
-3.398798270057526,-12.35638067566935,6.209474209015731,14.178810662127237
-0.515547350728216,-8.63645281124521,2.0770944223521326,7.915619631864921
-6.773859538582023,6.9554686467722675,2.8050136947726223,Inf
1.576337786970889,2.704678895587243,3.9201418762607254,14.66507458452103
-3.5182487724428597,9.519476783181489,1.8120076787787482,Inf
1.576337786970889,2.704678895587243,3.9201418762607254,14.66507458452103
-5.03420571388113,12.128888402541676,2.7673074546055254,Inf
-3.5182487724428597,9.519476783181489,1.8120076787787482,Inf
1.576337786970889,2.704678895587243,3.9201418762607254,14.66507458452103
5.8277875010639875,-3.5481223013567416,2.1306888237483363,6.894972287439458
-1.6250115724713439,-3.412949300396644,3.9885431367289392,11.984542142988591
0.26455457703515606,-3.426423638198763,3.2984224972496463,9.972849251870432
-2.4212849389047193,11.587372916201453,6.307547136696925,Inf
-3.5182487724428597,9.519476783181489,1.8120076787787482,Inf
1.9037470506559018,14.827364278632999,4.12464697476554,Inf
3.0,6.0,0.0,17.022475902835634
-4.576739754649841,12.189228072200748,17.69516777356082,70.77918021701561
-10.738780442059204,15.433201384644313,14.811517628814727,63.24196943036325
-11.407883418335434,13.61536706170157,11.460335318958812,Inf
-18.07139252723662,8.560965602132189,14.939183865007237,46.51274751539064
-10.257918401396715,-8.286938777211184,14.8876567356171,25.950298258636067
-6.947951887842754,-11.420444401661864,10.28945689026024,19.42370338947784
-6.297420028565011,-5.829390635985181,9.752213634483525,19.485219154267558
0.26455457703515606,-3.426423638198763,3.2984224972496463,9.972849251870432
-11.361205247708925,7.216266635632209,10.881908475497298,Inf
-6.773859538582023,6.9554686467722675,2.8050136947726223,Inf
-10.12909044733365,-1.8785551839095582,10.313180223267075,Inf
-4.778919233311125,-2.1185051906092767,7.6292176526042965,16.74802935418779
-6.947951887842754,-11.420444401661864,10.28945689026024,19.42370338947784
-4.481659025575171,-11.957983367319702,5.856185163361765,14.322189219489687
-6.815712315614864,-13.240359418281216,13.528830798250198,Inf
-6.191468381669747,-13.330739296280258,13.803061657980265,19.38125830430994
-9.549868533663544,-7.1274252646064,11.817798966428079,Inf
-4.481659025575171,-11.957983367319702,5.856185163361765,14.322189219489687
-11.38717560300166,9.95213095560132,14.32746390445054,Inf
-16.07847251584311,3.141495047111846,11.458860040954455,Inf
-6.060269651753698,-5.785439957440337,10.399583027230335,19.770544919326028
0.26455457703515606,-3.426423638198763,3.2984224972496463,9.972849251870432
-5.389173702568453,-13.0473718777304,14.617643384946312,20.55918751946544
-6.191468381669747,-13.330739296280258,13.803061657980265,19.38125830430994
-4.778919233311125,-2.1185051906092767,7.6292176526042965,16.74802935418779
0.26455457703515606,-3.426423638198763,3.2984224972496463,9.972849251870432
-10.246304974674283,11.227841515948533,19.96561712518794,Inf
-11.361205247708925,7.216266635632209,10.881908475497298,Inf
-6.128762454667589,14.323753396803468,9.025549605603338,Inf
-3.5182487724428597,9.519476783181489,1.8120076787787482,Inf
6.146280087186085,14.240333298575855,10.955091779286263,Inf
5.278227486716148,12.398655293112022,6.503953674451239,29.367257878310852
-0.5880719730243378,-1.707129567070389,9.264346342162256,16.23984146984712
0.26455457703515606,-3.426423638198763,3.2984224972496463,9.972849251870432
2.5049241148930435,-4.612174591854581,8.54505841340955,14.196873792721469
5.8277875010639875,-3.5481223013567416,2.1306888237483363,6.894972287439458
-2.1880706103959895,-1.0793829761092155,10.553823053256046,17.983143092150037
0.26455457703515606,-3.426423638198763,3.2984224972496463,9.972849251870432
-4.393164072758742,-3.9048518251216464,13.583303210746998,Inf
-1.6250115724713439,-3.412949300396644,3.9885431367289392,11.984542142988591
5.768497280371953,5.832296139651465,11.71075433983269,Inf
1.576337786970889,2.704678895587243,3.9201418762607254,14.66507458452103
-1.4073767149191951,-9.476485054281785,19.245892332936123,Inf
-1.4381967610371404,-11.809993740181284,9.550431114380569,16.087119205039627
-1.6513786843989848,-12.900983138116251,15.63835972053365,Inf
-1.4381967610371404,-11.809993740181284,9.550431114380569,16.087119205039627
2.3563689135005816,2.5911904609673826,15.207467988297417,Inf
5.945509185172639,-3.7704031226289487,10.545322097702432,14.932756835066476
-1.4381967610371404,-11.809993740181284,9.550431114380569,16.087119205039627
-0.515547350728216,-8.63645281124521,2.0770944223521326,7.915619631864921
1.0083721119202878,-8.559541884946649,19.203590961774538,Inf
9.640857817890716,-5.357326758856891,16.502900756006866,Inf
5.945509185172639,-3.7704031226289487,10.545322097702432,14.932756835066476
8.373145295201454,-11.329303908028265,4.700384922592875,5.074070880680672
5.167107742725214,7.025596990112952,17.21544555092531,Inf
7.754323043412732,-1.014615386581184,17.175248468826148,20.66191271696048
-0.9812265290784978,11.89711106202811,12.410642192023886,Inf
5.768497280371953,5.832296139651465,11.71075433983269,Inf
-0.09043572580084813,6.348399067926202,18.570596273232113,Inf
2.3563689135005816,2.5911904609673826,15.207467988297417,Inf
-5.550386366530704,18.144257128567098,2.5271425832833145,Inf
-14.198855742509728,13.714976880188281,8.361087170668728,55.723161703876386
-7.985734142169187,17.322051859975964,1.1894179761697465,Inf
-3.5182487724428597,9.519476783181489,1.8120076787787482,Inf
-12.44457374377025,16.902018000918943,1.8005004914424916,Inf
-5.03420571388113,12.128888402541676,2.7673074546055254,Inf
5.0902034214420055,16.3544313819703,17.550808846003235,Inf
8.993254435280605,18.943362266436274,12.499484057017781,Inf
-0.11465227425745184,19.864931434993053,9.531373582133451,Inf
5.278227486716148,12.398655293112022,6.503953674451239,29.367257878310852
3.7955809776386644,18.927568188333282,12.343263772802544,Inf
1.9037470506559018,14.827364278632999,4.12464697476554,Inf
-0.7000264929504425,15.596458504301019,8.460761053269366,Inf
1.9037470506559018,14.827364278632999,4.12464697476554,Inf
-10.876875398273196,19.89736658651693,17.463862663801592,Inf
-11.407883418335434,13.61536706170157,11.460335318958812,Inf
10.115532618378616,8.5552709511858,-1.9285977208705951,18.913595975833044
7.0,-10.0,0.0,0.0
7.350953778035638,-9.90103888546928,-19.718681381162362,19.722052562253907
7.0,-10.0,0.0,0.0
8.373145295201454,-11.329303908028265,4.700384922592875,5.074070880680672
7.0,-10.0,0.0,0.0
7.67710757945391,-8.869038297456404,9.796900614024011,9.885181368484762
7.0,-10.0,0.0,0.0
8.153041219880627,-11.138640678735259,5.681305688909191,5.907896493748552
7.0,-10.0,0.0,0.0
7.754323043412732,-1.014615386581184,17.175248468826148,20.66191271696048
7.67710757945391,-8.869038297456404,9.796900614024011,9.885181368484762
16.554761671767736,-9.798771909490904,-1.9270115553234923,9.749222373248134
7.0,-10.0,0.0,0.0
9.187581128874527,-16.20126137918089,-3.815782758677866,7.602720036260161
7.0,-10.0,0.0,0.0
15.907580728691649,-15.743107669562155,-18.45473654307275,Inf
11.1000349322123,-16.44795590997027,-10.148091434369162,14.222121134974286
11.39352646410078,-15.072530975487082,-15.303449268846725,19.565869391694235
11.1000349322123,-16.44795590997027,-10.148091434369162,14.222121134974286
12.092508785920508,-16.345075357545767,-17.873882559949426,Inf
11.1000349322123,-16.44795590997027,-10.148091434369162,14.222121134974286
11.1000349322123,-16.44795590997027,-10.148091434369162,14.222121134974286
10.215519087301583,-11.420020830390074,-3.8952436271699042,5.246803319598541
10.215519087301583,-11.420020830390074,-3.8952436271699042,5.246803319598541
7.0,-10.0,0.0,0.0
19.07174086627645,-13.690508605203622,-5.247453727503384,14.797526943588684
10.215519087301583,-11.420020830390074,-3.8952436271699042,5.246803319598541
9.502623714897425,-12.32046622548931,10.26102280946099,10.826422028712413
8.153041219880627,-11.138640678735259,5.681305688909191,5.907896493748552
13.605146364760266,-18.24588794331147,18.635678848687633,Inf
9.502623714897425,-12.32046622548931,10.26102280946099,10.826422028712413
10.297590615282353,-10.825122958913704,1.157471371106375,3.590915167231833
7.0,-10.0,0.0,0.0
16.100770182093,-13.456458236077014,-1.2552398741944586,9.815637961273094
7.0,-10.0,0.0,0.0
13.766282801720564,-17.687546547131497,-1.6363906028524333,11.772012142449672
10.297590615282353,-10.825122958913704,1.157471371106375,3.590915167231833
15.952330463233608,-13.30008965818263,-0.39984502785404175,9.549591013299157
7.0,-10.0,0.0,0.0
18.152339046054408,-15.398328929487501,11.932649523066836,18.629677664656132
17.036361978045854,-11.943105570651378,7.65089273115003,13.015640391811084
10.093554808005713,-14.885296102013692,18.42756862109688,19.40663311853194
9.502623714897425,-12.32046622548931,10.26102280946099,10.826422028712413
17.036361978045854,-11.943105570651378,7.65089273115003,13.015640391811084
10.297590615282353,-10.825122958913704,1.157471371106375,3.590915167231833
19.058829779779245,-13.336215120845258,15.11127362825026,Inf
17.036361978045854,-11.943105570651378,7.65089273115003,13.015640391811084
19.182520077876276,-12.40007076989695,13.59939110087226,19.35594358940166
17.036361978045854,-11.943105570651378,7.65089273115003,13.015640391811084
14.282880022848715,8.239679521547735,-10.391297945193605,28.352010960710608
13.790788184962544,1.0033902453869814,-6.457946024898025,15.798690171474256
12.429377302250835,3.895174610415957,-19.640461117471666,Inf
14.282880022848715,8.239679521547735,-10.391297945193605,28.352010960710608
10.284745518087561,-6.2404484760382495,-18.115478439103416,Inf
12.20432779707501,-7.009318849997488,-13.40530647285882,15.362246746862567
12.20432779707501,-7.009318849997488,-13.40530647285882,15.362246746862567
8.996873527690596,-6.496436553320475,-5.537322875712984,6.850139074529415
10.343127513201669,-9.644136113237654,-13.379273024683398,14.896511297142546
10.215519087301583,-11.420020830390074,-3.8952436271699042,5.246803319598541
14.520665445883608,-6.201438075115719,-11.319051812138774,14.851869559364609
8.996873527690596,-6.496436553320475,-5.537322875712984,6.850139074529415
19.54253031717623,-9.33582917114542,-12.710874547893862,Inf
17.430407396690377,-8.342287851755765,-9.795801189057842,15.062282581757941
11.890093013601152,4.473522724747497,-1.7756500187295714,15.448151313157567
10.18643829905928,-2.6850215010507306,-1.1793193417026089,8.065549800448558
9.515085076559924,8.431330881888126,11.72347985234337,Inf
5.278227486716148,12.398655293112022,6.503953674451239,29.367257878310852
10.921081625018012,-7.706692519332785,11.737459325372235,13.38885945072608
8.373145295201454,-11.329303908028265,4.700384922592875,5.074070880680672
8.996873527690596,-6.496436553320475,-5.537322875712984,6.850139074529415
7.0,-10.0,0.0,0.0
9.996302313033194,-0.7738393389480365,-9.29926189733842,13.771061121290433
8.996873527690596,-6.496436553320475,-5.537322875712984,6.850139074529415
10.18643829905928,-2.6850215010507306,-1.1793193417026089,8.065549800448558
7.0,-10.0,0.0,0.0
10.820939497790548,-1.83767295804099,12.573906597412751,18.07270479738935
7.67710757945391,-8.869038297456404,9.796900614024011,9.885181368484762
8.66789878673746,6.36484723629172,19.23946682316634,Inf
7.754323043412732,-1.014615386581184,17.175248468826148,20.66191271696048
8.424227324864006,-2.688425962757755,12.461715377056528,16.657137841106746
7.67710757945391,-8.869038297456404,9.796900614024011,9.885181368484762
9.640857817890716,-5.357326758856891,16.502900756006866,Inf
7.67710757945391,-8.869038297456404,9.796900614024011,9.885181368484762
9.749593906803309,7.146742177260641,15.03183117941353,Inf
10.820939497790548,-1.83767295804099,12.573906597412751,18.07270479738935
13.790788184962544,1.0033902453869814,-6.457946024898025,15.798690171474256
10.18643829905928,-2.6850215010507306,-1.1793193417026089,8.065549800448558
16.042918486558413,-7.164216857791796,-1.7862780495900132,9.644004876327015
7.0,-10.0,0.0,0.0
17.430407396690377,-8.342287851755765,-9.795801189057842,15.062282581757941
10.215519087301583,-11.420020830390074,-3.8952436271699042,5.246803319598541
19.37189087669819,-7.2956392581284035,-0.1317368643295609,13.36379459556468
16.042918486558413,-7.164216857791796,-1.7862780495900132,9.644004876327015
15.607570481190294,-4.0111158056360185,5.215570869344877,13.135272201567396
10.297590615282353,-10.825122958913704,1.157471371106375,3.590915167231833
18.24528796893742,-7.426887800377058,12.361870441495512,19.65273583992441
17.036361978045854,-11.943105570651378,7.65089273115003,13.015640391811084
17.720929933745765,-6.702831298305689,19.84567196462821,Inf
18.24528796893742,-7.426887800377058,12.361870441495512,19.65273583992441
17.57671902427016,-3.624686058864448,8.3060964693205,16.820136163507946
15.607570481190294,-4.0111158056360185,5.215570869344877,13.135272201567396
19.21595475243886,6.194554943053518,19.605530304259744,Inf
16.754462383152777,16.96822077237971,19.097468162314883,Inf
14.315511381532417,2.0105026109401365,3.9488219470409547,16.152268806572632
10.18643829905928,-2.6850215010507306,-1.1793193417026089,8.065549800448558
19.47355487402192,4.318170748102396,-7.9187809148456445,Inf
13.790788184962544,1.0033902453869814,-6.457946024898025,15.798690171474256
19.79638239183665,13.371075269344061,6.5060818508587985,32.6268976586811
10.115532618378616,8.5552709511858,-1.9285977208705951,18.913595975833044
9.807240031409002,16.988515322552715,-10.190934439627881,Inf
14.282880022848715,8.239679521547735,-10.391297945193605,28.352010960710608
7.145195424305708,17.606125693906378,0.3254278694565045,Inf
10.115532618378616,8.5552709511858,-1.9285977208705951,18.913595975833044
11.311900485265667,11.86435603443348,-4.353314863090079,Inf
10.115532618378616,8.5552709511858,-1.9285977208705951,18.913595975833044
13.417884050603504,14.731938441331238,-9.41209028367549,Inf
11.311900485265667,11.86435603443348,-4.353314863090079,Inf
16.754462383152777,16.96822077237971,19.097468162314883,Inf
19.79638239183665,13.371075269344061,6.5060818508587985,32.6268976586811
8.993254435280605,18.943362266436274,12.499484057017781,Inf
5.278227486716148,12.398655293112022,6.503953674451239,29.367257878310852
12.544853692332303,15.134733780140088,15.47736948008965,Inf
6.146280087186085,14.240333298575855,10.955091779286263,Inf
8.19731752747332,16.272434526644517,14.62029470682345,Inf
9.749593906803309,7.146742177260641,15.03183117941353,Inf
16.674296740789828,10.856373035489675,7.144652200641907,Inf
14.315511381532417,2.0105026109401365,3.9488219470409547,16.152268806572632
16.23746336036664,19.914724460467212,15.163381248468333,Inf
8.993254435280605,18.943362266436274,12.499484057017781,Inf
17.43255816064501,10.297972375634892,7.3100772535764875,Inf
14.315511381532417,2.0105026109401365,3.9488219470409547,16.152268806572632
19.49082477799351,16.15275199136275,18.415691921007053,Inf
16.754462383152777,16.96822077237971,19.097468162314883,Inf
