-13.538158673146281,-15.6984653623873,10.554154493398737,27.564178618564778
10.0,-5.0,1.0,0.0
9.460034888562188,-16.29657236304558,-1.4641865162410639,11.91886940489539
9.050459020735843,-6.743394937797227,-0.07182866903110607,2.2560741734694636
-11.845364021206146,-19.63113224965734,-16.658223924309425,46.99347051684759
-3.907535540352633,-14.844853362120922,-14.324481089028218,23.882498361749604
-17.00311769336355,-17.01981062078478,-16.638013179992406,Inf
-12.357388321424665,-16.263972952889503,-11.978308466242629,31.884289315122977
-17.931752091329145,-17.43346284203306,-11.933595605933744,Inf
-14.781904370042742,-15.662723388850921,-8.281234928882375,31.83447255035779
-15.536443583829413,-17.298417713447904,-11.458409193832884,Inf
-12.357388321424665,-16.263972952889503,-11.978308466242629,31.884289315122977
-18.420446046957757,-18.80778459190738,-7.580035591858616,Inf
-13.780134298299451,-14.898680718696262,-2.891794400820828,28.450621711769728
-19.1205222205446,-18.56422829713462,-4.602573059356194,Inf
-10.273074774724762,-16.01049687201897,-0.8152818991442601,24.78695304595093
-12.884092599213748,-19.4019802063033,-11.931881295357467,Inf
-5.660073407359132,-15.741245670721069,-8.217250806443994,23.702837071447686
-12.357388321424665,-16.263972952889503,-11.978308466242629,31.884289315122977
-5.660073407359132,-15.741245670721069,-8.217250806443994,23.702837071447686
-13.95342106380288,-16.822134707219185,-13.10510432375203,Inf
-5.660073407359132,-15.741245670721069,-8.217250806443994,23.702837071447686
-8.357382201748527,-19.44641193469474,-15.052753590015229,33.845530357726574
-3.907535540352633,-14.844853362120922,-14.324481089028218,23.882498361749604
6.3826910470149585,-19.776909205867792,-8.782970631959426,19.116775682675744
9.813366598756676,-11.224843693638684,-6.255957275237494,9.562030486082172
6.4914861504907435,-19.87284486725711,-8.540113875781241,19.10352855437757
9.813366598756676,-11.224843693638684,-6.255957275237494,9.562030486082172
-8.105247927271133,-16.66552738457782,-3.073255747457253,23.72379362474338
-1.7435929335784834,-12.63720492623591,2.550255838987816,14.32581944676021
-8.823840107725669,-15.894250993363928,-3.55052554475116,24.223181854118515
-1.7435929335784834,-12.63720492623591,2.550255838987816,14.32581944676021
-9.924639334881347,-18.173988979377604,-12.676139382236986,30.687586025659805
-5.660073407359132,-15.741245670721069,-8.217250806443994,23.702837071447686
0.16132219687066396,-15.956817373643029,-12.18810681086456,22.017727231951497
0.5295578575509481,-10.873993664661015,-9.719685516930054,16.355236786684888
-4.382164579355559,-18.821901595058534,-14.95745859445952,27.156411495386674
-1.2374478599346546,-12.645812587587724,-10.859681072847547,19.105007935122444
-8.593530119489285,-18.86702783223462,-18.17831402341726,Inf
-3.907535540352633,-14.844853362120922,-14.324481089028218,23.882498361749604
8.261811479336316,-18.44805449864575,-16.53236941913199,22.88944831934306
8.173605983566805,-12.75104641821021,-12.769402229316142,16.743840997475786
-2.7654389512991457,-18.20209779275085,-16.560897146646116,27.211235589003323
-1.2374478599346546,-12.645812587587724,-10.859681072847547,19.105007935122444
0.32111994725799065,-15.976345546050394,-18.116943411691643,25.443355579071003
7.1952796714805345,-11.982782731970234,-13.148573741120364,16.06853221819749
9.814781666743386,-19.003205871506886,-4.500210476523971,16.001656652985524
9.460034888562188,-16.29657236304558,-1.4641865162410639,11.91886940489539
7.777100851706457,-19.433619012463428,-13.041770229534047,20.63056043241469
9.356045864029447,-12.030782736740209,-8.102762570523003,11.876144463510858
-5.656323173848659,-19.43364882029636,-6.969285360661646,25.091864375857618
-1.9293193139085858,-14.656347181997269,-3.8583488687989558,18.280763541799566
6.477372198661008,-16.43927236213414,-4.564579978422136,14.877948617438332
9.156677021070372,-10.304635185201656,-5.141476583640081,8.158926566789873
-4.83717099113707,-16.053160636159845,-7.5160181464206754,23.137281516680158
0.7706187350974076,-11.436820302193809,-3.960318342714551,15.050198928580889
4.068314773543804,-18.033952993468496,-9.763972637107523,19.13677652503938
9.813366598756676,-11.224843693638684,-6.255957275237494,9.562030486082172
8.891821629591234,-18.411901239373016,-10.458360078965612,17.857749245567945
9.156677021070372,-10.304635185201656,-5.141476583640081,8.158926566789873
0.4537723761255137,-17.146159426437748,-6.9679812277319275,20.052104857898517
4.7621283210857435,-14.063924137382084,0.21131857376396113,10.744896253866631
-6.456648340581701,-19.178670600299323,-4.284285729867161,24.610272429562098
-1.3777209705710618,-17.659065334286623,0.42275152185029086,17.52077998768782
9.905023164401243,-17.192174236402124,-10.344292980243033,16.796111185759656
9.813366598756676,-11.224843693638684,-6.255957275237494,9.562030486082172
2.8804411232371834,-15.84287584257611,-4.521555093683256,16.13984843456065
4.7621283210857435,-14.063924137382084,0.21131857376396113,10.744896253866631
-5.660073407359132,-15.741245670721069,-8.217250806443994,23.702837071447686
0.7706187350974076,-11.436820302193809,-3.960318342714551,15.050198928580889
-3.7919201371214655,-16.40107165710866,7.8618457012832295,19.66658550682113
0.9995018254749084,-11.62193314522419,3.0441321481790524,11.359464873340968
-6.193055233668403,-16.96319604563163,10.05589292039118,22.96738492207149
-3.5929759900634295,-15.511186955478653,6.806334919855594,18.456740222515556
-11.251892214796673,-17.48442673386326,6.691583580019689,26.366597416578898
-5.57485634527402,-14.981950745137409,5.918372699806973,19.28241649364272
-7.510467185576113,-19.202515840926715,5.187739923321708,23.394049428766284
-2.6374461176944948,-16.7536142258753,4.963852653469907,17.935699956826873
-15.183949279688296,-17.578839092326966,-1.456581914060429,Inf
-10.273074774724762,-16.01049687201897,-0.8152818991442601,24.78695304595093
-19.493541789533655,-19.9731627570901,12.463768893826384,Inf
-13.538158673146281,-15.6984653623873,10.554154493398737,27.564178618564778
-14.898157130850525,-18.718986455536914,13.855066440901496,Inf
-13.538158673146281,-15.6984653623873,10.554154493398737,27.564178618564778
-18.08538368709864,-19.549280048165283,15.163473363529675,Inf
-13.538158673146281,-15.6984653623873,10.554154493398737,27.564178618564778
-13.036832559570826,-19.49472133579425,18.384188349323615,Inf
-12.082665363191225,-14.972354025972052,15.991217752205166,28.755575353365977
-13.234906176908634,-16.49712371430084,-0.4453868452321146,27.10271895637942
-6.216609135228817,-13.803892867913499,2.8341626632616084,18.901168448344652
-10.273074774724762,-16.01049687201897,-0.8152818991442601,24.78695304595093
-1.7435929335784834,-12.63720492623591,2.550255838987816,14.32581944676021
-18.34546616308242,-15.874045215538644,12.740577890288336,Inf
-13.538158673146281,-15.6984653623873,10.554154493398737,27.564178618564778
-15.709661951979674,-16.113420670432372,15.033923911706488,Inf
-7.16307026581787,-12.077410792499963,13.065735170426777,22.349512729225502
-10.924914898905849,-16.939095946387468,4.274832350209053,24.738391302959357
-6.216609135228817,-13.803892867913499,2.8341626632616084,18.901168448344652
-16.69443229002298,-16.93104969999623,13.989921583837052,Inf
-13.538158673146281,-15.6984653623873,10.554154493398737,27.564178618564778
9.879853527082439,-19.920804695609604,9.572094358417502,17.663165914396338
8.481732807754618,-11.583444182340381,6.343174738000734,8.61373257362041
9.812205187117755,-18.888753889388283,5.367882942602549,17.479353382123456
8.481732807754618,-11.583444182340381,6.343174738000734,8.61373257362041
5.301086434034552,-16.55106069266683,2.905729849654996,14.563216421866763
7.0856730631301375,-14.862759495734652,3.8906633242188065,11.501927702509636
-2.6374461176944948,-16.7536142258753,4.963852653469907,17.935699956826873
0.9995018254749084,-11.62193314522419,3.0441321481790524,11.359464873340968
0.2957244301916191,-19.571269933571102,-1.4103397442793124,18.26414738468265
4.7621283210857435,-14.063924137382084,0.21131857376396113,10.744896253866631
0.27255191000463697,-17.57630333883016,5.133168530448991,17.61356555170962
3.997523550130488,-13.167184570894888,0.9663422530683441,10.494704459135132
-1.3777209705710618,-17.659065334286623,0.42275152185029086,17.52077998768782
3.997523550130488,-13.167184570894888,0.9663422530683441,10.494704459135132
-0.5967059570974058,-19.782571131969114,1.2083410639962189,18.552548311060747
3.997523550130488,-13.167184570894888,0.9663422530683441,10.494704459135132
0.5937897059226032,-17.37658282095272,1.2956630019876698,15.918069638197382
3.997523550130488,-13.167184570894888,0.9663422530683441,10.494704459135132
1.223087901014786,-18.886762815550078,2.2876317486557873,16.987536999634443
3.997523550130488,-13.167184570894888,0.9663422530683441,10.494704459135132
1.4272345459794806,-17.54858746675433,0.04410592467027641,15.571111653155302
4.7621283210857435,-14.063924137382084,0.21131857376396113,10.744896253866631
-1.5216472495693694,-16.642303587660578,4.689890498499956,17.21342358395181
0.9995018254749084,-11.62193314522419,3.0441321481790524,11.359464873340968
5.4810889767237825,-17.93919862451043,-0.3000775567691534,15.649983659880327
4.7621283210857435,-14.063924137382084,0.21131857376396113,10.744896253866631
7.164549863309606,-15.878155239376879,6.559100557441706,13.296916012473648
8.481732807754618,-11.583444182340381,6.343174738000734,8.61373257362041
6.468797431287136,-15.988741328730924,17.192173932596802,20.352937013820068
8.190051401753475,-12.059895260043056,13.38298139749557,14.616344433571648
2.8590567224648034,-19.07976985271568,7.6155054644181135,18.76533430716271
8.481732807754618,-11.583444182340381,6.343174738000734,8.61373257362041
-1.8271678464345698,-17.98512137809609,12.733240589798967,22.246728695620583
0.5430932025418684,-11.608621215281945,9.820479396642831,14.846588863494432
-3.6588526397149757,-19.567114599129567,15.84593986835776,25.798537221848978
-1.4461136388842917,-15.462489910060748,13.699482021011931,20.970598369514597
-3.0458468290212366,-17.27502927488289,15.834992005709125,23.775377062421708
0.5430932025418684,-11.608621215281945,9.820479396642831,14.846588863494432
1.105834350844674,-17.719072747070825,17.003606083792818,22.98996251812912
4.158991944608125,-13.104070753627965,12.2792458548506,15.078641215920488
6.035183671232531,-19.28326268836523,13.678761083217395,20.647025211812476
10.07604066560517,-12.773759718067819,8.980414017359664,11.659443817436397
-0.7521433835773834,-17.797563156804515,19.93557690522899,26.286195033700803
4.795486220804079,-15.294479411484705,12.738942420803653,16.628880633346256
-0.929198836611171,-16.486110612863776,16.79927063673596,23.48725283363453
4.158991944608125,-13.104070753627965,12.2792458548506,15.078641215920488
3.9046969022891176,-15.811865806483523,13.75531018593744,18.29714927486804
4.795486220804079,-15.294479411484705,12.738942420803653,16.628880633346256
9.316473235488587,-19.23948725135108,18.560977238587036,23.53974110969952
8.190051401753475,-12.059895260043056,13.38298139749557,14.616344433571648
-14.717935613134108,-1.3046515848669387,10.116265750278039,29.082578337301012
-6.3816456655981835,-3.2813231455577174,7.720489309395873,18.977194729066326
-12.722049355305654,10.558477869581733,-12.724820924357143,37.42640022604871
-5.960047105276267,3.7688327411656886,-12.964569646911368,26.3201958516224
-14.078801744929219,-15.582427567278136,-16.989332026718085,46.00682503791911
-7.509771552543736,-11.261619440526207,-12.712173400220168,24.942206848223858
-14.781904370042742,-15.662723388850921,-8.281234928882375,31.83447255035779
-8.823840107725669,-15.894250993363928,-3.55052554475116,24.223181854118515
-15.659663957511212,-15.667760924027094,-10.593749369426444,Inf
-8.823840107725669,-15.894250993363928,-3.55052554475116,24.223181854118515
-16.82328120276037,-8.428207260413982,-2.0269123212312756,30.75955508881243
-9.93550108864917,-10.336572225382694,-0.9719726940493771,23.534856523691225
-13.41069198120846,-6.479597257741929,-13.676309163616907,43.56041711216374
-6.714534039198696,-5.910621778909668,-13.009641581092923,24.77945542063918
-17.82922888151541,-7.433341501722444,-9.976090782973053,41.77881004578451
-12.676177702935636,-10.770768380530713,-5.660852367350726,28.983289986250956
-13.780134298299451,-14.898680718696262,-2.891794400820828,28.450621711769728
-6.216609135228817,-13.803892867913499,2.8341626632616084,18.901168448344652
-18.166395717360963,-13.734963038332761,-16.22231865185495,46.114897551975986
-12.357388321424665,-16.263972952889503,-11.978308466242629,31.884289315122977
-19.622982140909315,-11.758872185045108,-11.416678425931037,Inf
-12.676177702935636,-10.770768380530713,-5.660852367350726,28.983289986250956
-19.89976501755858,-13.552984358797397,-3.9753206951715647,Inf
-15.146153180351192,-11.986825100936809,-2.8068490066518876,29.300357443523176
-19.943644345645957,-9.253948898998434,-18.12948133723573,Inf
-17.82922888151541,-7.433341501722444,-9.976090782973053,41.77881004578451
-18.437540224504794,-11.599461740071293,-6.581832144335484,Inf
-15.146153180351192,-11.986825100936809,-2.8068490066518876,29.300357443523176
-16.884152775239354,-13.418979234465143,-6.393558478226726,33.98719650764678
-9.93550108864917,-10.336572225382694,-0.9719726940493771,23.534856523691225
-14.549915307623342,-9.227099209600933,-3.1649017446808685,28.762923736163003
-5.67852971507449,-7.319441869694208,0.4285564189615627,18.570615065730735
-15.146153180351192,-11.986825100936809,-2.8068490066518876,29.300357443523176
-9.93550108864917,-10.336572225382694,-0.9719726940493771,23.534856523691225
-16.27871239409412,-13.303747672259938,-2.4172426737241715,Inf
-9.93550108864917,-10.336572225382694,-0.9719726940493771,23.534856523691225
-19.080092590305703,4.682480820227148,-13.0956782607202,46.09182521655483
-10.380947062355252,2.3903193529353395,-8.76487440570151,29.377158518238037
-16.810725960959783,-3.6026304751949567,-16.418302835813307,46.85951637262809
-8.515801100499303,-2.4889571786076843,-13.859925620923441,26.616943881365195
-18.73911206821754,4.023679967595797,-17.11014516498988,Inf
-10.079886133009595,8.41113257030381,-16.753691907527156,33.59216042964013
-16.0545989585121,-2.9289325394566674,-14.44073784427288,Inf
-8.515801100499303,-2.4889571786076843,-13.859925620923441,26.616943881365195
-15.045718460384698,-6.663667330294976,-18.9257058394113,Inf
-8.515801100499303,-2.4889571786076843,-13.859925620923441,26.616943881365195
-15.107222096421307,-4.140635904317387,-13.98993417459602,Inf
-6.714534039198696,-5.910621778909668,-13.009641581092923,24.77945542063918
-14.917938518210958,-4.395030542738043,-17.120090034594682,Inf
-8.515801100499303,-2.4889571786076843,-13.859925620923441,26.616943881365195
-16.2715548940318,15.24250094132632,-16.093174347110207,Inf
-12.722049355305654,10.558477869581733,-12.724820924357143,37.42640022604871
-13.895133288497101,17.61836241192357,-19.720476138600187,Inf
-10.469475138256357,15.058850214675218,-18.05859749818456,Inf
-13.515598057611324,19.719317198598567,-13.387304027278537,Inf
-8.086161939692005,19.97251347974433,-12.213532007026187,39.94431339658327
-15.084364950058555,12.319148062239684,-13.952208956075518,Inf
-12.149730233945721,11.402975975018144,-11.17660920900482,Inf
-15.970948802156517,-4.465164896698424,-12.064267076261102,42.342125676641594
-6.714534039198696,-5.910621778909668,-13.009641581092923,24.77945542063918
-19.859228643895133,-7.017032602228932,-12.723275055508179,Inf
-17.82922888151541,-7.433341501722444,-9.976090782973053,41.77881004578451
-18.83224061558306,18.41839117971218,-7.038051730259527,Inf
-12.259345139266777,18.55792606825925,-6.29601008993669,36.77810619338955
-16.85481030063532,0.4507400008521145,-8.143300941973504,Inf
-9.519603988023162,1.4398705235743492,-5.4557406844924206,25.281042595999487
-18.777731242698792,8.33150699101127,-9.657943602382923,Inf
-10.0,8.0,-5.0,27.512091056909487
-18.024464144901895,-4.783830634921573,-9.711414081975764,Inf
-11.526696479135952,-0.8116474317638911,-7.793986755323603,30.356895495590216
-17.853034840668734,17.214016325559655,-5.731719543396059,Inf
-12.899509965651736,17.961409358088638,-6.748521842724733,Inf
-17.130643332736703,7.03297013363467,-5.366008616856073,Inf
-7.883915916190505,6.5005464547302765,-3.1912531189989757,24.350171060498326
-14.398141349204323,7.474621846640403,-12.051352548055325,Inf
-8.736559765744873,2.001692367888033,-6.394513684279559,24.950944341977003
-15.646353903050274,5.595334379919244,-2.3438257535477476,Inf
-10.282312157600657,4.233836056342916,-3.7778259825498566,26.359776370542264
-12.899509965651736,17.961409358088638,-6.748521842724733,Inf
-4.787388612883108,13.277948176913974,-4.605520120024362,27.474017994987914
-13.028276947517767,-2.3440997691635275,-8.409553677469779,Inf
-11.526696479135952,-0.8116474317638911,-7.793986755323603,30.356895495590216
-16.694946297080087,-13.044582442396662,1.2528470205648574,30.401880872475
-12.1546901819457,-13.021848875036213,2.6682345501271527,24.38049037886165
-17.93689187708307,4.472050885078957,-0.8928284749477271,40.844570625208895
-10.695972695874776,2.6977922877751404,-1.8173768996620225,26.533181412870334
-17.956915185234053,-14.363539397670975,-1.837731494474717,33.11397705051147
-12.1546901819457,-13.021848875036213,2.6682345501271527,24.38049037886165
-17.683343005509435,-3.101476531740637,5.675360879962497,31.384672643494874
-12.729743602595516,-4.190240458552523,5.682032804697059,25.212838183755057
-19.848604365909893,-2.0450749886556174,0.14766726128193142,Inf
-12.729743602595516,-4.190240458552523,5.682032804697059,25.212838183755057
-17.97760517604301,-12.09071604977808,3.4893919068008046,Inf
-12.1546901819457,-13.021848875036213,2.6682345501271527,24.38049037886165
-17.264026429004005,-15.279533789693094,4.427646575432149,Inf
-12.1546901819457,-13.021848875036213,2.6682345501271527,24.38049037886165
-17.040982050395392,-13.291150394644298,0.09948397985616708,Inf
-12.1546901819457,-13.021848875036213,2.6682345501271527,24.38049037886165
-16.88168464123981,-15.27181784082992,6.7332572638023365,Inf
-12.1546901819457,-13.021848875036213,2.6682345501271527,24.38049037886165
-18.251912272421453,17.437323182052708,3.539632456432358,Inf
-14.088332356666697,10.428888522562161,3.0314565946619254,Inf
-19.72642488143407,15.425037340066595,-1.1954755581659597,Inf
-12.259345139266777,18.55792606825925,-6.29601008993669,36.77810619338955
-19.097981723223107,5.636861579587801,-1.4592792231564644,Inf
-10.695972695874776,2.6977922877751404,-1.8173768996620225,26.533181412870334
-18.569162984416494,15.804193326593172,1.8049123141014505,Inf
-14.088332356666697,10.428888522562161,3.0314565946619254,Inf
-18.77156524892068,17.46372097386856,2.1240590018551764,Inf
-13.23998014089562,13.053662292921338,5.214224578499007,Inf
-17.946085573988757,13.485143162992294,9.008078438318556,Inf
-15.43567455260698,11.67223327909868,9.53697653408538,Inf
-17.941112771512753,17.90658032739315,10.02458857164062,Inf
-13.23998014089562,13.053662292921338,5.214224578499007,Inf
-12.822113544863765,6.747345879794963,-1.5879915164690672,40.845422944874215
-7.883915916190505,6.5005464547302765,-3.1912531189989757,24.350171060498326
-14.1540533035199,1.577665821126697,7.243888155017881,29.84794840701644
-6.3816456655981835,-3.2813231455577174,7.720489309395873,18.977194729066326
-15.810818014662269,-8.60483854917283,2.3094901973887083,29.91816750863501
-7.897795225063353,-5.854694310120365,7.148796460710631,20.24355598596744
-16.135689260866314,-8.085349963550383,-0.006876801034891855,30.20132073838436
-9.93550108864917,-10.336572225382694,-0.9719726940493771,23.534856523691225
-15.44153562261453,-6.881175485126159,4.23954256876798,28.39373641317703
-7.897795225063353,-5.854694310120365,7.148796460710631,20.24355598596744
-13.508253508767325,-2.544861622305703,-1.9337337896459594,Inf
-5.67852971507449,-7.319441869694208,0.4285564189615627,18.570615065730735
-14.038045113997306,4.746663024661988,3.661684946667883,Inf
-7.852120837435352,2.5129403007212225,4.8071174073592005,21.76053474562483
-12.729743602595516,-4.190240458552523,5.682032804697059,25.212838183755057
-4.78892412209035,-7.201117510655886,6.138197577556017,16.70812884452127
-16.41138789053665,-14.791737413398263,9.430902287128067,30.779656379028292
-13.538158673146281,-15.6984653623873,10.554154493398737,27.564178618564778
-14.088332356666697,10.428888522562161,3.0314565946619254,Inf
-9.853151765436436,10.218597026462728,3.2378956550800453,26.73098473456622
-13.623327284465088,18.874240373227636,5.835999112143419,Inf
-9.853151765436436,10.218597026462728,3.2378956550800453,26.73098473456622
-15.43567455260698,11.67223327909868,9.53697653408538,Inf
-6.356024900573027,10.436229604963614,8.856774162315997,24.750461284310003
-15.725591830729027,19.65277205683079,4.458858481107484,Inf
-10.907728255356997,12.398166416893076,5.140026426643509,Inf
-13.23998014089562,13.053662292921338,5.214224578499007,Inf
-9.853151765436436,10.218597026462728,3.2378956550800453,26.73098473456622
-12.234289338701636,18.917932385186376,-19.012512551691174,44.07822101194689
-9.082477467359906,10.429981423468746,-15.151013863575207,34.234928792411026
-3.7454804719029866,-2.0738307922617594,-15.48304235484328,23.43141013827524
0.1623511707136771,-4.039064170344497,-11.562896703451484,17.50708656218106
5.140866058696627,2.8289775180694043,-15.752585261198444,22.879350109404076
5.6633123086386234,-4.126005843343439,-10.025231827788152,13.258966203060126
-10.079886133009595,8.41113257030381,-16.753691907527156,33.59216042964013
-5.960047105276267,3.7688327411656886,-12.964569646911368,26.3201958516224
4.2274210748177055,-1.9536941684611904,-17.963771120917364,21.61367312531359
5.6633123086386234,-4.126005843343439,-10.025231827788152,13.258966203060126
-7.349122093759233,-11.236427512729898,-18.043122804952745,30.75837299199894
-4.388556464374087,-11.861031508672895,-14.862505258977468,23.53929462945233
-12.194340943303512,4.060963099536945,-18.944576703894313,Inf
-7.020816237904279,2.6669517548597987,-14.139977197834854,26.795904920228317
-10.778301809266395,-8.251668494355364,-19.016034676355194,Inf
-3.4269263480911576,-10.362457033111978,-14.982792857588816,22.959457851595428
-11.422479297214903,-3.349216233428951,-18.781365065197413,31.833155656111106
-3.7454804719029866,-2.0738307922617594,-15.48304235484328,23.43141013827524
-0.7545082757195409,-10.128800091253973,-17.666136817300604,25.39831014614368
0.5295578575509481,-10.873993664661015,-9.719685516930054,16.355236786684888
-4.181347209034154,7.162573587912249,-17.935569005643856,30.501931586127743
-0.6759330602317988,3.471745610977635,-13.765988745375095,22.643594745504824
-9.159911665920575,-1.019824042489887,-17.681997817499457,28.960477947099417
-2.79666317689232,-2.770655785268339,-13.568086307182368,21.18354982351743
-10.797701052467898,0.4739491610329978,-16.94007694197193,Inf
-2.79666317689232,-2.770655785268339,-13.568086307182368,21.18354982351743
-8.52235211374163,-6.466455423741477,-16.123454139474198,Inf
-6.714534039198696,-5.910621778909668,-13.009641581092923,24.77945542063918
-1.2202950514619992,16.647037545573653,-19.825511625145175,41.86077752129847
-1.908364092857635,14.53331053562789,-14.001218067570935,32.30424996137709
-10.469475138256357,15.058850214675218,-18.05859749818456,Inf
-4.620406771322267,8.608388251705577,-13.303305568324904,29.073310584504824
-11.413961979665812,9.805121420172593,-16.684587060481732,Inf
-5.960047105276267,3.7688327411656886,-12.964569646911368,26.3201958516224
0.4038956736884458,12.485192485758283,-17.036013008559927,Inf
-0.6759330602317988,3.471745610977635,-13.765988745375095,22.643594745504824
-8.170429913386723,8.504639781107883,-18.353512091612927,Inf
-5.960047105276267,3.7688327411656886,-12.964569646911368,26.3201958516224
-9.11328382599316,11.912034588974578,-17.260139935694863,Inf
-4.620406771322267,8.608388251705577,-13.303305568324904,29.073310584504824
-10.063910463024355,14.819387300399463,-16.847543911587035,Inf
-4.620406771322267,8.608388251705577,-13.303305568324904,29.073310584504824
2.521757131291345,16.18359268979453,-17.10902983198605,Inf
-1.0833880884690998,15.560221292379381,-8.357525836860935,26.50887308794382
-0.403126323015222,18.619637862276463,-17.606686129758373,Inf
3.297883837042292,17.83053912943801,-10.07797321863901,Inf
-0.5048376485465056,15.293434178310363,-16.088186388293995,Inf
0.0977135239300182,12.436209512265364,-14.767083025504952,Inf
6.975145594245529,-5.139324346635483,-19.410528313903377,21.223047136654547
7.212146790435163,-6.3495628963368755,-16.76714699183013,18.3061460879276
7.212146790435163,-6.3495628963368755,-16.76714699183013,18.3061460879276
9.14669718082169,-4.458126373884106,-9.55378913229099,10.60208553902302
9.276474957163401,-12.100284495136524,-18.647354712608852,22.759664835429447
7.1952796714805345,-11.982782731970234,-13.148573741120364,16.06853221819749
8.923528700384338,-11.724332672907405,-19.95081549556371,23.741722895293695
7.1952796714805345,-11.982782731970234,-13.148573741120364,16.06853221819749
5.8059397639840356,-15.591291012866249,-16.223245000396467,21.00869423421235
7.1952796714805345,-11.982782731970234,-13.148573741120364,16.06853221819749
6.833608123009736,6.25393136945047,-15.939020978288463,23.32788737161602
9.336015175918462,1.7038339145901915,-13.040624401544223,17.38094440709584
5.223512229015235,11.807834133406267,-19.975478939887648,Inf
6.833608123009736,6.25393136945047,-15.939020978288463,23.32788737161602
0.9995018254749084,-11.62193314522419,3.0441321481790524,11.359464873340968
10.0,-5.0,1.0,0.0
-9.853151765436436,10.218597026462728,3.2378956550800453,26.73098473456622
-1.1957949345350727,6.179067217258591,2.9176135276667914,17.17220819056522
-10.314891142074876,-3.1510606677387543,7.716048436057772,23.738696763864006
-6.3816456655981835,-3.2813231455577174,7.720489309395873,18.977194729066326
-2.838849189255317,-10.09336415362207,4.441863026031896,14.455437525844356
5.849818845627777,-7.494105838476672,3.138316507879189,5.293105424559238
-12.44817161298899,-0.12839412177917353,1.5556347069472665,29.099198679888275
-7.852120837435352,2.5129403007212225,4.8071174073592005,21.76053474562483
-11.526696479135952,-0.8116474317638911,-7.793986755323603,30.356895495590216
-3.583259506808794,1.3674223921231459,-3.636860093956251,19.07187508867419
-4.388556464374087,-11.861031508672895,-14.862505258977468,23.53929462945233
0.5295578575509481,-10.873993664661015,-9.719685516930054,16.355236786684888
-7.509771552543736,-11.261619440526207,-12.712173400220168,24.942206848223858
0.5295578575509481,-10.873993664661015,-9.719685516930054,16.355236786684888
-8.515801100499303,-2.4889571786076843,-13.859925620923441,26.616943881365195
0.1623511707136771,-4.039064170344497,-11.562896703451484,17.50708656218106
-11.476916768257777,-1.691781440510951,-14.379220133665997,Inf
-8.515801100499303,-2.4889571786076843,-13.859925620923441,26.616943881365195
-8.031271613622035,-2.1914755407935615,-8.119340682516425,26.58492309658447
-3.583259506808794,1.3674223921231459,-3.636860093956251,19.07187508867419
-6.714534039198696,-5.910621778909668,-13.009641581092923,24.77945542063918
0.1623511707136771,-4.039064170344497,-11.562896703451484,17.50708656218106
-7.581302317048992,-9.720872306112094,-9.472472793451532,23.752271466961588
-1.2917031107751065,-9.007917016975773,-2.0516440824652094,13.998499777114247
-3.907535540352633,-14.844853362120922,-14.324481089028218,23.882498361749604
0.5295578575509481,-10.873993664661015,-9.719685516930054,16.355236786684888
-3.4269263480911576,-10.362457033111978,-14.982792857588816,22.959457851595428
0.5295578575509481,-10.873993664661015,-9.719685516930054,16.355236786684888
-12.1546901819457,-13.021848875036213,2.6682345501271527,24.38049037886165
-2.838849189255317,-10.09336415362207,4.441863026031896,14.455437525844356
-12.676177702935636,-10.770768380530713,-5.660852367350726,28.983289986250956
-5.67852971507449,-7.319441869694208,0.4285564189615627,18.570615065730735
-4.78892412209035,-7.201117510655886,6.138197577556017,16.70812884452127
4.850514842166611,-6.77131247365665,5.453589083002306,7.034856145673154
-9.93550108864917,-10.336572225382694,-0.9719726940493771,23.534856523691225
-1.2917031107751065,-9.007917016975773,-2.0516440824652094,13.998499777114247
-3.5929759900634295,-15.511186955478653,6.806334919855594,18.456740222515556
0.9995018254749084,-11.62193314522419,3.0441321481790524,11.359464873340968
-6.216609135228817,-13.803892867913499,2.8341626632616084,18.901168448344652
0.9995018254749084,-11.62193314522419,3.0441321481790524,11.359464873340968
-5.57485634527402,-14.981950745137409,5.918372699806973,19.28241649364272
0.9995018254749084,-11.62193314522419,3.0441321481790524,11.359464873340968
-5.67852971507449,-7.319441869694208,0.4285564189615627,18.570615065730735
-0.7229327440148765,-6.979612570005909,-2.1944563351376267,12.95335406051931
-5.724627416369641,-12.048802936908816,6.99877583119995,18.778545193310133
-2.838849189255317,-10.09336415362207,4.441863026031896,14.455437525844356
-9.911529448261494,-3.3162103962604377,-6.547776242135619,27.465732924618692
-3.583259506808794,1.3674223921231459,-3.636860093956251,19.07187508867419
-10.96003140203794,-1.776749149566072,0.5328873533294676,26.654275831532523
-5.67852971507449,-7.319441869694208,0.4285564189615627,18.570615065730735
-7.897795225063353,-5.854694310120365,7.148796460710631,20.24355598596744
-4.78892412209035,-7.201117510655886,6.138197577556017,16.70812884452127
-9.366214365886636,-2.8824226706631535,1.1575881816351057,24.733661914147746
-5.67852971507449,-7.319441869694208,0.4285564189615627,18.570615065730735
-4.620406771322267,8.608388251705577,-13.303305568324904,29.073310584504824
-1.3410289781224272,3.9877919677414297,-11.858564489076757,23.08056851166488
-7.020816237904279,2.6669517548597987,-14.139977197834854,26.795904920228317
0.05373912693451999,-1.4840058916979793,-11.681043825101849,18.232836759503094
-5.960047105276267,3.7688327411656886,-12.964569646911368,26.3201958516224
0.05373912693451999,-1.4840058916979793,-11.681043825101849,18.232836759503094
-8.311058271452332,9.85399488818156,-10.308507668587037,32.321581508106554
-5.640894261474205,3.0901513030170307,-5.7414776077111895,22.482310627317403
-8.229327348808297,2.415162528407933,-12.161041467313787,27.400339273626273
0.05373912693451999,-1.4840058916979793,-11.681043825101849,18.232836759503094
-10.0,8.0,-5.0,27.512091056909487
-7.883915916190505,6.5005464547302765,-3.1912531189989757,24.350171060498326
-10.380947062355252,2.3903193529353395,-8.76487440570151,29.377158518238037
-3.583259506808794,1.3674223921231459,-3.636860093956251,19.07187508867419
-10.427153257688753,0.8817161303841203,4.690233175238355,24.811001297312707
-7.852120837435352,2.5129403007212225,4.8071174073592005,21.76053474562483
-10.282312157600657,4.233836056342916,-3.7778259825498566,26.359776370542264
-3.583259506808794,1.3674223921231459,-3.636860093956251,19.07187508867419
-10.093738528840808,5.677476488073239,-4.051909945101437,26.860448001736124
-7.883915916190505,6.5005464547302765,-3.1912531189989757,24.350171060498326
-10.695972695874776,2.6977922877751404,-1.8173768996620225,26.533181412870334
-3.583259506808794,1.3674223921231459,-3.636860093956251,19.07187508867419
-6.364436056119995,9.518858990595973,-11.025338160501867,30.598652522715533
-0.8299562194067711,1.75642637835886,-8.555144683781029,19.80285786797851
-7.883915916190505,6.5005464547302765,-3.1912531189989757,24.350171060498326
-0.6700023901176699,3.7651494396379377,1.908060272728953,15.102147365735837
-9.519603988023162,1.4398705235743492,-5.4557406844924206,25.281042595999487
-3.583259506808794,1.3674223921231459,-3.636860093956251,19.07187508867419
-8.76449947461368,1.8955979388650164,-9.19641102656124,26.689802863626106
-3.583259506808794,1.3674223921231459,-3.636860093956251,19.07187508867419
-8.736559765744873,2.001692367888033,-6.394513684279559,24.950944341977003
-3.583259506808794,1.3674223921231459,-3.636860093956251,19.07187508867419
-7.852120837435352,2.5129403007212225,4.8071174073592005,21.76053474562483
0.3665726148240189,2.8278510164411585,3.501864309625269,13.432883427862404
-5.33866272077292,3.0444563401314184,-11.43370143759375,25.278838897518817
3.0482319399830082,-1.7938491365509535,-9.797498746524536,15.070959413930845
-3.583259506808794,1.3674223921231459,-3.636860093956251,19.07187508867419
2.2706792751316307,-0.8867576381752258,3.939279366715816,9.235828321844819
-5.640894261474205,3.0901513030170307,-5.7414776077111895,22.482310627317403
-3.583259506808794,1.3674223921231459,-3.636860093956251,19.07187508867419
-1.3410289781224272,3.9877919677414297,-11.858564489076757,23.08056851166488
3.0482319399830082,-1.7938491365509535,-9.797498746524536,15.070959413930845
-2.79666317689232,-2.770655785268339,-13.568086307182368,21.18354982351743
5.033740239312927,-4.215483592701528,-7.896532763783233,11.407596435264484
-1.7754902061043225,-6.949135300503402,-15.228260167486303,22.572521638043103
0.1623511707136771,-4.039064170344497,-11.562896703451484,17.50708656218106
-0.6759330602317988,3.471745610977635,-13.765988745375095,22.643594745504824
3.0482319399830082,-1.7938491365509535,-9.797498746524536,15.070959413930845
-1.2374478599346546,-12.645812587587724,-10.859681072847547,19.105007935122444
0.5295578575509481,-10.873993664661015,-9.719685516930054,16.355236786684888
-1.2695240439728934,-7.636912344318905,-9.29353448656629,18.714369261950665
5.033740239312927,-4.215483592701528,-7.896532763783233,11.407596435264484
-1.7435929335784834,-12.63720492623591,2.550255838987816,14.32581944676021
0.9995018254749084,-11.62193314522419,3.0441321481790524,11.359464873340968
-1.9293193139085858,-14.656347181997269,-3.8583488687989558,18.280763541799566
3.997523550130488,-13.167184570894888,0.9663422530683441,10.494704459135132
-1.2917031107751065,-9.007917016975773,-2.0516440824652094,13.998499777114247
5.8327629575687645,-4.950647163111563,2.7242739821337665,4.5101464539173675
-2.8088352848995157,2.0553580084089234,-9.73824571086559,22.947132038861888
3.0482319399830082,-1.7938491365509535,-9.797498746524536,15.070959413930845
-0.6700023901176699,3.7651494396379377,1.908060272728953,15.102147365735837
2.2706792751316307,-0.8867576381752258,3.939279366715816,9.235828321844819
-0.7229327440148765,-6.979612570005909,-2.1944563351376267,12.95335406051931
5.8327629575687645,-4.950647163111563,2.7242739821337665,4.5101464539173675
0.05373912693451999,-1.4840058916979793,-11.681043825101849,18.232836759503094
5.033740239312927,-4.215483592701528,-7.896532763783233,11.407596435264484
-0.8299562194067711,1.75642637835886,-8.555144683781029,19.80285786797851
5.033740239312927,-4.215483592701528,-7.896532763783233,11.407596435264484
0.1623511707136771,-4.039064170344497,-11.562896703451484,17.50708656218106
5.033740239312927,-4.215483592701528,-7.896532763783233,11.407596435264484
0.7706187350974076,-11.436820302193809,-3.960318342714551,15.050198928580889
5.849818845627777,-7.494105838476672,3.138316507879189,5.293105424559238
0.5295578575509481,-10.873993664661015,-9.719685516930054,16.355236786684888
8.412199712274699,-7.452671245076337,-4.695345758890879,6.401067825249251
0.3665726148240189,2.8278510164411585,3.501864309625269,13.432883427862404
2.2706792751316307,-0.8867576381752258,3.939279366715816,9.235828321844819
-2.019378977055375,7.64604427673504,6.896830268890604,19.233848909201548
2.2706792751316307,-0.8867576381752258,3.939279366715816,9.235828321844819
-0.06500782244005521,6.457260486433523,1.8911688805303868,17.2098356579317
2.2706792751316307,-0.8867576381752258,3.939279366715816,9.235828321844819
-1.1957949345350727,6.179067217258591,2.9176135276667914,17.17220819056522
2.2706792751316307,-0.8867576381752258,3.939279366715816,9.235828321844819
-0.07256460812969934,4.509051700686591,-3.077283061799907,18.39212116507829
2.2706792751316307,-0.8867576381752258,3.939279366715816,9.235828321844819
0.3179638915199767,6.742131039983654,7.02884898381636,17.69505288749179
2.2706792751316307,-0.8867576381752258,3.939279366715816,9.235828321844819
-12.69498001252745,5.784260105558712,9.454975891667267,31.809908970549852
-6.5999686947154235,6.5382992461683465,7.901839966677294,22.469470707674155
-5.138357934034259,5.560546363833545,8.69908905459824,21.4816739742223
0.3665726148240189,2.8278510164411585,3.501864309625269,13.432883427862404
-6.3816456655981835,-3.2813231455577174,7.720489309395873,18.977194729066326
2.2706792751316307,-0.8867576381752258,3.939279366715816,9.235828321844819
-9.681651815120889,-7.797887066399927,8.52299210329005,22.183725899709124
-4.78892412209035,-7.201117510655886,6.138197577556017,16.70812884452127
0.5430932025418684,-11.608621215281945,9.820479396642831,14.846588863494432
5.849818845627777,-7.494105838476672,3.138316507879189,5.293105424559238
-3.5003489489584467,-13.371278488297529,8.058630179830708,18.320359688732104
0.9995018254749084,-11.62193314522419,3.0441321481790524,11.359464873340968
-6.5999686947154235,6.5382992461683465,7.901839966677294,22.469470707674155
0.3665726148240189,2.8278510164411585,3.501864309625269,13.432883427862404
-12.259345139266777,18.55792606825925,-6.29601008993669,36.77810619338955
-4.787388612883108,13.277948176913974,-4.605520120024362,27.474017994987914
-9.082477467359906,10.429981423468746,-15.151013863575207,34.234928792411026
-5.960047105276267,3.7688327411656886,-12.964569646911368,26.3201958516224
-12.149730233945721,11.402975975018144,-11.17660920900482,Inf
-10.0,8.0,-5.0,27.512091056909487
-10.20549196693219,18.307159065550735,-10.187746295864004,Inf
-4.787388612883108,13.277948176913974,-4.605520120024362,27.474017994987914
-9.422766727189726,12.927362963130655,-6.888324267407757,Inf
-4.787388612883108,13.277948176913974,-4.605520120024362,27.474017994987914
-1.908364092857635,14.53331053562789,-14.001218067570935,32.30424996137709
-1.0833880884690998,15.560221292379381,-8.357525836860935,26.50887308794382
-7.032087048220728,13.515472275775188,-9.495193652505343,32.8595538102427
-4.787388612883108,13.277948176913974,-4.605520120024362,27.474017994987914
-6.807395339760873,11.87893484327347,-11.149353923686478,32.706277665164876
-1.3410289781224272,3.9877919677414297,-11.858564489076757,23.08056851166488
0.0977135239300182,12.436209512265364,-14.767083025504952,Inf
6.39064141229893,6.719944823158272,-9.837774826778398,18.995022269704148
-1.0833880884690998,15.560221292379381,-8.357525836860935,26.50887308794382
3.8764852310359643,9.649262157862104,-4.951928977866631,18.074546131899055
0.5872392640998854,13.998156847107815,1.3787755372930448,23.122085445912482
3.987919842306596,7.355997377588402,-0.149628829578905,15.505069578645829
-4.787388612883108,13.277948176913974,-4.605520120024362,27.474017994987914
3.5474087034600004,8.4562926510256,-3.5297811992412953,16.969497812560512
-6.356024900573027,10.436229604963614,8.856774162315997,24.750461284310003
-2.019378977055375,7.64604427673504,6.896830268890604,19.233848909201548
-10.907728255356997,12.398166416893076,5.140026426643509,Inf
-9.853151765436436,10.218597026462728,3.2378956550800453,26.73098473456622
-8.57990530390448,17.267310488492143,8.814264445210888,39.46040813293381
-6.356024900573027,10.436229604963614,8.856774162315997,24.750461284310003
-4.748993283367611,17.265865456509587,0.8145832485630748,29.40472902129317
0.5872392640998854,13.998156847107815,1.3787755372930448,23.122085445912482
-8.133978772781605,17.286802594812144,3.064738291162257,Inf
0.5872392640998854,13.998156847107815,1.3787755372930448,23.122085445912482
-2.0186207789543253,16.95260225419635,6.066438797484672,28.016177165410163
-0.5079309785247332,15.463817392863454,7.199798280887606,25.480451597314097
-0.5079309785247332,15.463817392863454,7.199798280887606,25.480451597314097
6.866702298304261,9.33913903359679,6.0864643547222315,15.829730722512373
-2.0093021563083298,17.871113688822803,1.8592861864998937,Inf
0.5872392640998854,13.998156847107815,1.3787755372930448,23.122085445912482
9.14669718082169,-4.458126373884106,-9.55378913229099,10.60208553902302
10.0,-5.0,1.0,0.0
8.380663670642996,-8.357377117231497,5.097902552869922,5.539588124373771
10.0,-5.0,1.0,0.0
8.173605983566805,-12.75104641821021,-12.769402229316142,16.743840997475786
8.412199712274699,-7.452671245076337,-4.695345758890879,6.401067825249251
7.1952796714805345,-11.982782731970234,-13.148573741120364,16.06853221819749
8.412199712274699,-7.452671245076337,-4.695345758890879,6.401067825249251
3.997523550130488,-13.167184570894888,0.9663422530683441,10.494704459135132
9.050459020735843,-6.743394937797227,-0.07182866903110607,2.2560741734694636
4.7621283210857435,-14.063924137382084,0.21131857376396113,10.744896253866631
9.050459020735843,-6.743394937797227,-0.07182866903110607,2.2560741734694636
1.3840085169117522,-13.918093014634065,-12.762997467580739,20.743673229287396
0.5295578575509481,-10.873993664661015,-9.719685516930054,16.355236786684888
7.0856730631301375,-14.862759495734652,3.8906633242188065,11.501927702509636
9.050459020735843,-6.743394937797227,-0.07182866903110607,2.2560741734694636
5.8327629575687645,-4.950647163111563,2.7242739821337665,4.5101464539173675
10.0,-5.0,1.0,0.0
5.849818845627777,-7.494105838476672,3.138316507879189,5.293105424559238
10.0,-5.0,1.0,0.0
9.356045864029447,-12.030782736740209,-8.102762570523003,11.876144463510858
9.379457033869105,-10.161939973306016,-5.985550760988305,8.70796286712187
9.050459020735843,-6.743394937797227,-0.07182866903110607,2.2560741734694636
10.0,-5.0,1.0,0.0
9.300544205583783,-11.955282312811457,-14.140863687529377,17.914972648456782
9.379457033869105,-10.161939973306016,-5.985550760988305,8.70796286712187
8.412199712274699,-7.452671245076337,-4.695345758890879,6.401067825249251
10.0,-5.0,1.0,0.0
9.156677021070372,-10.304635185201656,-5.141476583640081,8.158926566789873
10.0,-5.0,1.0,0.0
9.813366598756676,-11.224843693638684,-6.255957275237494,9.562030486082172
10.0,-5.0,1.0,0.0
9.379457033869105,-10.161939973306016,-5.985550760988305,8.70796286712187
10.0,-5.0,1.0,0.0
6.8528164841875565,-8.868431320741648,6.701577215954011,7.574794235818055
10.0,-5.0,1.0,0.0
4.850514842166611,-6.77131247365665,5.453589083002306,7.034856145673154
10.0,-5.0,1.0,0.0
1.1884613489290956,-9.085847162190301,8.783229931547687,12.498757205544266
4.850514842166611,-6.77131247365665,5.453589083002306,7.034856145673154
8.481732807754618,-11.583444182340381,6.343174738000734,8.61373257362041
10.0,-5.0,1.0,0.0
8.612061319068474,13.517719006753467,-5.836308730405824,20.90514338080995
9.890972342191109,9.04393734250375,-1.3539317693696802,14.444335458787414
2.87312793238641,-1.517504265255731,-11.075046022578201,16.103369484348374
5.033740239312927,-4.215483592701528,-7.896532763783233,11.407596435264484
5.033740239312927,-4.215483592701528,-7.896532763783233,11.407596435264484
9.050459020735843,-6.743394937797227,-0.07182866903110607,2.2560741734694636
3.180606004157678,6.244951548697593,-8.495641909986569,19.60994631887319
8.822609769519598,4.720979530019022,-0.8152147826446026,9.958850108572326
9.336015175918462,1.7038339145901915,-13.040624401544223,17.38094440709584
12.817110275357486,0.6458457824482622,-5.792493894647128,9.270903850840654
6.39064141229893,6.719944823158272,-9.837774826778398,18.995022269704148
12.817110275357486,0.6458457824482622,-5.792493894647128,9.270903850840654
4.322476285088062,1.0754266823662846,-9.113774407464312,16.883115147725356
5.033740239312927,-4.215483592701528,-7.896532763783233,11.407596435264484
3.0482319399830082,-1.7938491365509535,-9.797498746524536,15.070959413930845
5.033740239312927,-4.215483592701528,-7.896532763783233,11.407596435264484
5.6633123086386234,-4.126005843343439,-10.025231827788152,13.258966203060126
8.412199712274699,-7.452671245076337,-4.695345758890879,6.401067825249251
3.297883837042292,17.83053912943801,-10.07797321863901,Inf
4.029154952909959,9.488854571650329,-4.94863464786329,17.8831798135804
7.411920589384799,16.915551277032186,-7.14187337928994,24.737910130875626
8.227865848705463,14.45573394252694,-5.088025539758556,21.22643852013599
4.544662729844077,16.299254461211106,-6.3097694016411765,24.71565883331455
3.769532720200335,9.85539557674948,-3.5946644207742118,17.680323808467904
8.147432694201989,14.127325806304597,-8.289797405021675,23.218559122099848
9.890972342191109,9.04393734250375,-1.3539317693696802,14.444335458787414
9.56605244109226,2.835329420306536,2.7621713656804943,8.04275733381453
10.0,-5.0,1.0,0.0
4.504466871548935,-1.065411243146876,10.048921257486747,12.47802186965445
5.769194683315632,-3.0940429145436994,7.576966168654398,8.049153373051745
4.6457331756215225,-3.987870416460602,8.150924260419885,8.990455900496777
10.0,-5.0,1.0,0.0
5.769194683315632,-3.0940429145436994,7.576966168654398,8.049153373051745
10.0,-5.0,1.0,0.0
6.866702298304261,9.33913903359679,6.0864643547222315,15.829730722512373
9.56605244109226,2.835329420306536,2.7621713656804943,8.04275733381453
6.824270070953389,10.548103513891782,4.684690066564894,16.45110633579668
9.56605244109226,2.835329420306536,2.7621713656804943,8.04275733381453
3.8764852310359643,9.649262157862104,-4.951928977866631,18.074546131899055
8.822609769519598,4.720979530019022,-0.8152147826446026,9.958850108572326
3.5474087034600004,8.4562926510256,-3.5297811992412953,16.969497812560512
8.822609769519598,4.720979530019022,-0.8152147826446026,9.958850108572326
4.029154952909959,9.488854571650329,-4.94863464786329,17.8831798135804
8.822609769519598,4.720979530019022,-0.8152147826446026,9.958850108572326
2.7089457076614742,3.3002750295539656,5.383486751645972,13.686564777444124
2.2706792751316307,-0.8867576381752258,3.939279366715816,9.235828321844819
2.2706792751316307,-0.8867576381752258,3.939279366715816,9.235828321844819
10.0,-5.0,1.0,0.0
3.987919842306596,7.355997377588402,-0.149628829578905,15.505069578645829
8.822609769519598,4.720979530019022,-0.8152147826446026,9.958850108572326
3.7727026230756238,14.057294299467586,-4.749126209532397,22.48846130484768
3.769532720200335,9.85539557674948,-3.5946644207742118,17.680323808467904
6.468956886441681,17.904705483752963,-5.043974192283995,26.727968929415372
7.470091532885263,15.271787545045036,-4.686563103638006,21.9111429190281
6.595211958925304,17.510846748263084,3.942066293416026,23.45708599855014
6.824270070953389,10.548103513891782,4.684690066564894,16.45110633579668
5.344121535216733,15.22778540200568,-3.2617385281189755,22.353416044583643
9.890972342191109,9.04393734250375,-1.3539317693696802,14.444335458787414
2.3053983676442797,11.82064225164109,4.597534726781632,21.146545864029697
6.824270070953389,10.548103513891782,4.684690066564894,16.45110633579668
3.769532720200335,9.85539557674948,-3.5946644207742118,17.680323808467904
8.822609769519598,4.720979530019022,-0.8152147826446026,9.958850108572326
6.645427164511091,11.533137283778466,5.556513421665585,17.633912694975457
9.56605244109226,2.835329420306536,2.7621713656804943,8.04275733381453
8.822609769519598,4.720979530019022,-0.8152147826446026,9.958850108572326
10.0,-5.0,1.0,0.0
7.0351966702400475,15.279754008984284,3.2013988123435695,21.41428670556416
6.824270070953389,10.548103513891782,4.684690066564894,16.45110633579668
8.22387846542722,17.059123160434694,-4.475376439198104,23.20594618494418
9.890972342191109,9.04393734250375,-1.3539317693696802,14.444335458787414
7.470091532885263,15.271787545045036,-4.686563103638006,21.9111429190281
9.890972342191109,9.04393734250375,-1.3539317693696802,14.444335458787414
8.227865848705463,14.45573394252694,-5.088025539758556,21.22643852013599
9.890972342191109,9.04393734250375,-1.3539317693696802,14.444335458787414
6.0192879927451415,11.03667875662346,6.696237700622287,17.80587911509368
9.56605244109226,2.835329420306536,2.7621713656804943,8.04275733381453
1.8218393861321402,6.900042933758197,8.692764304042289,18.369904051901443
2.2706792751316307,-0.8867576381752258,3.939279366715816,9.235828321844819
9.16385847447063,8.81022271092693,9.031250834194928,16.71238634569483
9.56605244109226,2.835329420306536,2.7621713656804943,8.04275733381453
9.890972342191109,9.04393734250375,-1.3539317693696802,14.444335458787414
8.822609769519598,4.720979530019022,-0.8152147826446026,9.958850108572326
9.634041883015776,8.9056664258053,1.1356514718975497,14.327594713525517
9.56605244109226,2.835329420306536,2.7621713656804943,8.04275733381453
-1.9101538462402985,19.338884518059338,-5.0534651256313,30.252653153573608
3.7727026230756238,14.057294299467586,-4.749126209532397,22.48846130484768
-8.086161939692005,19.97251347974433,-12.213532007026187,39.94431339658327
-1.0833880884690998,15.560221292379381,-8.357525836860935,26.50887308794382
-4.526102272150663,19.816334522414245,-16.94084874062165,Inf
-1.908364092857635,14.53331053562789,-14.001218067570935,32.30424996137709
8.651307257853773,19.071660369393626,-13.210896669065448,30.13728030399195
11.056708267425233,11.606639121992217,-9.680678447537838,21.045612938537154
-1.370445691110831,19.23003199665981,-10.251047108629514,Inf
-1.0833880884690998,15.560221292379381,-8.357525836860935,26.50887308794382
2.963051446165011,19.955389266993926,-15.01650926675893,Inf
3.297883837042292,17.83053912943801,-10.07797321863901,Inf
6.250942302811453,19.6779362725091,4.04600583680714,25.6211918575018
6.824270070953389,10.548103513891782,4.684690066564894,16.45110633579668
-5.823945782202911,19.27246181785152,7.760580540029444,Inf
-0.5079309785247332,15.463817392863454,7.199798280887606,25.480451597314097
4.101293842664127,19.139320812979996,7.658767411025849,25.925240337458888
6.645427164511091,11.533137283778466,5.556513421665585,17.633912694975457
-3.497318141034455,19.22736058948709,5.170118393730974,Inf
2.3053983676442797,11.82064225164109,4.597534726781632,21.146545864029697
-16.241555829764405,11.151573916978972,11.3959332552228,42.432092316020544
-12.69498001252745,5.784260105558712,9.454975891667267,31.809908970549852
-16.991562688138835,11.596434232184308,19.12733653136864,48.06138140225816
-8.983625457981432,11.41237135839285,16.784635117560676,32.92602845267918
-19.25336980302511,9.475162986613999,10.390361985124798,43.29599865482551
-12.69498001252745,5.784260105558712,9.454975891667267,31.809908970549852
-16.960473240945575,9.873405660335635,16.352151646967528,44.79466360671137
-13.953144168645162,1.7586829029131863,17.788725987263234,31.73127353169305
-17.20458392895825,-9.841979881740599,10.766992715362083,30.295961212747848
-9.681651815120889,-7.797887066399927,8.52299210329005,22.183725899709124
-17.4183026602533,8.130292969219212,13.327169219139108,Inf
-10.464184946853372,1.662993281321718,13.245927986553923,26.316252577517652
-17.33919920403575,-7.57115060226667,11.961522045249318,Inf
-9.681651815120889,-7.797887066399927,8.52299210329005,22.183725899709124
-19.7589390060247,-8.682510913669423,11.93539500144339,Inf
-17.33919920403575,-7.57115060226667,11.961522045249318,Inf
-17.176716377171157,10.910679246004278,14.794424685245744,Inf
-12.69498001252745,5.784260105558712,9.454975891667267,31.809908970549852
-18.315942872065385,-0.003508524093945198,19.00003727600201,Inf
-10.464184946853372,1.662993281321718,13.245927986553923,26.316252577517652
-19.137671880773173,8.555237383539929,14.33535984643619,Inf
-17.4183026602533,8.130292969219212,13.327169219139108,Inf
-17.531465182228494,16.390467586982425,18.94097652512771,Inf
-16.991562688138835,11.596434232184308,19.12733653136864,48.06138140225816
-19.5263436855919,11.921959663171194,13.122014131112316,Inf
-12.69498001252745,5.784260105558712,9.454975891667267,31.809908970549852
-18.810100497683884,11.698750275241991,12.707746904788436,Inf
-12.69498001252745,5.784260105558712,9.454975891667267,31.809908970549852
-16.96087065395546,15.683096436356479,15.384256099083935,Inf
-15.43567455260698,11.67223327909868,9.53697653408538,Inf
-2.459757488999877,-14.763905000105648,15.337842593617566,21.906880751177503
0.5430932025418684,-11.608621215281945,9.820479396642831,14.846588863494432
-12.082665363191225,-14.972354025972052,15.991217752205166,28.755575353365977
-4.982856362164467,-11.989229030543491,11.496669872152047,19.838889689090195
-1.4461136388842917,-15.462489910060748,13.699482021011931,20.970598369514597
0.5430932025418684,-11.608621215281945,9.820479396642831,14.846588863494432
4.795486220804079,-15.294479411484705,12.738942420803653,16.628880633346256
6.8528164841875565,-8.868431320741648,6.701577215954011,7.574794235818055
2.3809594599995947,-7.563737575445817,19.189927979363816,22.274432538844724
6.244580896859251,-5.703629083679713,10.536360465048737,11.672061482176197
3.6209743886764656,14.208542168527728,15.815949688084075,27.18352838699078
6.870997792514313,8.865703083769915,10.47192356374996,18.782750849521207
-1.5823459983216281,-8.992511922937538,14.892950843260067,19.20806226951926
1.1884613489290956,-9.085847162190301,8.783229931547687,12.498757205544266
-2.9030361344410522,-12.575974956313827,17.00761157692306,22.325343445155923
1.1884613489290956,-9.085847162190301,8.783229931547687,12.498757205544266
3.163093406425368,-13.137827059393938,15.706385979335153,18.64770871589657
4.158991944608125,-13.104070753627965,12.2792458548506,15.078641215920488
-4.982856362164467,-11.989229030543491,11.496669872152047,19.838889689090195
1.1884613489290956,-9.085847162190301,8.783229931547687,12.498757205544266
0.37325569255044044,-12.292278600766195,13.971370790466011,18.652013937101742
1.1884613489290956,-9.085847162190301,8.783229931547687,12.498757205544266
-7.16307026581787,-12.077410792499963,13.065735170426777,22.349512729225502
1.1884613489290956,-9.085847162190301,8.783229931547687,12.498757205544266
-14.496962050028541,-13.603511357698306,13.578444795293393,Inf
-4.982856362164467,-11.989229030543491,11.496669872152047,19.838889689090195
-2.6355429727457675,-10.489538261635607,14.236849161746349,19.305762454759417
1.1884613489290956,-9.085847162190301,8.783229931547687,12.498757205544266
-10.803096092231055,-9.72774076389884,14.080340146340397,26.224627006460242
-6.583736796267958,-7.707012483433333,12.892599340720786,21.397923796893984
-11.158807734200096,-9.563241199852506,16.393107259345612,27.450230367378126
-6.583736796267958,-7.707012483433333,12.892599340720786,21.397923796893984
-14.667423593633089,-6.519423929236776,11.387011877889037,28.073971861448562
-9.681651815120889,-7.797887066399927,8.52299210329005,22.183725899709124
-15.9342418874024,3.354979134429527,10.972594491783347,32.93166956483936
-10.964516699081548,0.7049015832777812,12.090964372882652,26.623390727860247
-16.086665813210004,18.775962095510508,10.689393517029746,Inf
-10.907728255356997,12.398166416893076,5.140026426643509,Inf
2.592929662394681,-1.728674668621501,11.020338502364304,13.179907628687973
5.769194683315632,-3.0940429145436994,7.576966168654398,8.049153373051745
-6.579320062266518,-3.7827441175124576,11.345259123347546,22.24685053368912
1.1884613489290956,-9.085847162190301,8.783229931547687,12.498757205544266
2.459751243738573,17.55874137383025,10.450424928101931,26.130632828523638
6.0192879927451415,11.03667875662346,6.696237700622287,17.80587911509368
-12.919946915902223,7.316498176092601,10.317402244341842,Inf
-6.5999686947154235,6.5382992461683465,7.901839966677294,22.469470707674155
1.0836740079437774,16.07752522401612,10.823483669430843,25.979285859030895
6.0192879927451415,11.03667875662346,6.696237700622287,17.80587911509368
-10.464184946853372,1.662993281321718,13.245927986553923,26.316252577517652
-3.0341805035271747,-0.18769823198202573,12.564338515021703,18.628952055685225
-10.786421905374048,-8.487099866999204,16.050338447229244,26.712283091961787
-6.583736796267958,-7.707012483433333,12.892599340720786,21.397923796893984
-10.964516699081548,0.7049015832777812,12.090964372882652,26.623390727860247
-6.3816456655981835,-3.2813231455577174,7.720489309395873,18.977194729066326
-14.177251179296357,18.201492514057016,11.566973735408936,Inf
-8.57990530390448,17.267310488492143,8.814264445210888,39.46040813293381
-15.830291743722693,-2.0401491389344173,11.944857396281996,Inf
-10.314891142074876,-3.1510606677387543,7.716048436057772,23.738696763864006
-13.953144168645162,1.7586829029131863,17.788725987263234,31.73127353169305
-4.743956234006612,1.1366298112707085,15.541026942914485,22.26156432754125
-15.956263395104937,-7.736595494229714,12.54597576821623,29.63751048908061
-9.681651815120889,-7.797887066399927,8.52299210329005,22.183725899709124
-15.408601824215307,13.749260207097649,16.952121738475547,Inf
-8.983625457981432,11.41237135839285,16.784635117560676,32.92602845267918
-14.214095737992016,-4.774902917149992,17.970954140570903,Inf
-6.583736796267958,-7.707012483433333,12.892599340720786,21.397923796893984
-10.630838341453996,15.34115644120996,18.182691523981738,Inf
-6.989546489399903,7.894796794790693,17.738196128546264,Inf
-6.669071650742406,11.69027245583715,18.32261215450803,32.97312123186436
-1.2848938416031004,8.038801071893971,16.778200467203057,25.00506611178952
-5.449911194700334,6.795713181162071,14.64614468146786,26.731368610107637
-3.0341805035271747,-0.18769823198202573,12.564338515021703,18.628952055685225
0.8783524514903718,-1.3314412831311984,12.696154282791994,15.464163433064876
5.769194683315632,-3.0940429145436994,7.576966168654398,8.049153373051745
-6.583736796267958,-7.707012483433333,12.892599340720786,21.397923796893984
1.1884613489290956,-9.085847162190301,8.783229931547687,12.498757205544266
-1.1166773671797436,7.762624038610095,12.815756553306116,24.03324335126223
2.7089457076614742,3.3002750295539656,5.383486751645972,13.686564777444124
-3.0341805035271747,-0.18769823198202573,12.564338515021703,18.628952055685225
4.6457331756215225,-3.987870416460602,8.150924260419885,8.990455900496777
-0.48612998227253,3.6150995943825563,14.84343132226843,20.832695137885594
2.592929662394681,-1.728674668621501,11.020338502364304,13.179907628687973
-8.983625457981432,11.41237135839285,16.784635117560676,32.92602845267918
-5.449911194700334,6.795713181162071,14.64614468146786,26.731368610107637
-4.743956234006612,1.1366298112707085,15.541026942914485,22.26156432754125
0.8783524514903718,-1.3314412831311984,12.696154282791994,15.464163433064876
-8.462415100774603,10.929541216201866,17.71362864114137,Inf
-5.449911194700334,6.795713181162071,14.64614468146786,26.731368610107637
-1.2575837547271433,-3.776151918087134,16.49528947690061,19.928222426075425
2.592929662394681,-1.728674668621501,11.020338502364304,13.179907628687973
-2.6293626700710426,8.49683918567812,18.027002122161157,26.645782639437172
-0.48612998227253,3.6150995943825563,14.84343132226843,20.832695137885594
-1.2848938416031004,8.038801071893971,16.778200467203057,25.00506611178952
4.742232757537657,1.2357704479248,13.241003937757455,16.284607473574486
-6.989546489399903,7.894796794790693,17.738196128546264,Inf
-0.48612998227253,3.6150995943825563,14.84343132226843,20.832695137885594
-7.667931360593441,9.863754657363693,18.664060958431676,Inf
-6.989546489399903,7.894796794790693,17.738196128546264,Inf
0.31106884644579225,-6.256794439967379,16.204461116069453,18.413660607833904
4.6457331756215225,-3.987870416460602,8.150924260419885,8.990455900496777
0.6549609151049367,4.293248531333951,18.437219949134168,22.536017329535397
4.742232757537657,1.2357704479248,13.241003937757455,16.284607473574486
-4.036132735491034,18.160300740769728,14.874586593950418,Inf
1.0836740079437774,16.07752522401612,10.823483669430843,25.979285859030895
-4.5313329898606725,17.203197921190714,14.105936366754676,Inf
1.0836740079437774,16.07752522401612,10.823483669430843,25.979285859030895
-0.32508675828619715,19.427369880450343,17.482388385542286,33.93516368480463
1.0836740079437774,16.07752522401612,10.823483669430843,25.979285859030895
7.873377414808715,0.6795629637118665,15.15412307805903,15.96156269466956
10.001631218487688,-4.301981179932,7.757183151987732,6.793140443384764
8.190051401753475,-12.059895260043056,13.38298139749557,14.616344433571648
8.380663670642996,-8.357377117231497,5.097902552869922,5.539588124373771
6.244580896859251,-5.703629083679713,10.536360465048737,11.672061482176197
10.001631218487688,-4.301981179932,7.757183151987732,6.793140443384764
4.158991944608125,-13.104070753627965,12.2792458548506,15.078641215920488
6.8528164841875565,-8.868431320741648,6.701577215954011,7.574794235818055
8.700539278616468,-12.845685091548482,16.962475440076602,18.31645809839257
8.190051401753475,-12.059895260043056,13.38298139749557,14.616344433571648
4.391535401223912,-4.272834019616951,15.305890207369458,15.98790392733677
5.769194683315632,-3.0940429145436994,7.576966168654398,8.049153373051745
4.742232757537657,1.2357704479248,13.241003937757455,16.284607473574486
5.769194683315632,-3.0940429145436994,7.576966168654398,8.049153373051745
9.549338503818703,6.896214215083276,10.75667634169438,17.009539057691768
9.56605244109226,2.835329420306536,2.7621713656804943,8.04275733381453
6.870997792514313,8.865703083769915,10.47192356374996,18.782750849521207
10.944691398183764,3.6717024775462974,3.2702842147014692,9.013603946946397
5.113277140256159,1.1585934919893504,19.046258644213758,20.757012938174697
7.873377414808715,0.6795629637118665,15.15412307805903,15.96156269466956
8.53277417111661,4.87051402820347,16.47649318408498,20.405382853553554
12.47991168194244,1.977925748069076,11.029610187623824,13.03209649385878
8.640564473347982,4.368074078077928,14.991673840325497,19.732514826218342
13.407955716493511,-0.6824283042456969,7.799934628502321,8.746124768459714
-15.172736703509546,-8.298936062713294,19.312202610839094,38.04097022672887
-10.786421905374048,-8.487099866999204,16.050338447229244,26.712283091961787
-15.8295120824652,3.696399659396981,19.4796927494218,Inf
-10.464184946853372,1.662993281321718,13.245927986553923,26.316252577517652
-14.209348539495608,17.92276378921202,19.30992172479938,Inf
-6.669071650742406,11.69027245583715,18.32261215450803,32.97312123186436
10.276802924521256,-2.7656890743567146,1.5448668401291243,2.3163862037546266
10.0,-5.0,1.0,0.0
18.111340288486446,-13.08696648484954,-5.209830054634921,13.029000633592364
10.0,-5.0,1.0,0.0
11.821820752702763,-15.221796884584649,-6.316082713271198,13.873921741582713
9.156677021070372,-10.304635185201656,-5.141476583640081,8.158926566789873
11.453184175452627,-7.605493552861455,-7.126779598663813,8.65707153413017
10.0,-5.0,1.0,0.0
11.304589747614795,-11.155638888497688,-19.629783484584344,23.084328840167828
13.769791184776956,-10.759434304780324,-14.905465414212227,17.364652330153785
10.269830784873662,-6.151215736555278,-9.193373571683026,11.289980116395094
12.136318621437908,-4.9739390475439205,-1.5108597257821117,3.296809516502266
19.240746138681935,-9.216817027112283,-18.994598545444514,24.3669395234899
16.782907134265663,-8.914274615749909,-10.060680049347042,14.88014364867243
17.72323512530768,-12.08663734813797,-10.644582313291018,17.128737519446283
11.453184175452627,-7.605493552861455,-7.126779598663813,8.65707153413017
13.769791184776956,-10.759434304780324,-14.905465414212227,17.364652330153785
11.453184175452627,-7.605493552861455,-7.126779598663813,8.65707153413017
12.665832549214329,-14.256746664537179,-12.840702206608867,17.3522720378368
9.379457033869105,-10.161939973306016,-5.985550760988305,8.70796286712187
13.639930046984688,-18.931539529206187,-19.404502850142713,25.459844065851804
12.665832549214329,-14.256746664537179,-12.840702206608867,17.3522720378368
15.686563651227637,-13.599966643263262,-11.17714512528699,17.03923535481048
11.453184175452627,-7.605493552861455,-7.126779598663813,8.65707153413017
16.26721412407833,-14.20211927338582,-10.500680912299112,17.492996234867427
11.453184175452627,-7.605493552861455,-7.126779598663813,8.65707153413017
15.530538756283427,-14.767383688908966,-8.350173336848314,16.575456284019182
9.156677021070372,-10.304635185201656,-5.141476583640081,8.158926566789873
18.79613801455413,-15.212269220327874,-6.605410247402066,15.662155341827933
18.111340288486446,-13.08696648484954,-5.209830054634921,13.029000633592364
13.669097250148916,-6.014458337280555,-18.34530762213289,21.053770976096306
10.269830784873662,-6.151215736555278,-9.193373571683026,11.289980116395094
15.875583692333286,-7.091791362608708,-18.474790833329244,22.898733173771497
13.769791184776956,-10.759434304780324,-14.905465414212227,17.364652330153785
13.904075834633446,-4.721741125068242,-19.25456181849175,22.65160573586107
13.669097250148916,-6.014458337280555,-18.34530762213289,21.053770976096306
16.782907134265663,-8.914274615749909,-10.060680049347042,14.88014364867243
11.453184175452627,-7.605493552861455,-7.126779598663813,8.65707153413017
17.57267223132365,-8.049257020168437,-18.31117885118438,23.14443166703015
13.769791184776956,-10.759434304780324,-14.905465414212227,17.364652330153785
18.84157449910021,-3.495323248762226,-6.314508870577313,11.60128533540235
13.039855044967794,-4.112517733959953,-1.7322475380808378,4.182525561942273
18.204180120248772,-16.44900022509131,1.6214358315762034,14.304104200333104
13.305032507654616,-7.942878371065625,1.7427699969452348,4.4872575424084635
12.287803898988976,-6.4666223280022805,12.972556048656408,12.885132833095678
11.644642654427855,-6.025903662069263,8.539195229723092,7.784394163741327
12.986010139162623,-13.466892325959625,16.333559184637238,19.36823564158017
14.371036357352068,-10.987713737578204,13.021977598741934,15.005759659044347
15.479665525961153,-8.722524419603994,3.3133129047370673,7.016789787800275
10.0,-5.0,1.0,0.0
14.585517788892503,-16.63695432183416,-1.6830688160751883,13.919275924811874
13.361182735396461,-13.183830709199711,0.12916884040764742,8.88993708448403
13.25311229877218,-18.661032794798736,14.370787872335391,20.34447756325368
12.73386588653046,-13.265942783328564,8.944348435165487,12.02800641719267
11.12774861980472,-16.755126321585784,-4.023016173334515,14.804581679730822
13.361182735396461,-13.183830709199711,0.12916884040764742,8.88993708448403
11.305952995265642,-14.24076725878404,6.264942615634659,12.2129365866202
8.380663670642996,-8.357377117231497,5.097902552869922,5.539588124373771
13.305032507654616,-7.942878371065625,1.7427699969452348,4.4872575424084635
10.0,-5.0,1.0,0.0
13.361182735396461,-13.183830709199711,0.12916884040764742,8.88993708448403
10.0,-5.0,1.0,0.0
14.371036357352068,-10.987713737578204,13.021977598741934,15.005759659044347
11.91884336812717,-8.883790735218247,6.30077504979716,6.845729068180013
11.35610351696591,-13.569509330803315,8.960332220938795,12.67666928067414
11.91884336812717,-8.883790735218247,6.30077504979716,6.845729068180013
11.5452254534131,-16.436062637736384,14.222404378000391,18.220650227631815
10.07604066560517,-12.773759718067819,8.980414017359664,11.659443817436397
10.07604066560517,-12.773759718067819,8.980414017359664,11.659443817436397
8.380663670642996,-8.357377117231497,5.097902552869922,5.539588124373771
12.73386588653046,-13.265942783328564,8.944348435165487,12.02800641719267
11.91884336812717,-8.883790735218247,6.30077504979716,6.845729068180013
11.91884336812717,-8.883790735218247,6.30077504979716,6.845729068180013
10.0,-5.0,1.0,0.0
16.337320521538665,-14.645854278708317,-3.5765801416605854,13.565811530498692
13.305032507654616,-7.942878371065625,1.7427699969452348,4.4872575424084635
15.83916208747955,-14.8832456161849,8.011621983590267,14.176891975911698
13.305032507654616,-7.942878371065625,1.7427699969452348,4.4872575424084635
16.831999147153034,-12.823584855761068,11.220068405364493,14.837007097342052
11.91884336812717,-8.883790735218247,6.30077504979716,6.845729068180013
17.36000480626967,-9.743584154559386,-2.8561686791134804,9.567721686037661
10.0,-5.0,1.0,0.0
17.009006031432534,-7.640792935651639,-0.3783920885758789,7.615767697842013
10.0,-5.0,1.0,0.0
17.070849091412505,-10.62364607812218,6.145754444050333,10.780943580231812
15.479665525961153,-8.722524419603994,3.3133129047370673,7.016789787800275
16.768593659981967,-8.43358270565477,16.151225301310447,17.270952764993417
11.644642654427855,-6.025903662069263,8.539195229723092,7.784394163741327
18.0347016912636,-10.054869691508914,15.948474083742099,19.084131003206906
14.371036357352068,-10.987713737578204,13.021977598741934,15.005759659044347
11.449502988628446,-10.818649278080974,19.618247857862897,20.273789104402645
12.287803898988976,-6.4666223280022805,12.972556048656408,12.885132833095678
16.90796339049278,-8.880908724342298,17.006432955604758,18.246096149702083
16.768593659981967,-8.43358270565477,16.151225301310447,17.270952764993417
12.411924561287975,-5.670906307387851,19.516710374243914,19.478654332368862
12.287803898988976,-6.4666223280022805,12.972556048656408,12.885132833095678
10.001631218487688,-4.301981179932,7.757183151987732,6.793140443384764
10.0,-5.0,1.0,0.0
12.136318621437908,-4.9739390475439205,-1.5108597257821117,3.296809516502266
10.0,-5.0,1.0,0.0
11.644642654427855,-6.025903662069263,8.539195229723092,7.784394163741327
10.0,-5.0,1.0,0.0
15.901612277718257,-4.594000575070698,-1.1675083778471596,6.30015520265933
10.0,-5.0,1.0,0.0
11.399844712722889,-3.540846771557007,-2.3298522018029217,3.895716756858178
10.0,-5.0,1.0,0.0
13.039855044967794,-4.112517733959953,-1.7322475380808378,4.182525561942273
10.0,-5.0,1.0,0.0
18.508589557308348,-16.418451540975767,10.547775300596818,18.995326701751246
15.83916208747955,-14.8832456161849,8.011621983590267,14.176891975911698
19.13030391186433,-17.46478949014478,6.380493704837271,16.974799490985475
15.479665525961153,-8.722524419603994,3.3133129047370673,7.016789787800275
19.674567510167222,-4.395242023047103,-4.688358642670902,11.497820790815918
13.039855044967794,-4.112517733959953,-1.7322475380808378,4.182525561942273
19.838865154335423,-9.761802339168533,17.4976651545989,20.87700805053942
16.768593659981967,-8.43358270565477,16.151225301310447,17.270952764993417
19.59551935574038,-13.785113476689377,9.347562739189918,15.903984608080926
15.479665525961153,-8.722524419603994,3.3133129047370673,7.016789787800275
18.29306339703983,-14.205989075605325,9.862768313059107,16.010062738189617
11.91884336812717,-8.883790735218247,6.30077504979716,6.845729068180013
18.804708099906584,-15.396872039707405,3.08128190848646,13.846748306841192
13.305032507654616,-7.942878371065625,1.7427699969452348,4.4872575424084635
19.478034425761265,-12.766799091945193,1.8289707529246968,12.894406916184554
13.305032507654616,-7.942878371065625,1.7427699969452348,4.4872575424084635
19.390644192802867,-3.9147502156834264,13.28720126380847,17.11183057501779
13.995716794032127,-1.2863207371012564,5.4513063902592584,7.040688527818671
19.265509345465887,-4.755666976476869,19.378176150314026,21.911159510233013
12.287803898988976,-6.4666223280022805,12.972556048656408,12.885132833095678
19.702769242478375,-11.69150508945811,14.725379844215816,19.50713919620486
16.831999147153034,-12.823584855761068,11.220068405364493,14.837007097342052
16.28019600140371,18.885552958322087,-1.3495101587344394,24.97018121043613
10.276802924521256,-2.7656890743567146,1.5448668401291243,2.3163862037546266
11.172444737445481,16.378635335050603,-7.098997373243705,23.848895253614934
9.890972342191109,9.04393734250375,-1.3539317693696802,14.444335458787414
11.160376320096994,13.94379461458523,-5.063415159607985,20.71970435378848
9.890972342191109,9.04393734250375,-1.3539317693696802,14.444335458787414
10.519255739836808,-1.4003086007657188,-12.187162617360885,14.864575708324706
9.14669718082169,-4.458126373884106,-9.55378913229099,10.60208553902302
11.056708267425233,11.606639121992217,-9.680678447537838,21.045612938537154
12.070795754908204,4.3849123956649265,-6.9057353401737664,13.242919839925191
11.079409538600615,19.4470735951911,-3.6026221439293877,25.666239657308157
11.33595979719697,17.315058667472336,-4.3991206397056,23.37588694626663
12.414967661934298,13.56367188449299,-16.745824827835136,26.379208357763396
12.490090766179591,7.7488865021579585,-11.37197583703391,18.309197272203846
12.817110275357486,0.6458457824482622,-5.792493894647128,9.270903850840654
10.0,-5.0,1.0,0.0
13.068384030432199,7.221349200065312,-12.78722827837167,18.874376805659715
12.817110275357486,0.6458457824482622,-5.792493894647128,9.270903850840654
12.732104628997504,3.750090771907864,-18.450605282285608,24.08828991999598
10.519255739836808,-1.4003086007657188,-12.187162617360885,14.864575708324706
12.070795754908204,4.3849123956649265,-6.9057353401737664,13.242919839925191
11.399844712722889,-3.540846771557007,-2.3298522018029217,3.895716756858178
12.19591254721361,6.86834540913533,-8.258091778612133,15.992850082921398
12.817110275357486,0.6458457824482622,-5.792493894647128,9.270903850840654
12.490090766179591,7.7488865021579585,-11.37197583703391,18.309197272203846
12.817110275357486,0.6458457824482622,-5.792493894647128,9.270903850840654
17.845451543765208,-2.0565937220847204,-15.038158360512046,20.498715527110377
18.84157449910021,-3.495323248762226,-6.314508870577313,11.60128533540235
19.938512254156436,11.284090191622163,-10.332708983823284,22.902398343851996
16.0595301078626,5.144342975450236,-8.328173893940232,15.368398125088412
17.35481908431276,12.19553779423223,-19.421347091011583,28.208593969498313
16.418475635203073,9.902288958707288,-14.576799067742714,22.69906040926029
14.25331139393738,13.321777800818289,-12.323943846921459,23.89290278463791
13.192446662278279,4.437029426534089,-9.134683237897763,14.338860089076018
17.081747817603272,8.135802894724353,-15.762310140157352,23.95319817800368
13.192446662278279,4.437029426534089,-9.134683237897763,14.338860089076018
15.356129253069128,-1.0710658008248046,-19.923163553737968,23.994168070087
10.519255739836808,-1.4003086007657188,-12.187162617360885,14.864575708324706
15.018697722250337,4.433150014114233,-19.4857885555922,25.87145548757784
12.732104628997504,3.750090771907864,-18.450605282285608,24.08828991999598
14.815172353916708,11.078135784998551,-18.65137127612492,26.10723552866
13.068384030432199,7.221349200065312,-12.78722827837167,18.874376805659715
16.418475635203073,9.902288958707288,-14.576799067742714,22.69906040926029
13.192446662278279,4.437029426534089,-9.134683237897763,14.338860089076018
18.421253765032837,11.384784355031528,-14.546874798261467,24.489422638937377
16.0595301078626,5.144342975450236,-8.328173893940232,15.368398125088412
16.0595301078626,5.144342975450236,-8.328173893940232,15.368398125088412
12.817110275357486,0.6458457824482622,-5.792493894647128,9.270903850840654
13.192446662278279,4.437029426534089,-9.134683237897763,14.338860089076018
12.817110275357486,0.6458457824482622,-5.792493894647128,9.270903850840654
16.308109476855314,1.1636455627748177,-6.613153517463859,11.931261621978
11.399844712722889,-3.540846771557007,-2.3298522018029217,3.895716756858178
15.720820923553703,3.214827055372787,-3.994755855314125,12.119004464179435
11.399844712722889,-3.540846771557007,-2.3298522018029217,3.895716756858178
17.98964793446664,-1.148595584820697,-3.5674176960889703,9.9764269403698
10.0,-5.0,1.0,0.0
15.93094507307648,9.929656751662286,-5.001184350204904,18.879152772873113
15.720820923553703,3.214827055372787,-3.994755855314125,12.119004464179435
11.33595979719697,17.315058667472336,-4.3991206397056,23.37588694626663
9.890972342191109,9.04393734250375,-1.3539317693696802,14.444335458787414
17.78737550966946,18.268571245528477,-14.953000327512447,30.516520567758427
14.25331139393738,13.321777800818289,-12.323943846921459,23.89290278463791
17.370632308714,17.88789252901217,-11.599213725891895,29.468952205604367
14.25331139393738,13.321777800818289,-12.323943846921459,23.89290278463791
13.654956040899329,16.0926242543853,-17.936276514386343,29.437041984232447
12.414967661934298,13.56367188449299,-16.745824827835136,26.379208357763396
15.637789875732324,16.0790969953565,-17.01323775606486,29.451394421693497
16.418475635203073,9.902288958707288,-14.576799067742714,22.69906040926029
17.149799586435165,14.640354796891948,-12.575746392229696,27.030543844240402
12.490090766179591,7.7488865021579585,-11.37197583703391,18.309197272203846
16.779598738283184,15.52178169473926,-4.992515294831135,24.535313093706804
15.93094507307648,9.929656751662286,-5.001184350204904,18.879152772873113
17.715596275614878,18.91410343722383,-11.213115000193588,Inf
14.25331139393738,13.321777800818289,-12.323943846921459,23.89290278463791
15.359278562854719,19.817915471325662,-19.097659105158122,Inf
14.25331139393738,13.321777800818289,-12.323943846921459,23.89290278463791
18.731538374398383,13.818135068753136,-18.192545785067075,Inf
16.418475635203073,9.902288958707288,-14.576799067742714,22.69906040926029
17.13624357865025,18.462253975201094,-3.294379620367973,27.136864552878134
12.226544357025361,15.080692160760528,-1.657281792180811,20.92425263484475
12.226544357025361,15.080692160760528,-1.657281792180811,20.92425263484475
9.890972342191109,9.04393734250375,-1.3539317693696802,14.444335458787414
14.1719031299833,0.3803258705437784,12.294234334058856,14.174637219974551
13.407955716493511,-0.6824283042456969,7.799934628502321,8.746124768459714
10.944691398183764,3.6717024775462974,3.2702842147014692,9.013603946946397
10.0,-5.0,1.0,0.0
13.407955716493511,-0.6824283042456969,7.799934628502321,8.746124768459714
10.0,-5.0,1.0,0.0
13.354235726202326,-2.1515633019694924,4.631001373728001,5.705143285285096
10.0,-5.0,1.0,0.0
13.995716794032127,-1.2863207371012564,5.4513063902592584,7.040688527818671
10.0,-5.0,1.0,0.0
12.47991168194244,1.977925748069076,11.029610187623824,13.03209649385878
13.407955716493511,-0.6824283042456969,7.799934628502321,8.746124768459714
12.377581782433708,5.851781574397215,11.38834889175105,16.2717002352816
13.407955716493511,-0.6824283042456969,7.799934628502321,8.746124768459714
10.466601194415883,19.222408626582997,3.8581241391315935,25.895329778377768
11.244978092876813,15.028106069013688,2.9647051037653753,20.9173458351704
10.187413477065697,4.5487648931696185,8.47866120853218,14.042774565466289
9.56605244109226,2.835329420306536,2.7621713656804943,8.04275733381453
12.175732463219042,19.021727173404493,10.382517439592487,26.281542041818568
12.137671056254142,12.387579617524082,5.633275110810505,18.12257978173986
12.319590241646345,5.172597764346598,8.623893044202742,14.74109563100916
13.354235726202326,-2.1515633019694924,4.631001373728001,5.705143285285096
10.902001137989163,8.529642535679578,8.563399761151711,16.19820388395087
10.944691398183764,3.6717024775462974,3.2702842147014692,9.013603946946397
11.773087494725214,15.306729671725478,0.08849501173270369,21.14101524993753
9.890972342191109,9.04393734250375,-1.3539317693696802,14.444335458787414
13.988346249518301,7.6461465673834965,1.6252458385289614,14.28296746983741
10.944691398183764,3.6717024775462974,3.2702842147014692,9.013603946946397
11.244978092876813,15.028106069013688,2.9647051037653753,20.9173458351704
9.634041883015776,8.9056664258053,1.1356514718975497,14.327594713525517
12.137671056254142,12.387579617524082,5.633275110810505,18.12257978173986
10.944691398183764,3.6717024775462974,3.2702842147014692,9.013603946946397
11.391935576108452,17.92853764582923,2.618726606780683,23.638980600978563
9.634041883015776,8.9056664258053,1.1356514718975497,14.327594713525517
12.35659579293931,19.84521663509505,8.943658703340944,26.28486607026663
12.137671056254142,12.387579617524082,5.633275110810505,18.12257978173986
11.923459288879279,16.302211890770096,12.140470197852991,24.815143250270815
10.902001137989163,8.529642535679578,8.563399761151711,16.19820388395087
10.142820534816288,10.924902020799962,19.90708944797519,27.547991199527495
8.53277417111661,4.87051402820347,16.47649318408498,20.405382853553554
10.336380477329286,15.370091077075159,18.384970733114486,Inf
13.248430430965925,12.958383533052412,15.782303135995775,24.672236091280816
14.096996540924955,5.848964942122201,18.86810917953519,22.726096439094114
12.47991168194244,1.977925748069076,11.029610187623824,13.03209649385878
13.060769303095455,15.361480214794767,11.928291554318989,24.113807641351748
10.902001137989163,8.529642535679578,8.563399761151711,16.19820388395087
13.762280220305428,8.375784753830864,19.253310181651422,24.64699711988616
12.377581782433708,5.851781574397215,11.38834889175105,16.2717002352816
13.248430430965925,12.958383533052412,15.782303135995775,24.672236091280816
12.377581782433708,5.851781574397215,11.38834889175105,16.2717002352816
19.13439842986616,-0.19300634165329456,18.378178619415223,22.046704768860465
14.1719031299833,0.3803258705437784,12.294234334058856,14.174637219974551
15.172497540307724,-1.1429513024765754,4.010774355789081,7.120134667338375
10.0,-5.0,1.0,0.0
19.39886487156197,11.900291101464902,7.577779137872671,21.65368482538412
15.793218752421765,7.408586836020987,5.369899677126249,15.485149921708546
14.870386337812718,19.706266575853853,7.3616548588874124,26.123717710662994
12.137671056254142,12.387579617524082,5.633275110810505,18.12257978173986
14.82684633520315,18.842920232982635,1.4371959932215894,26.00404733689629
11.773087494725214,15.306729671725478,0.08849501173270369,21.14101524993753
15.793218752421765,7.408586836020987,5.369899677126249,15.485149921708546
10.944691398183764,3.6717024775462974,3.2702842147014692,9.013603946946397
17.299371092674036,1.079746536731136,0.9844702343370493,9.49970407292149
10.0,-5.0,1.0,0.0
19.311615772414896,11.856371680900224,3.703689824364325,21.38107449369538
13.988346249518301,7.6461465673834965,1.6252458385289614,14.28296746983741
18.95475768905208,6.813071509258137,11.558561529115092,19.08806704513552
14.88092511480589,-0.037847213445616035,8.86446184022839,10.674425008434556
17.926908837789306,5.336039350685098,17.01961435512657,21.98414298579712
12.47991168194244,1.977925748069076,11.029610187623824,13.03209649385878
14.88092511480589,-0.037847213445616035,8.86446184022839,10.674425008434556
13.407955716493511,-0.6824283042456969,7.799934628502321,8.746124768459714
16.763820564999392,14.857343810295298,13.508695203115806,26.140873416021158
16.341789118796967,7.758118109208123,12.156761668578753,18.68756048204157
14.979361812048467,19.762934774412926,9.155395947112819,26.775695129828584
12.137671056254142,12.387579617524082,5.633275110810505,18.12257978173986
16.341789118796967,7.758118109208123,12.156761668578753,18.68756048204157
13.407955716493511,-0.6824283042456969,7.799934628502321,8.746124768459714
15.381598848568572,18.34913487481529,10.822684042246344,26.666184036687092
12.137671056254142,12.387579617524082,5.633275110810505,18.12257978173986
16.17975044911975,17.292408095029153,15.667672288405427,29.352079698278374
13.060769303095455,15.361480214794767,11.928291554318989,24.113807641351748
