-7.8495662857657855,3.1885616451191368,10.57040000835211,Inf
7.0,12.0,0.0,0.0
-12.006782642274443,-15.013154891582223,16.92007952832418,Inf
-7.8495662857657855,3.1885616451191368,10.57040000835211,Inf
-4.434854658390623,-10.07066578087282,-0.2685111549244823,Inf
3.093048138680601,-6.470993599307837,-1.7501814119480414,Inf
-5.173426366247051,0.7110576933747907,15.92095562821477,Inf
-0.179578276868952,5.860873500873538,13.75750881670762,16.790658336498176
-15.583327765547912,-2.2422614386047712,-17.411273826021272,Inf
-12.11393369133197,-1.1653645430159614,-12.889338426218231,Inf
-13.695326244218444,-8.758315508834125,-8.550093171641473,Inf
-12.11393369133197,-1.1653645430159614,-12.889338426218231,Inf
-12.11393369133197,-1.1653645430159614,-12.889338426218231,Inf
-5.889061308732142,4.7312460277696005,-9.225282999325088,Inf
-17.503229658268673,0.6556017735240793,-14.141985744331809,Inf
-10.380661109039702,5.27958675627044,-12.968506270083138,Inf
-16.192243494363197,-0.1779669069722516,-4.792160082819414,Inf
-14.743838004152359,1.1447054792040419,-4.687840410070345,Inf
-19.352068773136892,-5.683127142440156,4.452735817567486,Inf
-11.871944976337101,-3.616756768212575,4.421596271121864,Inf
-19.076597217780964,-11.960183014166006,4.362295189184113,Inf
-16.130133397454642,-8.680545828680346,6.397484130521633,Inf
-18.436093825950106,-7.048026875309352,3.2301732319140797,Inf
-11.871944976337101,-3.616756768212575,4.421596271121864,Inf
-17.21401354939313,-6.951710690627486,0.9692871640837453,Inf
-11.871944976337101,-3.616756768212575,4.421596271121864,Inf
-11.871944976337101,-3.616756768212575,4.421596271121864,Inf
-5.365877944080415,2.3502674023955095,5.684715307866632,Inf
-4.467767278359984,-18.23027926172439,-2.408941406712941,Inf
-1.1857167157642152,-9.139647436928424,-1.5041848907836481,Inf
-10.835138501559722,-18.714415407314988,3.342213686233208,Inf
-7.0,-11.0,6.0,Inf
-9.69271140318762,-12.499549680520268,-1.8389856619060119,Inf
-4.434854658390623,-10.07066578087282,-0.2685111549244823,Inf
-9.09178476686705,-8.126397661957121,1.8358053018999172,Inf
-3.6085102122533,-2.1938127992980654,7.482631981243301,Inf
-4.868880551246804,-10.425907152161313,3.0431072937688626,Inf
-1.4112284309364576,-4.346606459509417,6.308223468463396,Inf
-8.112931642302224,-12.730731773775155,2.351843379826846,Inf
-4.434854658390623,-10.07066578087282,-0.2685111549244823,Inf
-6.544745029604835,-9.070448502216495,1.8950328270693646,Inf
-3.6085102122533,-2.1938127992980654,7.482631981243301,Inf
-8.7391683821743,-6.564701358522571,2.7421007211345128,Inf
-5.365877944080415,2.3502674023955095,5.684715307866632,Inf
-17.62517269061636,-13.401082811031184,8.903919241776421,Inf
-15.186969455468349,-5.24585265979419,10.135873785705751,Inf
-13.939519012839936,-19.70006661377272,14.845500268400961,Inf
-12.006782642274443,-15.013154891582223,16.92007952832418,Inf
-15.228803785088738,-14.481782834553911,9.495045712555719,Inf
-13.34682913117983,-10.214779110064223,7.134921011809084,Inf
-15.186969455468349,-5.24585265979419,10.135873785705751,Inf
-9.648660726679053,-1.743895630110952,9.870972353621834,Inf
-19.104209614768024,-13.209855702520432,7.7638298840867925,Inf
-15.186969455468349,-5.24585265979419,10.135873785705751,Inf
-16.130133397454642,-8.680545828680346,6.397484130521633,Inf
-11.871944976337101,-3.616756768212575,4.421596271121864,Inf
-18.15139862169748,-1.0746024420328482,11.047755850478175,Inf
-11.531717882223198,2.811941276002159,10.200286697412146,Inf
-18.678430407121667,-10.287238212106287,14.112108180676529,Inf
-15.186969455468349,-5.24585265979419,10.135873785705751,Inf
-16.830981249396075,-2.3170515515511596,11.492363512436931,Inf
-11.531717882223198,2.811941276002159,10.200286697412146,Inf
-16.236427987154755,-1.7522640226538755,10.77788681195716,Inf
-10.613222671229652,4.482436487683856,7.3705981028219725,Inf
-11.562804601390413,-9.704969382130955,14.23364280747652,Inf
-9.648660726679053,-1.743895630110952,9.870972353621834,Inf
-13.34682913117983,-10.214779110064223,7.134921011809084,Inf
-10.447472780987193,-5.2314269626430665,8.265616996717817,Inf
-13.309359334056774,-1.9217393055221947,8.225092765821806,Inf
-5.365877944080415,2.3502674023955095,5.684715307866632,Inf
-11.904854109651923,-2.6223556683806315,11.516837034998275,Inf
-9.648660726679053,-1.743895630110952,9.870972353621834,Inf
-7.0,-11.0,6.0,Inf
-3.6085102122533,-2.1938127992980654,7.482631981243301,Inf
-9.189570270378038,-0.1666679539766669,5.942890476023052,Inf
-3.5043871751274764,5.032846466870993,5.985094756675686,14.110520680116887
-8.499167189115413,-3.5691385414332366,13.517624635069758,Inf
-6.894136006133795,0.13165395503560262,9.010927376556719,Inf
-10.103196167498156,-6.905990279721328,11.906579044610723,Inf
-6.894136006133795,0.13165395503560262,9.010927376556719,Inf
-10.447472780987193,-5.2314269626430665,8.265616996717817,Inf
-5.365877944080415,2.3502674023955095,5.684715307866632,Inf
-9.360666619551665,-6.245545086927988,11.567881240427987,Inf
-6.894136006133795,0.13165395503560262,9.010927376556719,Inf
-9.648660726679053,-1.743895630110952,9.870972353621834,Inf
-3.5043871751274764,5.032846466870993,5.985094756675686,14.110520680116887
-9.079987964774698,-3.4957435595468134,9.062745728015635,Inf
-6.894136006133795,0.13165395503560262,9.010927376556719,Inf
-5.643129152810555,-3.5500834500673584,8.786733710673609,Inf
-2.528167408577886,1.8491183236103303,6.161932636954177,16.127954451343797
-7.479678562366843,-10.438288494291452,7.906729409233158,Inf
-3.6085102122533,-2.1938127992980654,7.482631981243301,Inf
-7.393571768094613,-10.990682345896019,9.315542183091665,Inf
-3.6085102122533,-2.1938127992980654,7.482631981243301,Inf
-6.894136006133795,0.13165395503560262,9.010927376556719,Inf
-3.5043871751274764,5.032846466870993,5.985094756675686,14.110520680116887
-10.191937580463337,1.1199462376695806,0.0007725976058097217,Inf
-5.697208508287126,9.635313155800738,-0.14450898524103195,13.906880592313865
-17.08520941714773,3.0725324397758946,-8.574968898911361,Inf
-11.797919239045864,5.830898177782451,-7.331601858451364,Inf
-14.743838004152359,1.1447054792040419,-4.687840410070345,Inf
-7.796936929990972,5.6664577550081745,-5.743999981985137,Inf
-17.255825777455556,1.823392802251842,-19.446312116229052,Inf
-12.400041697581994,4.974745606413109,-14.984313036644634,Inf
-4.6199554863185455,2.062317607505655,-11.920881182688472,Inf
-2.0967781393167755,7.181124220031371,-10.442217007559105,15.096746069943073
-6.105348979535359,1.2369634322693912,-14.912682539598174,Inf
-2.0967781393167755,7.181124220031371,-10.442217007559105,15.096746069943073
-5.365877944080415,2.3502674023955095,5.684715307866632,Inf
-3.5043871751274764,5.032846466870993,5.985094756675686,14.110520680116887
-8.492263501280473,0.8820842458886702,14.80942470715678,Inf
-7.8495662857657855,3.1885616451191368,10.57040000835211,Inf
-13.598137666699879,0.7532963319106685,4.732333316536064,Inf
-10.398874236444904,4.674475295316842,6.788062328811968,Inf
-17.860803511477368,1.340284981324615,6.097456449330146,Inf
-10.398874236444904,4.674475295316842,6.788062328811968,Inf
-19.672100724502542,1.907279578388259,6.193485259944389,Inf
-10.398874236444904,4.674475295316842,6.788062328811968,Inf
-11.531717882223198,2.811941276002159,10.200286697412146,Inf
-7.817986708475448,6.019437771010594,7.945960841676801,Inf
-13.861274490073638,1.767711069391229,15.860529402701829,Inf
-7.8495662857657855,3.1885616451191368,10.57040000835211,Inf
-1.0409190712201521,-3.1637913247982468,-7.815175808448922,Inf
5.468475844772939,-2.810665958518655,-0.5357583836753648,15.212920843761772
-2.036021317559225,-4.485817963912728,13.641408699919573,Inf
1.126147962912576,3.518103116262399,8.851148244352238,14.896409743668114
-1.1857167157642152,-9.139647436928424,-1.5041848907836481,Inf
5.468475844772939,-2.810665958518655,-0.5357583836753648,15.212920843761772
-1.96899081733374,-16.549218271337995,0.37156930935638144,Inf
-1.1857167157642152,-9.139647436928424,-1.5041848907836481,Inf
-2.4215717870931215,-11.02718289049748,7.04246290920193,Inf
-3.6085102122533,-2.1938127992980654,7.482631981243301,Inf
-1.4112284309364576,-4.346606459509417,6.308223468463396,Inf
-0.6459868362134458,4.6538616599059,5.943456036995531,12.743147083972644
-2.3152111171835514,-7.363817536697992,-4.741907747668579,Inf
5.468475844772939,-2.810665958518655,-0.5357583836753648,15.212920843761772
-1.2595684753278107,-7.602999124817451,6.930233315063834,Inf
-1.4112284309364576,-4.346606459509417,6.308223468463396,Inf
-4.274507065695072,-6.898775352819548,15.528399317916609,Inf
-3.6085102122533,-2.1938127992980654,7.482631981243301,Inf
-1.4970227779799217,-6.816018393190344,14.724011542556767,Inf
-2.036021317559225,-4.485817963912728,13.641408699919573,Inf
4.790863208729412,-15.426843233362542,5.6424909824100595,Inf
5.286248759648426,-5.807864002797762,7.117118435663183,Inf
4.526309305893559,-15.705037470587646,2.1966428231089736,Inf
6.977696650745344,-11.496466432786656,1.2813337533522606,Inf
-0.40290827300488274,-17.29915727317816,-2.7241427381028416,Inf
4.03792745024294,-9.09705904285004,-2.8782977468106807,Inf
1.258824490995032,-15.823754962593695,-3.204821765241981,Inf
3.093048138680601,-6.470993599307837,-1.7501814119480414,Inf
2.4533072130717137,-16.813160534769843,7.836931031648202,Inf
3.2636489926591565,-12.135937038162705,6.7286081915040725,Inf
5.589673395738053,-16.26551298719231,-3.4857859104286177,Inf
4.730964645804754,-13.572628993079627,-3.017516217028202,Inf
6.748826807745438,-16.23149405771782,2.297100127745768,Inf
6.977696650745344,-11.496466432786656,1.2813337533522606,Inf
5.543258690725395,-12.334688151869724,13.308270220297018,Inf
5.286248759648426,-5.807864002797762,7.117118435663183,Inf
3.913754312457634,-5.63917887793389,-9.32192402787913,Inf
5.468475844772939,-2.810665958518655,-0.5357583836753648,15.212920843761772
3.0387939944122095,-7.755598400047603,15.251941450851248,Inf
4.83379678017797,-0.49716911015211807,14.430851353959682,20.41315884552594
2.911831639304239,-12.754346076922367,-3.8117348125457866,Inf
3.093048138680601,-6.470993599307837,-1.7501814119480414,Inf
-0.10332261886084382,-15.014896023989568,2.1053374025312905,Inf
3.093048138680601,-6.470993599307837,-1.7501814119480414,Inf
1.4992687706136536,-14.975969871497554,1.7024080224939837,Inf
3.093048138680601,-6.470993599307837,-1.7501814119480414,Inf
1.9438695739202956,-12.11767901265497,-11.458941794164774,Inf
5.906782777161048,-4.350600599046981,-6.598291525093742,Inf
-0.9058795154113923,-7.641082976945652,7.304501354862552,Inf
-0.7060316605311634,-2.8992592736404887,7.4562800310344635,20.446515026284885
-0.7004105384310861,-5.936894507327182,-6.295251070156267,Inf
5.468475844772939,-2.810665958518655,-0.5357583836753648,15.212920843761772
-0.3068333846971356,-9.635738000738598,6.555362136995129,Inf
-1.4112284309364576,-4.346606459509417,6.308223468463396,Inf
-0.6574057413508605,-8.253206279438974,-3.9313557953706564,Inf
5.468475844772939,-2.810665958518655,-0.5357583836753648,15.212920843761772
-0.042481996132277544,-8.01737708479572,5.581799812386869,Inf
5.24663671982216,-1.0881231569528467,2.686433166879098,14.586480912449128
2.780153656506002,-5.677817963014125,9.207688467784799,Inf
5.24663671982216,-1.0881231569528467,2.686433166879098,14.586480912449128
3.093048138680601,-6.470993599307837,-1.7501814119480414,Inf
5.468475844772939,-2.810665958518655,-0.5357583836753648,15.212920843761772
5.157100067943414,-9.685905328615823,13.32003107833222,Inf
5.286248759648426,-5.807864002797762,7.117118435663183,Inf
3.3054142776677864,-8.348458713069125,-4.693219887429549,Inf
5.468475844772939,-2.810665958518655,-0.5357583836753648,15.212920843761772
3.2636489926591565,-12.135937038162705,6.7286081915040725,Inf
5.286248759648426,-5.807864002797762,7.117118435663183,Inf
4.03792745024294,-9.09705904285004,-2.8782977468106807,Inf
5.468475844772939,-2.810665958518655,-0.5357583836753648,15.212920843761772
5.310414274313171,-9.797429225621368,-3.726079678719092,Inf
5.468475844772939,-2.810665958518655,-0.5357583836753648,15.212920843761772
3.748679963017665,-15.235667268942041,8.260506047146503,Inf
5.286248759648426,-5.807864002797762,7.117118435663183,Inf
4.730964645804754,-13.572628993079627,-3.017516217028202,Inf
4.03792745024294,-9.09705904285004,-2.8782977468106807,Inf
5.286248759648426,-5.807864002797762,7.117118435663183,Inf
5.24663671982216,-1.0881231569528467,2.686433166879098,14.586480912449128
5.289144889680895,-6.359432970377563,-8.984030344311638,Inf
5.468475844772939,-2.810665958518655,-0.5357583836753648,15.212920843761772
2.5645802514553324,-5.410917766988872,8.545989073376433,Inf
5.24663671982216,-1.0881231569528467,2.686433166879098,14.586480912449128
6.897932137536902,-9.654745212576108,6.589875720632996,Inf
5.24663671982216,-1.0881231569528467,2.686433166879098,14.586480912449128
6.977696650745344,-11.496466432786656,1.2813337533522606,Inf
5.752868211407041,-2.220356846783904,0.08718963339206454,14.6443087781999
5.906782777161048,-4.350600599046981,-6.598291525093742,Inf
8.286185757862292,1.2369763701974357,-0.26377409904361215,11.030521876777442
2.86959980670985,-6.197711375940287,15.733238509607943,Inf
4.83379678017797,-0.49716911015211807,14.430851353959682,20.41315884552594
4.131230339350758,-6.359118405081707,16.32536472043381,Inf
4.83379678017797,-0.49716911015211807,14.430851353959682,20.41315884552594
4.412298464286295,-5.129263812408755,16.54016662434863,Inf
4.83379678017797,-0.49716911015211807,14.430851353959682,20.41315884552594
5.752868211407041,-2.220356846783904,0.08718963339206454,14.6443087781999
7.564515771666109,5.44237585604246,-1.1257447272047898,6.6774556277600245
-0.6396573420620939,-1.3388494038789815,-9.220919401360828,Inf
0.3643210256594216,8.50816678444719,-9.926594908440718,12.864734262102846
-3.716088024899314,-0.36123486332023447,-18.475493239212774,Inf
-1.8855544950985674,4.366557843247271,-14.208832142040064,Inf
-3.5012325896307743,-2.475004516872474,-4.010425365273678,Inf
5.468475844772939,-2.810665958518655,-0.5357583836753648,15.212920843761772
5.468475844772939,-2.810665958518655,-0.5357583836753648,15.212920843761772
7.564515771666109,5.44237585604246,-1.1257447272047898,6.6774556277600245
3.1488923179264745,-2.3479124367443305,-5.581442434782753,Inf
4.392149207344474,7.424528715057885,-5.48268079799846,7.6023425316691
4.269943380867538,0.34196520368732664,-6.961044273621537,14.83858456207956
4.392149207344474,7.424528715057885,-5.48268079799846,7.6023425316691
-2.528167408577886,1.8491183236103303,6.161932636954177,16.127954451343797
-0.6459868362134458,4.6538616599059,5.943456036995531,12.743147083972644
-3.6085102122533,-2.1938127992980654,7.482631981243301,Inf
-0.6459868362134458,4.6538616599059,5.943456036995531,12.743147083972644
2.532698965461435,-0.15903410442410504,8.317115404196347,18.432649500077112
2.299707092819496,1.1558614166661663,6.73517011693648,15.92255221008506
5.24663671982216,-1.0881231569528467,2.686433166879098,14.586480912449128
7.564515771666109,5.44237585604246,-1.1257447272047898,6.6774556277600245
5.5874545537935205,-0.4035728976989432,1.2836719522983486,13.302346315617028
7.564515771666109,5.44237585604246,-1.1257447272047898,6.6774556277600245
4.83379678017797,-0.49716911015211807,14.430851353959682,20.41315884552594
8.673733190083848,6.560521093826619,9.197288397976866,10.82429635502719
1.0945039459768147,-2.654914198600437,8.59808099645629,20.71149361183941
2.299707092819496,1.1558614166661663,6.73517011693648,15.92255221008506
-0.7060316605311634,-2.8992592736404887,7.4562800310344635,20.446515026284885
-0.6459868362134458,4.6538616599059,5.943456036995531,12.743147083972644
0.5412698341651279,-2.521436515376479,9.50437956833305,20.840965228485544
-0.6459868362134458,4.6538616599059,5.943456036995531,12.743147083972644
0.3538512406466836,-1.2098427892108532,13.834711427908516,Inf
1.126147962912576,3.518103116262399,8.851148244352238,14.896409743668114
5.20213280884688,-2.4507202396479855,8.474374960057762,Inf
8.305465958704453,1.116892130679858,5.026527335499502,14.234523059745836
1.7242442668069273,2.794074277085503,2.0272351644683724,11.884063989790947
4.793285661975901,11.722135088613818,-0.018108233437075683,2.2242133411026472
-1.5670745742598342,2.254491041525746,10.353668172868158,17.84759152670327
-0.6459868362134458,4.6538616599059,5.943456036995531,12.743147083972644
2.299707092819496,1.1558614166661663,6.73517011693648,15.92255221008506
6.200418109870583,9.017681738381185,6.439242287399072,7.14124601511784
4.726813752742842,-2.7472563836456416,17.70339271972737,Inf
4.83379678017797,-0.49716911015211807,14.430851353959682,20.41315884552594
-17.605386109498937,-2.4884308610201273,18.687036636480833,Inf
-13.861274490073638,1.767711069391229,15.860529402701829,Inf
-16.521099931712175,-4.539786848793925,17.965740037159748,Inf
-13.861274490073638,1.767711069391229,15.860529402701829,Inf
-18.792597749952993,-11.329376909930424,17.084584318430018,Inf
-15.186969455468349,-5.24585265979419,10.135873785705751,Inf
4.0931410324456685,-14.126293509894365,17.450482308352306,Inf
4.131230339350758,-6.359118405081707,16.32536472043381,Inf
-8.791882933977773,-4.552937888669204,17.214264400862696,Inf
-6.894136006133795,0.13165395503560262,9.010927376556719,Inf
-15.393274285454925,-4.470141184110865,17.7230736042712,Inf
-8.492263501280473,0.8820842458886702,14.80942470715678,Inf
-0.48764646641629383,-3.8328746140392944,17.656974055621795,Inf
-1.5670745742598342,2.254491041525746,10.353668172868158,17.84759152670327
-19.417201847566687,-4.446711311974001,19.61761404272206,Inf
-13.861274490073638,1.767711069391229,15.860529402701829,Inf
-16.834660948907405,-5.481392953868012,18.275057578420622,Inf
-11.904854109651923,-2.6223556683806315,11.516837034998275,Inf
-18.896769560286486,-2.9462998992911764,18.100979306147586,Inf
-13.861274490073638,1.767711069391229,15.860529402701829,Inf
1.3009765588996558,-5.779246368230329,19.86624737844685,Inf
4.83379678017797,-0.49716911015211807,14.430851353959682,20.41315884552594
-18.909440837726983,-0.6558569856238776,18.672863934290817,Inf
-13.861274490073638,1.767711069391229,15.860529402701829,Inf
-8.290751041743354,-0.7195375427317501,17.094604710511902,Inf
-1.5670745742598342,2.254491041525746,10.353668172868158,17.84759152670327
-11.667404730159427,0.968899861506145,17.70200250321323,Inf
-7.8495662857657855,3.1885616451191368,10.57040000835211,Inf
-0.6591127913380568,-0.3654279105501068,17.413194827787805,Inf
-0.179578276868952,5.860873500873538,13.75750881670762,16.790658336498176
-11.52152488213634,0.8449658510340115,19.730711455083345,Inf
-6.257840730424737,3.9259759583681912,16.13611348597297,Inf
0.6059764146810664,0.31419746259862436,18.950457446323284,Inf
-0.179578276868952,5.860873500873538,13.75750881670762,16.790658336498176
-3.6913390276531928,9.90504088141278,13.514876268396485,18.316999977332742
3.3436720190358216,9.129732504744268,8.345016529128245,9.55230185191647
-2.3636723420476997,15.242535164742677,10.511482090122392,14.675803759164186
2.899490714270378,14.719561543286503,5.6465025558127735,7.489538203579571
-8.05213646236603,8.083827986275107,6.105018942405607,Inf
-1.1509835382834765,9.491453475134879,3.790695283118339,9.332776062792718
-7.817986708475448,6.019437771010594,7.945960841676801,Inf
-2.123873660702884,8.765505370025366,4.430054377235891,10.652327852432233
-7.796936929990972,5.6664577550081745,-5.743999981985137,Inf
-0.7844755767704399,11.64116733111884,-4.329794770923199,8.914815962649241
-15.526920495043264,5.7278265814845675,-9.679795018660187,Inf
-5.686129432338607,6.714462932675332,-9.008522831729158,Inf
-18.412817666649588,4.2552616670792105,-17.344691076604832,Inf
-10.380661109039702,5.27958675627044,-12.968506270083138,Inf
-16.853791778885103,5.285226322631928,-11.79388558490385,Inf
-15.526920495043264,5.7278265814845675,-9.679795018660187,Inf
-17.718538374511503,5.669886967609969,4.828772089159923,Inf
-9.537479164932003,8.615221086125835,3.9621219543160358,Inf
-10.613222671229652,4.482436487683856,7.3705981028219725,Inf
-2.123873660702884,8.765505370025366,4.430054377235891,10.652327852432233
-15.892602292344806,3.4543463960731025,7.418020401015575,Inf
-10.398874236444904,4.674475295316842,6.788062328811968,Inf
-11.650738695515024,3.6860828289656027,-10.727916619488758,Inf
-5.686129432338607,6.714462932675332,-9.008522831729158,Inf
-10.380661109039702,5.27958675627044,-12.968506270083138,Inf
-3.5410307834115144,7.907362294705472,-9.167756756344456,14.734432697249662
-12.400041697581994,4.974745606413109,-14.984313036644634,Inf
-10.380661109039702,5.27958675627044,-12.968506270083138,Inf
-15.26671173441052,5.6496744711213935,1.6261155960596057,Inf
-9.523143239630292,6.643901817334559,2.143086634027025,Inf
-10.398874236444904,4.674475295316842,6.788062328811968,Inf
-2.123873660702884,8.765505370025366,4.430054377235891,10.652327852432233
-14.034735150388524,5.671344961400884,-12.09408694586596,Inf
-5.686129432338607,6.714462932675332,-9.008522831729158,Inf
-11.67147303651106,6.229029374825281,-18.49593438692743,Inf
-3.8074842273045277,8.67172683892031,-14.885050208675663,Inf
-14.495455012435148,7.41097602466067,-15.381853625126354,Inf
-10.435803756373039,8.699897129616254,-13.083712171089115,Inf
-17.955254547470012,6.465470869258283,-10.68193948750955,Inf
-15.526920495043264,5.7278265814845675,-9.679795018660187,Inf
-16.408348507258452,7.957093668892057,3.742388172698739,Inf
-9.537479164932003,8.615221086125835,3.9621219543160358,Inf
-18.156003208040907,6.678805818516516,-9.867112497162784,Inf
-13.414367003206236,8.88666748413715,-7.92871099480811,Inf
-18.142157960064402,6.99256519192555,-18.336835634520234,Inf
-14.495455012435148,7.41097602466067,-15.381853625126354,Inf
-13.197229987340933,8.058592636745594,-9.266178352924381,Inf
-5.686129432338607,6.714462932675332,-9.008522831729158,Inf
-11.797919239045864,5.830898177782451,-7.331601858451364,Inf
-7.796936929990972,5.6664577550081745,-5.743999981985137,Inf
-12.140232383633744,7.39609573529707,2.9721146249179426,Inf
-9.537479164932003,8.615221086125835,3.9621219543160358,Inf
-9.523143239630292,6.643901817334559,2.143086634027025,Inf
-1.1509835382834765,9.491453475134879,3.790695283118339,9.332776062792718
-2.4002212535962713,6.177616466809354,2.1866304321046854,11.570287440704897
4.793285661975901,11.722135088613818,-0.018108233437075683,2.2242133411026472
-3.5043871751274764,5.032846466870993,5.985094756675686,14.110520680116887
2.3931966504128965,10.168690605280013,2.2622685584151547,5.449237582575238
-7.548576137559175,4.604679511026191,-17.463405378983214,Inf
-2.0967781393167755,7.181124220031371,-10.442217007559105,15.096746069943073
-7.731747367527948,3.3997451833038,1.232510278026389,Inf
-1.1509835382834765,9.491453475134879,3.790695283118339,9.332776062792718
-3.4748397780536706,5.20601636994148,-16.51994900919549,Inf
0.3643210256594216,8.50816678444719,-9.926594908440718,12.864734262102846
-5.889061308732142,4.7312460277696005,-9.225282999325088,Inf
-3.5410307834115144,7.907362294705472,-9.167756756344456,14.734432697249662
-6.967341866547683,3.7701877246096416,-14.270443157359614,Inf
-3.5410307834115144,7.907362294705472,-9.167756756344456,14.734432697249662
-4.9349151760537335,3.457977670058419,-16.42681624713947,Inf
0.3643210256594216,8.50816678444719,-9.926594908440718,12.864734262102846
-5.854418491053455,4.716015751651117,-0.7649815488276879,Inf
-1.1509835382834765,9.491453475134879,3.790695283118339,9.332776062792718
-6.33761324446561,4.7397912021608875,-4.793220645365661,Inf
1.4161438082877353,11.016748485465257,-4.86875066579767,7.473350423756638
-6.765636537175004,5.24365397995016,-5.0801166870545345,Inf
-0.7844755767704399,11.64116733111884,-4.329794770923199,8.914815962649241
-3.5410307834115144,7.907362294705472,-9.167756756344456,14.734432697249662
1.4161438082877353,11.016748485465257,-4.86875066579767,7.473350423756638
-5.686129432338607,6.714462932675332,-9.008522831729158,Inf
1.4161438082877353,11.016748485465257,-4.86875066579767,7.473350423756638
-17.86810069956882,4.894414402355185,8.055092085055115,Inf
-10.398874236444904,4.674475295316842,6.788062328811968,Inf
-5.879965292549167,6.810297565689236,13.426831489880527,19.89577431191588
-2.325968219577259,8.49066545385795,6.893388733405821,12.270788693148244
-12.370041211645209,3.5984282846445126,8.644140780608247,Inf
-10.613222671229652,4.482436487683856,7.3705981028219725,Inf
-16.16790130811827,4.741850762505877,8.4530067009388,Inf
-8.05213646236603,8.083827986275107,6.105018942405607,Inf
-14.238254672570871,4.023809122742399,13.253657047755198,Inf
-7.817986708475448,6.019437771010594,7.945960841676801,Inf
-11.232736713289624,6.940455346150127,8.858167455175156,Inf
-8.05213646236603,8.083827986275107,6.105018942405607,Inf
-7.414128937585476,7.960129054671832,10.836943215901567,18.719994166085957
-3.5962148496673763,8.575561512843166,8.252951756946292,14.068947299707581
-16.747343133008556,19.30695367375482,1.5128296662421263,26.56224259187347
-8.29616504043309,18.406466945036463,2.1153527801530103,18.041895086998903
-5.34454254580953,13.039420857713907,-1.48142252682117,14.470223069939195
-0.7844755767704399,11.64116733111884,-4.329794770923199,8.914815962649241
-17.602694623586295,16.15796188017736,-13.906700205518066,57.55724353194477
-10.434114588394898,15.705489122520376,-13.150965206989937,23.095681210574853
-10.370779226388,13.429451991488541,1.1093922148171913,Inf
-7.066261235629776,11.566252560585298,3.1019753395287424,15.02534032272937
-6.836370196585113,14.926373089618522,-15.417894670117338,21.475994742906362
-2.091075822257153,12.294277498696566,-8.468664153680647,12.659104663668993
-13.350981832168332,10.280029851692525,-13.347190738829182,26.253763112033475
-11.142972259163031,10.786992678113343,-10.970404343591813,22.170542021536974
-11.230974973087164,9.826678604036374,-19.38061992660569,28.453447842642557
-4.01807230327992,12.611631998653401,-13.51529187297933,18.070433581200323
-13.414367003206236,8.88666748413715,-7.92871099480811,Inf
-9.949710918602612,12.569927446964932,-5.882075143393841,18.25685581370498
-15.826401391957816,9.83799556663297,-1.7489257891206762,Inf
-6.952307929063499,10.021202629964545,-2.8044225201762885,15.47173612857528
-14.198612797375816,9.62619640543452,-19.232227165577783,Inf
-10.435803756373039,8.699897129616254,-13.083712171089115,Inf
-19.31077222761982,8.806385756743317,-19.21091062354926,Inf
-14.495455012435148,7.41097602466067,-15.381853625126354,Inf
-14.593101046936043,10.140914731574373,-16.84018319890665,28.488555239439926
-10.435803756373039,8.699897129616254,-13.083712171089115,Inf
-11.040432758304917,8.300686606415447,-4.645430122009087,Inf
-6.952307929063499,10.021202629964545,-2.8044225201762885,15.47173612857528
-13.272442611496027,9.979849610514488,-9.313132568056108,24.685146941393306
-9.949710918602612,12.569927446964932,-5.882075143393841,18.25685581370498
-10.435803756373039,8.699897129616254,-13.083712171089115,Inf
-3.5410307834115144,7.907362294705472,-9.167756756344456,14.734432697249662
-6.952307929063499,10.021202629964545,-2.8044225201762885,15.47173612857528
-0.7844755767704399,11.64116733111884,-4.329794770923199,8.914815962649241
-11.100478540800616,8.789544602139667,-0.0740245003005029,Inf
-5.697208508287126,9.635313155800738,-0.14450898524103195,13.906880592313865
-12.801520374253235,9.302206427579442,-4.1168965345225494,Inf
-6.952307929063499,10.021202629964545,-2.8044225201762885,15.47173612857528
-9.878537633820024,11.864207643996068,-19.338960930577827,27.876763169889465
-4.01807230327992,12.611631998653401,-13.51529187297933,18.070433581200323
-7.364430478811155,14.679285761064989,-12.698245239859993,19.82749987528585
-2.091075822257153,12.294277498696566,-8.468664153680647,12.659104663668993
-16.87262536923197,13.27343526438522,-9.483247801194388,26.09204006496509
-9.949710918602612,12.569927446964932,-5.882075143393841,18.25685581370498
-19.53467938073765,12.915860863496,-2.796660563035765,29.285273214233477
-11.100478540800616,8.789544602139667,-0.0740245003005029,Inf
-9.949710918602612,12.569927446964932,-5.882075143393841,18.25685581370498
-0.7844755767704399,11.64116733111884,-4.329794770923199,8.914815962649241
-13.95641103390533,11.397930677138667,-18.778177097034387,Inf
-7.364430478811155,14.679285761064989,-12.698245239859993,19.82749987528585
-11.142972259163031,10.786992678113343,-10.970404343591813,22.170542021536974
-2.091075822257153,12.294277498696566,-8.468664153680647,12.659104663668993
-9.81328677201403,13.13312939645651,-15.010192269954006,23.53325158290728
-7.364430478811155,14.679285761064989,-12.698245239859993,19.82749987528585
-15.678436660425952,12.221814475030442,-0.16774268701114536,Inf
-7.066261235629776,11.566252560585298,3.1019753395287424,15.02534032272937
-14.856559206062974,15.988077493253314,-0.5411444077448309,25.521491096024775
-11.020274988760583,14.210331360095907,1.9017530404849197,19.705716811028672
-10.437152403905863,15.949819065558373,-7.099298760305661,21.38363730818118
-3.3559850762617245,13.517819135274458,-4.9353326190703495,11.909985918403546
-19.521148540882134,14.535467913599717,-11.809238353001712,Inf
-16.87262536923197,13.27343526438522,-9.483247801194388,26.09204006496509
-11.427468242608345,13.45818447329242,-14.480722571646822,24.429302746267588
-7.364430478811155,14.679285761064989,-12.698245239859993,19.82749987528585
-11.766633895618117,16.13496326243161,-7.757591453907207,Inf
-3.3559850762617245,13.517819135274458,-4.9353326190703495,11.909985918403546
-10.434114588394898,15.705489122520376,-13.150965206989937,23.095681210574853
-7.364430478811155,14.679285761064989,-12.698245239859993,19.82749987528585
-17.532036783591785,14.842103535966736,-0.43254476003435016,26.65201971086949
-11.020274988760583,14.210331360095907,1.9017530404849197,19.705716811028672
-7.202351040724535,11.343362218038983,-3.1229054518699755,Inf
-0.7844755767704399,11.64116733111884,-4.329794770923199,8.914815962649241
-5.602807998192878,14.667696110247945,-11.876476949099812,18.09772276294599
-2.091075822257153,12.294277498696566,-8.468664153680647,12.659104663668993
-5.697208508287126,9.635313155800738,-0.14450898524103195,13.906880592313865
2.3931966504128965,10.168690605280013,2.2622685584151547,5.449237582575238
-6.40208867046546,14.589368945709111,-18.11640528843582,23.617074198064866
-4.01807230327992,12.611631998653401,-13.51529187297933,18.070433581200323
-17.601415417191273,16.275223671300402,-0.6550869016010452,27.981976499957298
-11.020274988760583,14.210331360095907,1.9017530404849197,19.705716811028672
-14.14670181269571,17.86607955346583,-18.46706060337958,39.265914119341375
-7.364430478811155,14.679285761064989,-12.698245239859993,19.82749987528585
-18.03737376417029,18.482789424072593,-13.568082973728126,33.193625683289184
-8.8278653067057,16.647250108227986,-11.060232009927713,21.088157223158717
-19.908798516014585,18.352884089993324,-11.656102213684871,Inf
-17.45975717663674,17.00334299398874,-9.326879701589332,27.633563479755427
-17.33646719218708,17.322281679648704,-12.843672613368584,Inf
-15.751145949221925,17.30795997664196,-11.947539126117261,27.89508459250504
-15.751145949221925,17.30795997664196,-11.947539126117261,27.89508459250504
-9.949710918602612,12.569927446964932,-5.882075143393841,18.25685581370498
-17.45975717663674,17.00334299398874,-9.326879701589332,27.633563479755427
-9.949710918602612,12.569927446964932,-5.882075143393841,18.25685581370498
-19.368622474951394,19.893484953911447,-2.4493984220434157,30.392346509802003
-16.254244266998708,18.578978637298775,-0.5990750225647545,26.451942860729417
-6.591712305582318,18.77180045320607,-15.682428694547221,23.386821283334605
-4.362227061075616,18.84151456465723,-10.242719202738435,17.428565067807206
-5.466594548374246,16.437709602916485,-13.153367815612178,19.766045262320578
-2.091075822257153,12.294277498696566,-8.468664153680647,12.659104663668993
-12.05220206315416,16.50529143952351,-13.347696154530322,24.900101343497465
-7.364430478811155,14.679285761064989,-12.698245239859993,19.82749987528585
-12.81979611373198,16.893404665666445,-19.564293368198644,Inf
-7.364430478811155,14.679285761064989,-12.698245239859993,19.82749987528585
-13.719555559521535,18.417022383072194,-8.161110885614162,26.27385498522977
-9.949710918602612,12.569927446964932,-5.882075143393841,18.25685581370498
-8.8278653067057,16.647250108227986,-11.060232009927713,21.088157223158717
-3.3559850762617245,13.517819135274458,-4.9353326190703495,11.909985918403546
-12.243008306356442,16.798876403176727,-2.1248100775223193,Inf
-4.615042825783471,13.951301906729114,-3.594954937592256,13.448021979067551
-8.042022299533329,19.60861612693502,-2.63204724830139,Inf
-0.3547594840224022,18.60774567067064,0.2922194999332035,9.891419622694473
-13.83304863168429,19.65156531172604,1.113590412397567,23.80478305114074
-8.29616504043309,18.406466945036463,2.1153527801530103,18.041895086998903
-16.254244266998708,18.578978637298775,-0.5990750225647545,26.451942860729417
-8.29616504043309,18.406466945036463,2.1153527801530103,18.041895086998903
-11.708116779385866,19.389466987733854,-0.62479528685083,22.526994325810776
-8.29616504043309,18.406466945036463,2.1153527801530103,18.041895086998903
-3.8074842273045277,8.67172683892031,-14.885050208675663,Inf
0.3643210256594216,8.50816678444719,-9.926594908440718,12.864734262102846
-4.615042825783471,13.951301906729114,-3.594954937592256,13.448021979067551
-0.7844755767704399,11.64116733111884,-4.329794770923199,8.914815962649241
-4.740450369083309,19.559658675507606,-4.6447481794842815,16.563306370511533
2.113587924685085,17.089274088989043,-3.3507954623088736,7.810605863367349
-4.8129567895393865,17.65221031689481,-17.67485346283662,Inf
-5.466594548374246,16.437709602916485,-13.153367815612178,19.766045262320578
-4.01807230327992,12.611631998653401,-13.51529187297933,18.070433581200323
-2.091075822257153,12.294277498696566,-8.468664153680647,12.659104663668993
-4.362227061075616,18.84151456465723,-10.242719202738435,17.428565067807206
2.113587924685085,17.089274088989043,-3.3507954623088736,7.810605863367349
-3.3559850762617245,13.517819135274458,-4.9353326190703495,11.909985918403546
4.793285661975901,11.722135088613818,-0.018108233437075683,2.2242133411026472
-4.5532221575248055,16.02151128096051,-3.439933834351372,15.393104094850127
2.113587924685085,17.089274088989043,-3.3507954623088736,7.810605863367349
-4.918537772625449,8.862237237907415,-2.17148987224542,14.099468475194048
2.3931966504128965,10.168690605280013,2.2622685584151547,5.449237582575238
-8.29616504043309,18.406466945036463,2.1153527801530103,18.041895086998903
-0.3547594840224022,18.60774567067064,0.2922194999332035,9.891419622694473
-17.114655371723202,18.695653830876495,12.887707547787066,31.057221701126753
-7.645092147040131,18.694659422496464,10.407355022589151,20.408894786899413
-15.485541885606073,14.173475748612546,11.47584292676634,26.53606701786971
-13.05832302037989,13.828384662252844,9.386359077763782,23.314821601444976
-9.063870931146685,16.838329299112132,2.5255247778785694,19.054776483521685
-0.3547594840224022,18.60774567067064,0.2922194999332035,9.891419622694473
-10.699180668581434,10.058292686059403,6.297708217049561,Inf
-1.1509835382834765,9.491453475134879,3.790695283118339,9.332776062792718
-9.537479164932003,8.615221086125835,3.9621219543160358,Inf
-1.1509835382834765,9.491453475134879,3.790695283118339,9.332776062792718
-15.915798486031552,9.20487044973904,6.760714654505058,Inf
-8.05213646236603,8.083827986275107,6.105018942405607,Inf
-14.49656445785898,8.514720096070214,4.694828699350239,Inf
-9.537479164932003,8.615221086125835,3.9621219543160358,Inf
-13.05832302037989,13.828384662252844,9.386359077763782,23.314821601444976
-6.912577617568951,12.448281668168228,4.395261010515334,15.000183593253764
-10.06907593081702,12.473355838827054,6.951215159305654,19.4655212634472
-6.912577617568951,12.448281668168228,4.395261010515334,15.000183593253764
-17.331823500564738,15.589095855070461,4.370590796520002,26.035361410946628
-15.031904926247401,14.595744361428125,4.994444627588432,23.453585618793074
-15.031904926247401,14.595744361428125,4.994444627588432,23.453585618793074
-6.912577617568951,12.448281668168228,4.395261010515334,15.000183593253764
-11.020274988760583,14.210331360095907,1.9017530404849197,19.705716811028672
-6.251073880978204,13.084562359433662,3.7729710926296605,14.46032911820776
-17.407584700587453,13.044189364480474,6.642178817923188,26.73477522940075
-15.18139488922908,14.311400602955935,6.162238322993012,23.785797647148485
-16.172258763108385,13.378296998726654,8.10634817986804,25.74262979225647
-10.06907593081702,12.473355838827054,6.951215159305654,19.4655212634472
-15.420987950565292,10.80821567683249,6.323919126914319,Inf
-6.912577617568951,12.448281668168228,4.395261010515334,15.000183593253764
-14.673329230982297,11.008250505193999,7.529600277413351,23.492947454062186
-6.912577617568951,12.448281668168228,4.395261010515334,15.000183593253764
-15.18139488922908,14.311400602955935,6.162238322993012,23.785797647148485
-6.912577617568951,12.448281668168228,4.395261010515334,15.000183593253764
-15.019004582805096,16.520411838487803,5.569899074696643,24.047331809742303
-6.251073880978204,13.084562359433662,3.7729710926296605,14.46032911820776
-11.984534142222252,17.441523201829625,3.164311838521421,21.687094676674977
-6.251073880978204,13.084562359433662,3.7729710926296605,14.46032911820776
-15.96230021656904,18.34687047919735,3.677726952025033,25.798769726291052
-11.984534142222252,17.441523201829625,3.164311838521421,21.687094676674977
-16.901871064356637,15.68150859101764,8.710201873296974,26.812536081293086
-10.06907593081702,12.473355838827054,6.951215159305654,19.4655212634472
-12.125045959352247,14.51698519957408,9.92760370496135,23.08789457801452
-6.912577617568951,12.448281668168228,4.395261010515334,15.000183593253764
-15.836193784280566,17.72531552262572,11.16126774048368,Inf
-10.06907593081702,12.473355838827054,6.951215159305654,19.4655212634472
-8.75728625388275,9.88802496346663,9.600674089413381,18.912387937826495
-1.1509835382834765,9.491453475134879,3.790695283118339,9.332776062792718
-18.935857439997868,17.665081532676027,12.224429405965381,Inf
-13.05832302037989,13.828384662252844,9.386359077763782,23.314821601444976
-19.85821593842198,15.668208572450027,11.524282038834464,Inf
-13.05832302037989,13.828384662252844,9.386359077763782,23.314821601444976
-12.457110582457522,10.371566234962664,13.302870695665554,Inf
-8.75728625388275,9.88802496346663,9.600674089413381,18.912387937826495
-8.795412621128458,9.685064650190974,12.375073225692418,Inf
-3.5962148496673763,8.575561512843166,8.252951756946292,14.068947299707581
-10.080544349264091,19.404949539570275,5.300279592553807,21.71454140078922
-3.9601029583890046,15.78838673788762,3.6275491386978764,13.94831171758365
-10.552473016864834,19.39256741243939,3.6079840218015775,Inf
-3.9601029583890046,15.78838673788762,3.6275491386978764,13.94831171758365
-12.298767182097867,18.700679836985678,8.983082229298105,Inf
-6.251073880978204,13.084562359433662,3.7729710926296605,14.46032911820776
-7.981757165792427,17.37590685230507,4.494355175401552,18.686103513955228
-3.9601029583890046,15.78838673788762,3.6275491386978764,13.94831171758365
-6.251073880978204,13.084562359433662,3.7729710926296605,14.46032911820776
0.16122629586249815,11.186733695809572,3.5993709768673554,7.770823591296432
-7.066261235629776,11.566252560585298,3.1019753395287424,15.02534032272937
0.16122629586249815,11.186733695809572,3.5993709768673554,7.770823591296432
-3.9601029583890046,15.78838673788762,3.6275491386978764,13.94831171758365
3.528460634331534,15.633206188039551,2.684899826192968,5.697408169412276
-3.127015257663281,9.273203469609605,12.924336823500525,17.48076652731516
3.3436720190358216,9.129732504744268,8.345016529128245,9.55230185191647
-3.212427954042923,11.053751856500355,12.78628270938281,17.322053605567085
-1.4370406138989722,12.026775595516533,11.490019810759058,14.91808336727775
-3.5962148496673763,8.575561512843166,8.252951756946292,14.068947299707581
2.3931966504128965,10.168690605280013,2.2622685584151547,5.449237582575238
-4.54354769559294,8.378708195649693,10.181406569977014,16.226522029667326
-3.5962148496673763,8.575561512843166,8.252951756946292,14.068947299707581
-5.86267187186869,13.192289427085548,10.766740076813484,17.3458318284371
0.16122629586249815,11.186733695809572,3.5993709768673554,7.770823591296432
-5.741123400255583,13.784798589525202,9.805620763948042,16.720974961349448
0.16122629586249815,11.186733695809572,3.5993709768673554,7.770823591296432
-6.912577617568951,12.448281668168228,4.395261010515334,15.000183593253764
0.16122629586249815,11.186733695809572,3.5993709768673554,7.770823591296432
-2.4385000919418403,11.858783865545508,11.835790059396444,15.990789931228635
-1.4370406138989722,12.026775595516533,11.490019810759058,14.91808336727775
-7.645092147040131,18.694659422496464,10.407355022589151,20.408894786899413
-1.4151797955095162,14.756266258993406,8.881026710976421,12.882114151533992
4.051623208546651,8.40272202140211,12.335957298177,13.67023183574022
6.200418109870583,9.017681738381185,6.439242287399072,7.14124601511784
6.350182301781835,4.156072358329823,-16.872746833531327,Inf
-1.8855544950985674,4.366557843247271,-14.208832142040064,Inf
4.973370468171954,6.7281521052319775,-17.41087621350446,Inf
2.9926024930369977,9.124211847094106,-9.819926440615392,11.231799205241431
0.6879764373350312,4.92029061422576,-17.143715896698133,Inf
2.9926024930369977,9.124211847094106,-9.819926440615392,11.231799205241431
6.911061546838361,3.574663032764107,-3.2493644565839546,Inf
2.9926024930369977,9.124211847094106,-9.819926440615392,11.231799205241431
-1.8855544950985674,4.366557843247271,-14.208832142040064,Inf
0.3643210256594216,8.50816678444719,-9.926594908440718,12.864734262102846
-0.406324515777321,4.051748336748062,-9.198496339331426,14.545560999282927
4.392149207344474,7.424528715057885,-5.48268079799846,7.6023425316691
1.126147962912576,3.518103116262399,8.851148244352238,14.896409743668114
2.3931966504128965,10.168690605280013,2.2622685584151547,5.449237582575238
4.621099215290112,7.909144748978541,-0.5533423320049096,13.73187872764757
11.791633600025293,7.879739599567628,-1.5109184335548242,6.497628247069714
-2.0967781393167755,7.181124220031371,-10.442217007559105,15.096746069943073
1.4161438082877353,11.016748485465257,-4.86875066579767,7.473350423756638
5.763844344733187,5.667143856094317,-6.349661207722814,Inf
13.124578777859355,2.3774334606298524,-9.262503986683619,15.08094630192593
4.439487725233889,8.156903473680774,-12.270332415918048,13.419319305792918
5.730162139420472,12.065763099538216,-3.6832802346682847,3.8965839224274537
-2.068451844005672,6.0878528222661465,-15.42269631748268,Inf
0.3643210256594216,8.50816678444719,-9.926594908440718,12.864734262102846
3.3682875241967913,7.614375747292765,-13.28046834175785,15.026017773071112
2.9926024930369977,9.124211847094106,-9.819926440615392,11.231799205241431
4.392149207344474,7.424528715057885,-5.48268079799846,7.6023425316691
7.0,12.0,0.0,0.0
0.39420963292238653,7.857842880181522,10.13147975189134,13.227690597403596
3.3436720190358216,9.129732504744268,8.345016529128245,9.55230185191647
-0.6459868362134458,4.6538616599059,5.943456036995531,12.743147083972644
2.3931966504128965,10.168690605280013,2.2622685584151547,5.449237582575238
-1.1723208139705221,8.0342650314443,12.240447339921332,15.616015355578972
3.3436720190358216,9.129732504744268,8.345016529128245,9.55230185191647
6.845224491074376,8.311088815422796,8.12654364413899,8.925958367926539
7.0,12.0,0.0,0.0
6.172431962674825,11.793121679237359,-15.021942396824528,15.406050989691096
7.960679356312266,12.527074147880143,-9.345250641448661,9.409273167174218
-0.4165674473574299,14.323557144835178,-15.376082990481805,19.1501749022212
2.9516189342525863,10.245754138869927,-12.059512328299204,12.907355201639357
-1.8221573927445789,15.837196179307085,-17.63389459988657,23.433415953772567
2.9516189342525863,10.245754138869927,-12.059512328299204,12.907355201639357
4.830111882805728,18.27392998129028,-16.661190946853786,18.676538635258602
7.973112495767857,16.750487646602856,-8.259414665558893,9.577682988468307
5.493457636142196,8.679759677184798,-17.31570362617294,Inf
7.960679356312266,12.527074147880143,-9.345250641448661,9.409273167174218
2.300498801293081,16.275137775095068,-19.402504448840816,Inf
3.8046139207549174,17.08844807852288,-13.763329103860604,16.490256443237126
6.806588857018923,11.895501958039752,-16.266282570317976,Inf
7.960679356312266,12.527074147880143,-9.345250641448661,9.409273167174218
4.793285661975901,11.722135088613818,-0.018108233437075683,2.2242133411026472
7.0,12.0,0.0,0.0
-0.12959049182242666,16.15938131790125,10.59841832616015,13.470331105285108
2.899490714270378,14.719561543286503,5.6465025558127735,7.489538203579571
0.3643210256594216,8.50816678444719,-9.926594908440718,12.864734262102846
5.730162139420472,12.065763099538216,-3.6832802346682847,3.8965839224274537
2.9516189342525863,10.245754138869927,-12.059512328299204,12.907355201639357
5.730162139420472,12.065763099538216,-3.6832802346682847,3.8965839224274537
2.899490714270378,14.719561543286503,5.6465025558127735,7.489538203579571
7.0,12.0,0.0,0.0
0.16122629586249815,11.186733695809572,3.5993709768673554,7.770823591296432
7.0,12.0,0.0,0.0
-2.325968219577259,8.49066545385795,6.893388733405821,12.270788693148244
2.3931966504128965,10.168690605280013,2.2622685584151547,5.449237582575238
1.4161438082877353,11.016748485465257,-4.86875066579767,7.473350423756638
7.0,12.0,0.0,0.0
-2.123873660702884,8.765505370025366,4.430054377235891,10.652327852432233
2.3931966504128965,10.168690605280013,2.2622685584151547,5.449237582575238
-1.1509835382834765,9.491453475134879,3.790695283118339,9.332776062792718
7.0,12.0,0.0,0.0
2.3931966504128965,10.168690605280013,2.2622685584151547,5.449237582575238
7.0,12.0,0.0,0.0
1.8128951225635603,9.433079800894618,10.648688968609854,12.334783513541955
3.3436720190358216,9.129732504744268,8.345016529128245,9.55230185191647
-2.091075822257153,12.294277498696566,-8.468664153680647,12.659104663668993
1.4161438082877353,11.016748485465257,-4.86875066579767,7.473350423756638
-1.4151797955095162,14.756266258993406,8.881026710976421,12.882114151533992
2.899490714270378,14.719561543286503,5.6465025558127735,7.489538203579571
-2.3158171175221582,12.91939005315772,11.432269510611881,15.484233471660424
2.899490714270378,14.719561543286503,5.6465025558127735,7.489538203579571
-1.4370406138989722,12.026775595516533,11.490019810759058,14.91808336727775
5.90913789699842,12.554755153496231,4.848872163917104,5.000929380635743
-0.7844755767704399,11.64116733111884,-4.329794770923199,8.914815962649241
7.0,12.0,0.0,0.0
3.3436720190358216,9.129732504744268,8.345016529128245,9.55230185191647
7.0,12.0,0.0,0.0
2.9926024930369977,9.124211847094106,-9.819926440615392,11.231799205241431
5.730162139420472,12.065763099538216,-3.6832802346682847,3.8965839224274537
4.369841137009409,8.670915047823556,2.415835234556205,4.8822947620866595
7.0,12.0,0.0,0.0
3.528460634331534,15.633206188039551,2.684899826192968,5.697408169412276
7.0,12.0,0.0,0.0
3.549762789762248,18.342003439842863,3.8998323561394166,8.20571976391345
7.0,12.0,0.0,0.0
3.8046139207549174,17.08844807852288,-13.763329103860604,16.490256443237126
7.973112495767857,16.750487646602856,-8.259414665558893,9.577682988468307
-0.3547594840224022,18.60774567067064,0.2922194999332035,9.891419622694473
7.0,12.0,0.0,0.0
1.8802967607025138,18.027622462669527,0.8299291841809797,7.951878788167406
7.0,12.0,0.0,0.0
-1.4583784498301888,18.59473269889989,-6.035606403690306,12.525853385797529
2.113587924685085,17.089274088989043,-3.3507954623088736,7.810605863367349
2.113587924685085,17.089274088989043,-3.3507954623088736,7.810605863367349
7.0,12.0,0.0,0.0
2.4111937888369184,18.69219376587789,-14.601894431136175,18.234022395682864
7.973112495767857,16.750487646602856,-8.259414665558893,9.577682988468307
-0.0670633073748732,19.176802628538667,1.0130039440210048,10.220433979486293
1.8802967607025138,18.027622462669527,0.8299291841809797,7.951878788167406
-1.190591528850522,19.9444130516155,-4.722867470582983,12.932382870718435
2.113587924685085,17.089274088989043,-3.3507954623088736,7.810605863367349
0.9131417799225261,19.157983551849682,-2.392502206043492,9.695908329073573
7.0,12.0,0.0,0.0
4.695401227728482,19.892749383834627,-6.249034875447812,12.055853316670671
5.1597142942553305,17.571627361683724,-0.5604023118792334,5.894381535614274
5.927976582650203,15.701589768325007,12.527001379996193,13.298916561149396
5.90913789699842,12.554755153496231,4.848872163917104,5.000929380635743
5.90913789699842,12.554755153496231,4.848872163917104,5.000929380635743
7.0,12.0,0.0,0.0
5.730162139420472,12.065763099538216,-3.6832802346682847,3.8965839224274537
7.0,12.0,0.0,0.0
4.9276527628152245,14.595489359753195,9.837491768089599,10.47945424818394
5.90913789699842,12.554755153496231,4.848872163917104,5.000929380635743
6.200418109870583,9.017681738381185,6.439242287399072,7.14124601511784
7.0,12.0,0.0,0.0
5.868995878754433,13.793263103659157,13.25672553150347,13.499606429157993
5.90913789699842,12.554755153496231,4.848872163917104,5.000929380635743
6.829797471671242,17.96096184479918,7.8920597968236095,9.891746198343377
7.0,12.0,0.0,0.0
5.721846216914315,19.99799313688292,-7.948384895104521,13.54142254674041
5.730162139420472,12.065763099538216,-3.6832802346682847,3.8965839224274537
5.1597142942553305,17.571627361683724,-0.5604023118792334,5.894381535614274
7.0,12.0,0.0,0.0
6.684810514650749,17.539192915564982,-8.961979953723356,11.243628959972936
7.973112495767857,16.750487646602856,-8.259414665558893,9.577682988468307
4.831398950215,18.19405085727191,12.64986328615818,14.686931639634073
5.90913789699842,12.554755153496231,4.848872163917104,5.000929380635743
-8.701972559775317,6.010757309533368,17.174204357248698,Inf
-5.879965292549167,6.810297565689236,13.426831489880527,19.89577431191588
-19.629916507878427,7.595952142492386,18.820425569204346,39.53194894063917
-15.545984440367082,4.557529665752789,14.318459849107974,Inf
-17.43860215343644,5.617127477460954,19.44711503185065,36.513614078912894
-14.238254672570871,4.023809122742399,13.253657047755198,Inf
-16.93311376482952,4.406902905694974,16.154207789971437,31.220725038405057
-11.232736713289624,6.940455346150127,8.858167455175156,Inf
-15.545984440367082,4.557529665752789,14.318459849107974,Inf
-7.414128937585476,7.960129054671832,10.836943215901567,18.719994166085957
-14.093372589455537,7.326272881949514,17.946332379634164,Inf
-7.414128937585476,7.960129054671832,10.836943215901567,18.719994166085957
-9.608387828877065,15.326985092793876,14.06563834259373,22.745813730808223
-1.4151797955095162,14.756266258993406,8.881026710976421,12.882114151533992
-13.561659615938009,19.85094067210668,13.634885571117053,27.247002009216246
-7.645092147040131,18.694659422496464,10.407355022589151,20.408894786899413
-16.435852488741904,18.67500743727821,13.756269465486291,30.356282599609436
-7.645092147040131,18.694659422496464,10.407355022589151,20.408894786899413
-10.810632166518399,12.892569862422611,19.04101433231841,27.411532503685706
-5.86267187186869,13.192289427085548,10.766740076813484,17.3458318284371
-16.724909015169622,15.565167830726125,18.537618095559587,Inf
-9.608387828877065,15.326985092793876,14.06563834259373,22.745813730808223
-16.604967147835623,10.046110699597513,16.332973560250522,Inf
-11.232736713289624,6.940455346150127,8.858167455175156,Inf
-15.995552673364779,10.62564941429536,16.044559026119757,Inf
-8.75728625388275,9.88802496346663,9.600674089413381,18.912387937826495
-12.0822953717264,19.955371439911538,19.478678377014404,Inf
-8.420817184343212,15.045519198027712,14.852762348321598,22.130636635353827
-10.77432111919773,17.635626919486775,17.78719031132688,26.697748003626437
-8.420817184343212,15.045519198027712,14.852762348321598,22.130636635353827
1.1168868664956655,13.864116590516112,19.930533587797285,22.878638463505926
5.868995878754433,13.793263103659157,13.25672553150347,13.499606429157993
-5.95776012197426,5.002282406611506,19.714234662374885,Inf
-1.1723208139705221,8.0342650314443,12.240447339921332,15.616015355578972
-1.1500873983280258,7.874045354138097,18.954306163636062,21.289845256243538
1.8128951225635603,9.433079800894618,10.648688968609854,12.334783513541955
-3.537108475252424,9.968719381201218,19.06405549625208,Inf
1.8128951225635603,9.433079800894618,10.648688968609854,12.334783513541955
-6.846194149432279,3.7106676058589017,19.348704506268078,Inf
-0.179578276868952,5.860873500873538,13.75750881670762,16.790658336498176
-6.257840730424737,3.9259759583681912,16.13611348597297,Inf
0.39420963292238653,7.857842880181522,10.13147975189134,13.227690597403596
-6.627030622068597,6.096242156676787,18.181988135541417,Inf
-1.1723208139705221,8.0342650314443,12.240447339921332,15.616015355578972
-1.9061846850240087,3.9964362830674993,18.759913102042788,Inf
-0.179578276868952,5.860873500873538,13.75750881670762,16.790658336498176
-0.179578276868952,5.860873500873538,13.75750881670762,16.790658336498176
3.3436720190358216,9.129732504744268,8.345016529128245,9.55230185191647
6.833369142668602,5.299977501275606,16.243976405468878,17.583882283634207
6.845224491074376,8.311088815422796,8.12654364413899,8.925958367926539
0.6705159951009492,6.540318652723602,15.238846007150698,17.386567107662355
3.3436720190358216,9.129732504744268,8.345016529128245,9.55230185191647
0.6845408529057018,13.62981982410777,19.188478903789274,21.814477999355294
5.868995878754433,13.793263103659157,13.25672553150347,13.499606429157993
0.06437196132191403,6.989325750149344,19.134065345573802,21.33649887033203
1.8128951225635603,9.433079800894618,10.648688968609854,12.334783513541955
-7.386824450766296,3.6849607506703492,19.854761299336438,Inf
-0.179578276868952,5.860873500873538,13.75750881670762,16.790658336498176
-7.858580718472945,6.523945027023981,19.95323894698852,Inf
-3.127015257663281,9.273203469609605,12.924336823500525,17.48076652731516
-4.412965489580847,14.820082040604149,16.834341187736626,21.153283523537002
-0.12959049182242666,16.15938131790125,10.59841832616015,13.470331105285108
5.125544343979946,14.864796217949788,14.789633110973107,15.84128224956452
4.9276527628152245,14.595489359753195,9.837491768089599,10.47945424818394
-8.420817184343212,15.045519198027712,14.852762348321598,22.130636635353827
-1.4151797955095162,14.756266258993406,8.881026710976421,12.882114151533992
-0.20301035037368464,15.880892789590419,13.655340853331246,16.156469263392957
2.899490714270378,14.719561543286503,5.6465025558127735,7.489538203579571
-3.7491265522820356,16.161447976084588,16.384049906435735,20.294888112646515
-0.12959049182242666,16.15938131790125,10.59841832616015,13.470331105285108
4.4342941305676575,15.483325436160236,14.904180587876724,Inf
4.9276527628152245,14.595489359753195,9.837491768089599,10.47945424818394
4.3893184423416365,18.616058747839602,18.44321657366948,20.07115404392725
4.9276527628152245,14.595489359753195,9.837491768089599,10.47945424818394
-8.02638689159691,18.362567872474933,19.765813422594398,27.001321618598883
-3.7491265522820356,16.161447976084588,16.384049906435735,20.294888112646515
0.49492661747465405,16.975743153573156,18.558769006227777,21.228886929676044
-0.20301035037368464,15.880892789590419,13.655340853331246,16.156469263392957
-7.189476450202434,18.672974898375628,19.295908865182312,25.559789877015163
-3.7491265522820356,16.161447976084588,16.384049906435735,20.294888112646515
14.024825398602317,-10.913760903513614,13.696476846194408,Inf
12.62723711632124,-6.666908105227618,11.48797572066129,Inf
19.91579899643498,-15.687579190410199,11.453536996741434,Inf
19.364455004562572,-7.791753041180041,6.923398833183512,25.743731757749913
7.783849420696534,-12.325390442559403,4.74455104529585,Inf
9.865675230950572,-4.762161236756892,1.9018206956830142,Inf
7.122258427834723,-12.10735704072027,-2.942959576094559,Inf
5.468475844772939,-2.810665958518655,-0.5357583836753648,15.212920843761772
13.178338939452566,-18.52296522212539,10.932782556825515,Inf
14.024825398602317,-10.913760903513614,13.696476846194408,Inf
12.469928915517201,-18.176047667980455,6.366688243255673,Inf
7.783849420696534,-12.325390442559403,4.74455104529585,Inf
8.431855209691399,-19.651393458372574,10.980481874367428,Inf
7.783849420696534,-12.325390442559403,4.74455104529585,Inf
17.015235150902164,-10.936725580889268,-19.688369360688505,Inf
14.150528935803251,-6.019384610771912,-15.66534898217693,Inf
11.330564259021642,-14.40333705339933,-6.041245342454653,Inf
12.257382460590172,-6.918545257079014,-3.4039984545069473,Inf
11.15282519869708,-12.920963980171347,-7.125769557119277,Inf
12.257382460590172,-6.918545257079014,-3.4039984545069473,Inf
9.244001031182052,-16.5371796719269,-7.856323115465731,Inf
7.141956707894259,-9.400950215189274,-5.3381485276229945,Inf
10.824986109410581,-14.334687137744115,10.899089099580017,Inf
9.23848909689168,-5.261870939103499,8.813112895932047,21.38078950471335
10.124739021183355,-15.079746129490248,-1.566771230181871,Inf
11.319326087826731,-6.521745765170799,-1.315106978879605,Inf
17.49468475580094,-17.365247989201933,-5.8809489614986,Inf
17.313591424980103,-8.299217355117081,-7.167836799891987,Inf
19.8707293588496,-16.3173972894338,-15.234782192371279,Inf
15.331273952842103,-9.283386482958607,-15.787454429305976,Inf
18.48482099368981,-17.654835442631473,-10.586034380670943,Inf
11.15282519869708,-12.920963980171347,-7.125769557119277,Inf
19.936124705306824,-13.177614956435129,5.196591897449842,Inf
17.310480119139235,-5.798556880080996,0.8700089469495964,21.70463314743141
11.374252306526714,-14.711404438908051,-8.584398186778177,Inf
12.257382460590172,-6.918545257079014,-3.4039984545069473,Inf
16.463384439488294,-15.25646456052721,-1.834900672291539,Inf
12.257382460590172,-6.918545257079014,-3.4039984545069473,Inf
19.486286493459588,-13.853535965131236,11.021710820775628,Inf
19.364455004562572,-7.791753041180041,6.923398833183512,25.743731757749913
14.365043270092848,-14.518626433154305,9.80149313332521,Inf
12.606646728588942,-5.937255694366836,7.157958949062973,Inf
15.7913312444418,-11.225269404784903,16.579179166948038,Inf
12.62723711632124,-6.666908105227618,11.48797572066129,Inf
12.820209992949543,-17.70531658232512,14.248789173834169,Inf
14.024825398602317,-10.913760903513614,13.696476846194408,Inf
15.335864444421013,-19.651794461369512,19.344607418800308,Inf
14.558555333935189,-15.47773175567599,17.431947985090027,Inf
13.90783069268268,-18.485143445207378,13.38002789496042,Inf
13.536317227439476,-10.982915978330121,12.921635321477993,Inf
9.126363328416272,-19.53745454841058,13.912248364442085,Inf
10.824986109410581,-14.334687137744115,10.899089099580017,Inf
11.552968843653588,-14.956181919383393,16.07233500176838,Inf
12.62723711632124,-6.666908105227618,11.48797572066129,Inf
10.953395905307843,-11.817620748587023,14.69702417059569,Inf
9.23848909689168,-5.261870939103499,8.813112895932047,21.38078950471335
10.934939930442873,-15.679850275677998,15.36172952198428,Inf
12.62723711632124,-6.666908105227618,11.48797572066129,Inf
9.328650323213967,-17.509096889545866,12.994411751455608,Inf
10.824986109410581,-14.334687137744115,10.899089099580017,Inf
13.536317227439476,-10.982915978330121,12.921635321477993,Inf
12.62723711632124,-6.666908105227618,11.48797572066129,Inf
14.558555333935189,-15.47773175567599,17.431947985090027,Inf
14.024825398602317,-10.913760903513614,13.696476846194408,Inf
7.4427273394978855,-12.858465490124518,18.043007497873617,Inf
7.826364538069264,-4.516655860248724,15.1608628412367,Inf
9.914140848586868,-11.361492502430597,17.771280545632052,Inf
7.826364538069264,-4.516655860248724,15.1608628412367,Inf
11.359605018387562,-12.786372955698555,18.208614433101474,Inf
7.826364538069264,-4.516655860248724,15.1608628412367,Inf
15.517177726668791,-12.825552824361717,16.629892360167524,Inf
12.62723711632124,-6.666908105227618,11.48797572066129,Inf
17.567883531857518,-17.184122634491263,19.016591069601567,Inf
14.024825398602317,-10.913760903513614,13.696476846194408,Inf
17.063993167593843,-11.132857858794543,15.027757025516102,Inf
12.62723711632124,-6.666908105227618,11.48797572066129,Inf
19.456899298327706,-2.0422617230782336,-13.901817488863575,Inf
13.124578777859355,2.3774334606298524,-9.262503986683619,15.08094630192593
13.365721285147757,8.560559911402699,-16.99177360490065,Inf
11.602191802755797,9.81386229295304,-11.263249712755359,12.601424378366078
9.143322457767553,4.704377238026993,-16.280914957891277,Inf
10.442111071333812,6.9956912290845,-9.409489925152963,11.489675479563086
12.920679439972027,-3.617841261975137,-19.470372092595216,Inf
12.897965310391406,-0.04116509285610803,-16.498933546881407,Inf
13.306598513620322,1.6450083777437357,-19.9488822253575,Inf
11.48322583736033,5.340375486905337,-11.59154109493925,14.354792167091112
8.759634461238157,-1.4094736808817743,-15.394157188694333,Inf
7.745138509362075,8.048360211287921,-13.209196619685741,14.758960440010135
8.745553083969053,1.0451046875752539,-18.031741841658537,Inf
7.745138509362075,8.048360211287921,-13.209196619685741,14.758960440010135
12.44427781213362,2.8357776641035244,-15.843127118251257,Inf
11.48322583736033,5.340375486905337,-11.59154109493925,14.354792167091112
10.178652612076739,-3.1643574344586227,-14.960733403688149,Inf
11.853830906948577,0.45693766491124777,-13.251689479625393,Inf
13.259612548350894,-8.320271577832594,-19.133361699476765,Inf
12.897965310391406,-0.04116509285610803,-16.498933546881407,Inf
10.30361018991438,0.288014293652914,-19.031713529041898,Inf
11.48322583736033,5.340375486905337,-11.59154109493925,14.354792167091112
12.897965310391406,-0.04116509285610803,-16.498933546881407,Inf
11.48322583736033,5.340375486905337,-11.59154109493925,14.354792167091112
11.884757387116565,19.307632178888625,-18.624174441695676,22.472414505610477
8.606195351484658,17.820645778050228,-10.893117384549038,12.490142832057838
10.143489771187618,12.778397531522742,-19.718569099949327,21.204985503216136
9.166288703525282,10.281195356286563,-10.901033740348272,11.988702605623438
7.413776169656927,17.912277961881628,-15.284231463502582,16.71985807082625
7.973112495767857,16.750487646602856,-8.259414665558893,9.577682988468307
7.4106443136783895,6.404832925213675,-14.902729825487473,Inf
7.745138509362075,8.048360211287921,-13.209196619685741,14.758960440010135
9.127297266105423,7.840396401976797,-15.753213139946594,Inf
10.440249247403528,9.395531929827303,-7.215440612382711,8.407208338302995
16.72236427337522,6.237385622086677,-19.522013547712326,Inf
14.152305563435227,8.794993742185724,-11.368536112378536,13.84413898539539
14.84718488857267,-4.649149055331385,-17.611550289785143,Inf
11.853830906948577,0.45693766491124777,-13.251689479625393,Inf
16.74323455816625,-10.261092317771734,-18.373300388675695,Inf
14.150528935803251,-6.019384610771912,-15.66534898217693,Inf
16.066601580011486,-5.354111290526289,-19.11168489326867,Inf
12.556904522279538,0.969882723621545,-12.236256705594455,Inf
16.6048134491066,5.029615223056261,-19.23785901168565,Inf
13.153097737423707,6.210526780396357,-12.467931829889904,15.122300945385685
19.473188754231792,-10.392736167143042,-18.235179923462965,Inf
18.12019129265466,-5.401492596717121,-10.543843141454872,Inf
16.502636167045452,0.050317369867958206,-16.62161029894902,Inf
11.48322583736033,5.340375486905337,-11.59154109493925,14.354792167091112
15.331273952842103,-9.283386482958607,-15.787454429305976,Inf
15.101104179594017,-2.715710261860167,-8.862060445093043,Inf
14.150528935803251,-6.019384610771912,-15.66534898217693,Inf
12.556904522279538,0.969882723621545,-12.236256705594455,Inf
15.382516787680402,-1.0628428445703904,-15.412020609473256,Inf
13.124578777859355,2.3774334606298524,-9.262503986683619,15.08094630192593
15.246100577162068,-5.715778161585767,-15.12215114848205,Inf
14.433820804451514,0.5328877121483728,-11.348603607774841,Inf
19.670079955186218,4.504461427462793,-14.62089284952218,22.076964211005865
18.176229138881297,6.1773014783943765,-9.570431548259482,15.87177491166506
16.65752047170148,-1.5881076659033333,-15.302333253275426,Inf
13.124578777859355,2.3774334606298524,-9.262503986683619,15.08094630192593
16.737128845095427,0.7818166267253019,-15.37382242931149,Inf
13.11653754257533,6.096845645886031,-12.498270576850627,15.185638362022132
19.507841375816277,4.511037138807296,-14.384332641214073,Inf
18.176229138881297,6.1773014783943765,-9.570431548259482,15.87177491166506
18.105717455212428,10.19265496939802,-16.923982300683996,21.491445668567096
14.152305563435227,8.794993742185724,-11.368536112378536,13.84413898539539
14.555941043305666,18.816758680074102,-18.31222680806693,24.529938752782563
8.606195351484658,17.820645778050228,-10.893117384549038,12.490142832057838
15.684562915467978,6.248130662051814,-19.61848554455586,Inf
11.602191802755797,9.81386229295304,-11.263249712755359,12.601424378366078
17.01482533240189,12.613795690051674,-15.151627476853955,19.160774341139195
15.06366607491411,12.426499547344704,-9.20043652231393,12.89509193053521
19.535254811268388,7.296526598985487,-14.339676556033538,21.69086990214629
14.152305563435227,8.794993742185724,-11.368536112378536,13.84413898539539
18.528952873596594,15.728489051297679,-16.485315468457557,21.611789042475337
16.509451687213257,16.367446301896848,-10.702645615246551,15.376744248898003
19.180162464575275,19.03009448869848,-16.70259621516451,22.463478237446715
16.509451687213257,16.367446301896848,-10.702645615246551,15.376744248898003
15.641759849102613,4.93622876005589,3.3570526884792073,11.655328402625514
7.0,12.0,0.0,0.0
13.153097737423707,6.210526780396357,-12.467931829889904,15.122300945385685
10.440249247403528,9.395531929827303,-7.215440612382711,8.407208338302995
9.607057232482006,1.4571882426021432,7.99921534069572,14.976138908564046
8.49259490754352,7.482480840231833,7.429365913283384,8.822204757902323
14.606079799775117,-1.4271984321499431,1.1135399490641333,Inf
12.772982329791105,5.348805282170517,-1.7466369478590522,8.97866675972494
10.035275139427775,-4.423656679323935,-13.338612948603963,Inf
13.124578777859355,2.3774334606298524,-9.262503986683619,15.08094630192593
9.878487112301961,-6.6530915537749635,2.5247864541242677,Inf
8.286185757862292,1.2369763701974357,-0.26377409904361215,11.030521876777442
7.141956707894259,-9.400950215189274,-5.3381485276229945,Inf
5.468475844772939,-2.810665958518655,-0.5357583836753648,15.212920843761772
9.196010472482527,-9.642495946532073,-0.026940352580375304,Inf
5.752868211407041,-2.220356846783904,0.08718963339206454,14.6443087781999
9.366642761782913,-5.986337486770568,4.361480209611237,Inf
8.286185757862292,1.2369763701974357,-0.26377409904361215,11.030521876777442
9.865675230950572,-4.762161236756892,1.9018206956830142,Inf
8.286185757862292,1.2369763701974357,-0.26377409904361215,11.030521876777442
10.313122650570456,-8.412590880961233,-2.4055917777598594,Inf
11.319326087826731,-6.521745765170799,-1.315106978879605,Inf
10.511596380806107,-6.082110268549883,2.0374740555124404,Inf
8.286185757862292,1.2369763701974357,-0.26377409904361215,11.030521876777442
14.13920044989149,-5.79062544789303,-7.927819716194069,Inf
14.902231794159931,-2.8815309979386754,-6.104351708973885,Inf
12.257382460590172,-6.918545257079014,-3.4039984545069473,Inf
12.125029744089197,-3.369419415061632,-1.5255766613748811,Inf
11.574440281877017,-4.787159317648975,-0.8688652179450003,Inf
8.286185757862292,1.2369763701974357,-0.26377409904361215,11.030521876777442
11.319326087826731,-6.521745765170799,-1.315106978879605,Inf
8.286185757862292,1.2369763701974357,-0.26377409904361215,11.030521876777442
12.929287752156434,-6.067358116972024,-6.502331886192216,Inf
8.475835540502619,-0.8160166363340267,-6.152948797584781,14.756487814535355
12.606646728588942,-5.937255694366836,7.157958949062973,Inf
8.602550627185892,-0.7591125156747403,4.691018519853909,15.243126007721564
12.772982329791105,5.348805282170517,-1.7466369478590522,8.97866675972494
7.0,12.0,0.0,0.0
11.48322583736033,5.340375486905337,-11.59154109493925,14.354792167091112
9.690004518692852,10.321834972224899,-4.176166422104348,5.243350851902551
8.475835540502619,-0.8160166363340267,-6.152948797584781,14.756487814535355
7.564515771666109,5.44237585604246,-1.1257447272047898,6.6774556277600245
8.402956896854885,-3.099002406895579,-9.781913826363002,Inf
13.124578777859355,2.3774334606298524,-9.262503986683619,15.08094630192593
7.256781495432961,1.7936469516362479,-9.40684308789721,15.039546122875734
4.392149207344474,7.424528715057885,-5.48268079799846,7.6023425316691
14.371809778148695,-1.3305298971046824,-13.838379448678362,Inf
13.124578777859355,2.3774334606298524,-9.262503986683619,15.08094630192593
13.768026636121903,-4.076681919677663,-3.9331566162123544,Inf
12.772982329791105,5.348805282170517,-1.7466369478590522,8.97866675972494
11.853830906948577,0.45693766491124777,-13.251689479625393,Inf
10.442111071333812,6.9956912290845,-9.409489925152963,11.489675479563086
12.556904522279538,0.969882723621545,-12.236256705594455,Inf
11.514603473673233,5.273175253519781,-4.464229508260811,9.249927610353913
11.514603473673233,5.273175253519781,-4.464229508260811,9.249927610353913
7.0,12.0,0.0,0.0
14.433820804451514,0.5328877121483728,-11.348603607774841,Inf
11.514603473673233,5.273175253519781,-4.464229508260811,9.249927610353913
13.124578777859355,2.3774334606298524,-9.262503986683619,15.08094630192593
11.514603473673233,5.273175253519781,-4.464229508260811,9.249927610353913
13.11653754257533,6.096845645886031,-12.498270576850627,15.185638362022132
9.690004518692852,10.321834972224899,-4.176166422104348,5.243350851902551
12.125029744089197,-3.369419415061632,-1.5255766613748811,Inf
7.564515771666109,5.44237585604246,-1.1257447272047898,6.6774556277600245
8.677334413828302,-3.492816381449167,4.600397604860021,Inf
8.286185757862292,1.2369763701974357,-0.26377409904361215,11.030521876777442
8.286185757862292,1.2369763701974357,-0.26377409904361215,11.030521876777442
7.564515771666109,5.44237585604246,-1.1257447272047898,6.6774556277600245
7.564515771666109,5.44237585604246,-1.1257447272047898,6.6774556277600245
7.0,12.0,0.0,0.0
7.391383672651315,-1.2894461730964153,4.685673732803053,15.57239728428755
7.564515771666109,5.44237585604246,-1.1257447272047898,6.6774556277600245
8.602550627185892,-0.7591125156747403,4.691018519853909,15.243126007721564
7.564515771666109,5.44237585604246,-1.1257447272047898,6.6774556277600245
8.37614087678115,-0.5225956953758271,-0.1672105118169398,Inf
11.514603473673233,5.273175253519781,-4.464229508260811,9.249927610353913
8.305465958704453,1.116892130679858,5.026527335499502,14.234523059745836
7.564515771666109,5.44237585604246,-1.1257447272047898,6.6774556277600245
11.42007741355929,3.80132010931937,4.049748564193081,Inf
10.332952934791912,10.691153784477805,0.4627759751397491,3.6105145456833903
11.203052004198717,4.386051115330307,5.166295612663411,Inf
10.332952934791912,10.691153784477805,0.4627759751397491,3.6105145456833903
12.148053577182516,2.1913419293141168,-0.9695537783600656,12.222833828090929
11.791633600025293,7.879739599567628,-1.5109184335548242,6.497628247069714
14.113954234974187,5.685952304116935,5.4757542225430385,11.640331704244677
10.332952934791912,10.691153784477805,0.4627759751397491,3.6105145456833903
14.908396874803095,-4.883392281104895,-8.775514423830817,Inf
14.902231794159931,-2.8815309979386754,-6.104351708973885,Inf
15.307512894117579,-5.604777313762881,-4.613334931435293,Inf
13.768026636121903,-4.076681919677663,-3.9331566162123544,Inf
15.365345784507028,-6.05874976517633,-0.5508538830866598,Inf
12.125029744089197,-3.369419415061632,-1.5255766613748811,Inf
15.458474742471033,-9.08338557417725,3.8312693169613787,Inf
14.606079799775117,-1.4271984321499431,1.1135399490641333,Inf
14.824705907849982,3.6542954948659023,7.089601144261213,14.330554597949035
14.113954234974187,5.685952304116935,5.4757542225430385,11.640331704244677
15.38166988756872,1.7168087538343535,-5.378778810063274,14.611223075956186
11.514603473673233,5.273175253519781,-4.464229508260811,9.249927610353913
15.301842626680262,-3.196024802539714,-5.985657937976807,Inf
11.514603473673233,5.273175253519781,-4.464229508260811,9.249927610353913
15.101104179594017,-2.715710261860167,-8.862060445093043,Inf
11.514603473673233,5.273175253519781,-4.464229508260811,9.249927610353913
14.902231794159931,-2.8815309979386754,-6.104351708973885,Inf
11.514603473673233,5.273175253519781,-4.464229508260811,9.249927610353913
15.538440304040208,0.7583809802689423,3.7466317216503775,15.852572596444741
15.641759849102613,4.93622876005589,3.3570526884792073,11.655328402625514
14.074588043988726,4.9816087024142774,13.364938982077362,17.345351857420546
8.49259490754352,7.482480840231833,7.429365913283384,8.822204757902323
9.78233323059434,-1.6543485265724733,15.797226261191177,21.383227151137817
9.010773070888707,2.7154042304266035,10.70749351215892,14.630788799407568
13.277727984229855,-3.7273059803051893,8.71717715897443,21.36896874265182
9.607057232482006,1.4571882426021432,7.99921534069572,14.976138908564046
12.62723711632124,-6.666908105227618,11.48797572066129,Inf
9.607057232482006,1.4571882426021432,7.99921534069572,14.976138908564046
11.988813291878646,-3.0337276763012966,15.753373569151691,Inf
9.010773070888707,2.7154042304266035,10.70749351215892,14.630788799407568
9.23848909689168,-5.261870939103499,8.813112895932047,21.38078950471335
8.602550627185892,-0.7591125156747403,4.691018519853909,15.243126007721564
7.826364538069264,-4.516655860248724,15.1608628412367,Inf
9.010773070888707,2.7154042304266035,10.70749351215892,14.630788799407568
7.715966820754794,-6.208643743129327,10.311684274716058,Inf
7.391383672651315,-1.2894461730964153,4.685673732803053,15.57239728428755
10.95116674428234,-10.033553799219082,17.088331143960495,Inf
8.057193558263265,-1.8195096720151405,14.541250871993789,20.645142753370237
9.326544143280621,-2.227299435603804,19.195214725783593,Inf
9.010773070888707,2.7154042304266035,10.70749351215892,14.630788799407568
8.057193558263265,-1.8195096720151405,14.541250871993789,20.645142753370237
9.010773070888707,2.7154042304266035,10.70749351215892,14.630788799407568
12.79505926814796,-9.276079677464004,14.767621096663149,Inf
12.62723711632124,-6.666908105227618,11.48797572066129,Inf
13.48541741476609,-8.126044790439373,9.5206868224777,Inf
13.277727984229855,-3.7273059803051893,8.71717715897443,21.36896874265182
13.737335683489235,-2.0440601768621036,15.587666803807991,Inf
10.906071649359728,0.8421875864892598,11.299466333138824,16.878012708614165
13.771660151084511,2.60312961749176,11.14010420277878,16.912085897544905
8.49259490754352,7.482480840231833,7.429365913283384,8.822204757902323
9.010773070888707,2.7154042304266035,10.70749351215892,14.630788799407568
8.49259490754352,7.482480840231833,7.429365913283384,8.822204757902323
13.223256757168514,1.9808612971047346,9.829974717405978,16.46484185273067
8.49259490754352,7.482480840231833,7.429365913283384,8.822204757902323
13.555314511145475,2.841948361279112,16.842926860743162,21.461684091519782
8.673733190083848,6.560521093826619,9.197288397976866,10.82429635502719
7.331952752220772,3.900504851802875,19.99733859838905,22.09001833866733
7.11802349029081,6.016227005211611,13.61782278828273,14.883722769180356
10.724340414843692,2.3380318718247217,16.672111271059492,19.650812213740565
8.673733190083848,6.560521093826619,9.197288397976866,10.82429635502719
10.906071649359728,0.8421875864892598,11.299466333138824,16.878012708614165
8.49259490754352,7.482480840231833,7.429365913283384,8.822204757902323
11.679608569699298,-0.3115988718261704,14.144589983847887,19.80967963019492
8.673733190083848,6.560521093826619,9.197288397976866,10.82429635502719
11.057923240191876,-1.4788842942964031,18.643233232160114,Inf
9.010773070888707,2.7154042304266035,10.70749351215892,14.630788799407568
8.783675500499413,3.579494607331881,18.202969140758178,20.31117634086578
8.673733190083848,6.560521093826619,9.197288397976866,10.82429635502719
9.713260901838208,3.935291492866515,19.560685239512445,23.59519719299251
7.11802349029081,6.016227005211611,13.61782278828273,14.883722769180356
7.11802349029081,6.016227005211611,13.61782278828273,14.883722769180356
6.845224491074376,8.311088815422796,8.12654364413899,8.925958367926539
13.819390749931635,2.122226401685001,12.624732525393611,17.992750860871002
8.49259490754352,7.482480840231833,7.429365913283384,8.822204757902323
15.10163045755342,-4.558060251193732,15.185886836285732,Inf
10.906071649359728,0.8421875864892598,11.299466333138824,16.878012708614165
15.609090690069806,-7.079892201334346,9.904367431149836,Inf
15.804602244603785,0.8293286501799386,7.901809731190728,17.32635222298049
15.209434453812314,5.21984263930765,15.012275645403932,19.359886509621177
14.074588043988726,4.9816087024142774,13.364938982077362,17.345351857420546
14.16515639352346,3.74732769799774,14.084817789069447,18.331377302296943
8.49259490754352,7.482480840231833,7.429365913283384,8.822204757902323
14.96164274807132,1.1066810405572625,11.191451849292442,18.65341493968996
8.49259490754352,7.482480840231833,7.429365913283384,8.822204757902323
7.745138509362075,8.048360211287921,-13.209196619685741,14.758960440010135
9.690004518692852,10.321834972224899,-4.176166422104348,5.243350851902551
12.285238721806742,12.16596673636871,7.296428364316434,9.011057661543823
7.0,12.0,0.0,0.0
10.442111071333812,6.9956912290845,-9.409489925152963,11.489675479563086
9.690004518692852,10.321834972224899,-4.176166422104348,5.243350851902551
8.673733190083848,6.560521093826619,9.197288397976866,10.82429635502719
8.49259490754352,7.482480840231833,7.429365913283384,8.822204757902323
7.973112495767857,16.750487646602856,-8.259414665558893,9.577682988468307
7.0,12.0,0.0,0.0
9.166288703525282,10.281195356286563,-10.901033740348272,11.988702605623438
9.690004518692852,10.321834972224899,-4.176166422104348,5.243350851902551
7.960679356312266,12.527074147880143,-9.345250641448661,9.409273167174218
7.0,12.0,0.0,0.0
8.119397980011492,19.63579259158655,-8.459534593285056,12.369768546296148
9.43730819496291,18.352215195668776,-4.972341214365992,8.427056798277874
8.787499449379297,14.971652843416493,-10.272579977686584,11.720290060427798
5.730162139420472,12.065763099538216,-3.6832802346682847,3.8965839224274537
8.606195351484658,17.820645778050228,-10.893117384549038,12.490142832057838
7.973112495767857,16.750487646602856,-8.259414665558893,9.577682988468307
11.602191802755797,9.81386229295304,-11.263249712755359,12.601424378366078
9.690004518692852,10.321834972224899,-4.176166422104348,5.243350851902551
9.690004518692852,10.321834972224899,-4.176166422104348,5.243350851902551
7.0,12.0,0.0,0.0
8.842852704710964,16.28041585877397,3.1929065537833345,5.6491342944292615
7.0,12.0,0.0,0.0
8.49259490754352,7.482480840231833,7.429365913283384,8.822204757902323
7.0,12.0,0.0,0.0
9.459795172425967,13.449334926299166,3.708894805890992,4.680498338857293
7.0,12.0,0.0,0.0
8.545032513947064,15.236797280777708,7.07627874508966,7.9333286194516885
7.0,12.0,0.0,0.0
7.642572378864578,11.042744368633535,8.931026951786045,9.005136313204327
7.0,12.0,0.0,0.0
9.54779131219314,13.53528066831057,18.14719934784315,Inf
7.642572378864578,11.042744368633535,8.931026951786045,9.005136313204327
8.77300145073341,19.77629325583721,19.939623744286607,22.223284624308512
5.927976582650203,15.701589768325007,12.527001379996193,13.298916561149396
9.587039075674369,18.79453446218455,17.142349426905135,19.580145592035517
6.829797471671242,17.96096184479918,7.8920597968236095,9.891746198343377
9.43730819496291,18.352215195668776,-4.972341214365992,8.427056798277874
7.0,12.0,0.0,0.0
10.852077176694117,14.255366040870221,18.23824355306524,20.977237789748735
5.868995878754433,13.793263103659157,13.25672553150347,13.499606429157993
10.440249247403528,9.395531929827303,-7.215440612382711,8.407208338302995
7.0,12.0,0.0,0.0
10.332952934791912,10.691153784477805,0.4627759751397491,3.6105145456833903
7.0,12.0,0.0,0.0
11.791633600025293,7.879739599567628,-1.5109184335548242,6.497628247069714
7.0,12.0,0.0,0.0
10.826664898037642,18.512951184454053,7.85034701333575,11.181898199845513
8.842852704710964,16.28041585877397,3.1929065537833345,5.6491342944292615
12.230767653042363,15.459309972345665,4.789132599249008,Inf
7.0,12.0,0.0,0.0
15.207020166583156,19.02104720843024,-7.120463960839443,12.936432697437187
7.0,12.0,0.0,0.0
12.631719161118802,9.69640704969299,-4.286307526973241,7.442797418054873
7.0,12.0,0.0,0.0
13.074212061128819,18.32882193173802,-7.9080281323717205,13.101013864520551
9.43730819496291,18.352215195668776,-4.972341214365992,8.427056798277874
13.867227121132657,6.3842568048875314,-5.883672916217053,11.23244835667428
9.690004518692852,10.321834972224899,-4.176166422104348,5.243350851902551
15.06366607491411,12.426499547344704,-9.20043652231393,12.89509193053521
9.690004518692852,10.321834972224899,-4.176166422104348,5.243350851902551
14.152305563435227,8.794993742185724,-11.368536112378536,13.84413898539539
9.690004518692852,10.321834972224899,-4.176166422104348,5.243350851902551
14.290155141183476,13.55119364427894,17.13827356161054,24.087120157725135
5.868995878754433,13.793263103659157,13.25672553150347,13.499606429157993
14.271136763214784,17.509372938966933,17.70292087633208,23.282229860007874
5.927976582650203,15.701589768325007,12.527001379996193,13.298916561149396
13.423553191752369,11.804057143248514,-4.2161488049150275,7.686113449303907
7.0,12.0,0.0,0.0
12.946731892780448,13.844062705489584,-4.077523422642644,7.442471681409953
7.0,12.0,0.0,0.0
14.20955250385822,12.315504309417662,5.194795309859394,8.891742719314735
7.0,12.0,0.0,0.0
15.594278995398767,9.357952762730484,16.93655671798477,22.37154998948148
15.950671492274694,10.335544089944044,7.385718506274522,13.109083672785765
15.424488763918575,7.483182334410152,0.9245913894338926,9.603568190781495
7.0,12.0,0.0,0.0
15.428094959491936,13.225562371062871,3.3168930218382258,9.139834084374712
7.0,12.0,0.0,0.0
15.50247246903271,18.87126608668158,13.328639282648552,18.587027634598307
10.826664898037642,18.512951184454053,7.85034701333575,11.181898199845513
15.597164584321028,19.817588301438704,14.483725521525479,20.566792420876666
10.826664898037642,18.512951184454053,7.85034701333575,11.181898199845513
17.011359267949338,0.2447214509658302,-8.378940335436456,Inf
11.514603473673233,5.273175253519781,-4.464229508260811,9.249927610353913
19.950169123310665,-1.2733710789445567,-1.5770634666320227,18.745651206949084
12.772982329791105,5.348805282170517,-1.7466369478590522,8.97866675972494
18.562301578578214,-4.651198676920512,-10.051306898453083,Inf
15.38166988756872,1.7168087538343535,-5.378778810063274,14.611223075956186
17.437012827323798,-0.6895469695731222,-11.796381217557235,Inf
13.124578777859355,2.3774334606298524,-9.262503986683619,15.08094630192593
17.313591424980103,-8.299217355117081,-7.167836799891987,Inf
15.301842626680262,-3.196024802539714,-5.985657937976807,Inf
17.351983372115207,-4.908311959164733,-7.420967336602002,Inf
15.38166988756872,1.7168087538343535,-5.378778810063274,14.611223075956186
18.12019129265466,-5.401492596717121,-10.543843141454872,Inf
15.38166988756872,1.7168087538343535,-5.378778810063274,14.611223075956186
18.542309213062552,-5.770480468859658,-3.092902039462409,Inf
18.691777318982396,-0.9838220307164462,-2.2755073315025243,17.662790589489983
17.630792851617507,-5.365473797276277,-4.555202558910709,Inf
15.38166988756872,1.7168087538343535,-5.378778810063274,14.611223075956186
16.237708922316614,-4.609570928903821,-3.578641320886913,Inf
12.148053577182516,2.1913419293141168,-0.9695537783600656,12.222833828090929
18.691777318982396,-0.9838220307164462,-2.2755073315025243,17.662790589489983
12.772982329791105,5.348805282170517,-1.7466369478590522,8.97866675972494
19.144452421963067,-2.564675631579611,-4.28549497309894,20.259724007117573
18.691777318982396,-0.9838220307164462,-2.2755073315025243,17.662790589489983
19.462613890805144,-5.974311639970038,-8.759630636487339,Inf
15.38166988756872,1.7168087538343535,-5.378778810063274,14.611223075956186
18.758992966389386,-2.8610131275843287,-7.62093729648889,Inf
15.38166988756872,1.7168087538343535,-5.378778810063274,14.611223075956186
19.763329901400454,-0.6870018618937834,-8.162672417193804,20.332002181018836
15.38166988756872,1.7168087538343535,-5.378778810063274,14.611223075956186
19.3159043688392,-7.590777865812877,4.886973732827027,25.18475883103076
15.538440304040208,0.7583809802689423,3.7466317216503775,15.852572596444741
16.752089226819358,-6.356788994067104,-0.4061030535104564,Inf
12.148053577182516,2.1913419293141168,-0.9695537783600656,12.222833828090929
17.09916483906067,-8.229896009667383,12.504180015100594,Inf
17.406698737066435,-5.091454878162365,11.27503203333358,Inf
16.778707187219453,-10.494779072456728,12.862922099957885,Inf
13.277727984229855,-3.7273059803051893,8.71717715897443,21.36896874265182
17.196469991724406,-6.85834540284576,17.30593877191933,Inf
15.10163045755342,-4.558060251193732,15.185886836285732,Inf
17.310480119139235,-5.798556880080996,0.8700089469495964,21.70463314743141
14.606079799775117,-1.4271984321499431,1.1135399490641333,Inf
17.406698737066435,-5.091454878162365,11.27503203333358,Inf
15.804602244603785,0.8293286501799386,7.901809731190728,17.32635222298049
16.65792106141032,-1.3189386629141708,18.327854492657167,Inf
13.819390749931635,2.122226401685001,12.624732525393611,17.992750860871002
19.364455004562572,-7.791753041180041,6.923398833183512,25.743731757749913
15.538440304040208,0.7583809802689423,3.7466317216503775,15.852572596444741
18.929405929503524,7.978704322335197,4.194756332971643,13.366746583012507
10.332952934791912,10.691153784477805,0.4627759751397491,3.6105145456833903
18.944760629172357,15.759304044514849,-10.018681551190216,16.61903547340076
12.946731892780448,13.844062705489584,-4.077523422642644,7.442471681409953
16.862573452213105,2.7743717994275414,-13.803727633990484,Inf
10.442111071333812,6.9956912290845,-9.409489925152963,11.489675479563086
18.693790073896622,1.2103685018637655,-9.512189729914313,20.606276087093782
11.514603473673233,5.273175253519781,-4.464229508260811,9.249927610353913
16.525466391278705,0.5520550954816699,-6.366808354701341,Inf
11.514603473673233,5.273175253519781,-4.464229508260811,9.249927610353913
18.74915710681052,7.032522207941856,-2.9015593085195235,14.257256831538172
10.332952934791912,10.691153784477805,0.4627759751397491,3.6105145456833903
17.903614973456705,6.127053156240649,-7.523265656047355,14.585000901730503
12.631719161118802,9.69640704969299,-4.286307526973241,7.442797418054873
17.282953140763055,9.012968652037152,-5.976247307715532,12.43849176812504
12.631719161118802,9.69640704969299,-4.286307526973241,7.442797418054873
16.15970739237607,13.310142242063776,-7.1416536965212885,11.914291999531667
12.946731892780448,13.844062705489584,-4.077523422642644,7.442471681409953
16.509451687213257,16.367446301896848,-10.702645615246551,15.376744248898003
12.946731892780448,13.844062705489584,-4.077523422642644,7.442471681409953
18.44385819036009,4.6764113058559715,-9.16328220382936,16.540390471278755
12.631719161118802,9.69640704969299,-4.286307526973241,7.442797418054873
18.176229138881297,6.1773014783943765,-9.570431548259482,15.87177491166506
12.631719161118802,9.69640704969299,-4.286307526973241,7.442797418054873
17.22180661934903,11.47220514512588,0.5155946009207852,10.543705450485868
10.332952934791912,10.691153784477805,0.4627759751397491,3.6105145456833903
16.262365505580185,10.284783168257352,-1.0220701139874322,9.475125901894984
7.0,12.0,0.0,0.0
18.154957613911492,13.593207427370757,-1.9050163688484467,13.247460379881126
10.332952934791912,10.691153784477805,0.4627759751397491,3.6105145456833903
17.41089287493027,6.349917442093336,-0.02795588060989118,12.080953286011923
10.332952934791912,10.691153784477805,0.4627759751397491,3.6105145456833903
17.318704424925826,3.7723026090605245,-1.9913437183478706,13.79622126881376
11.791633600025293,7.879739599567628,-1.5109184335548242,6.497628247069714
18.353247093430127,12.842957457363212,0.7192580532886161,11.918412023032335
10.332952934791912,10.691153784477805,0.4627759751397491,3.6105145456833903
19.889098728996963,16.03316355649264,-5.938742648939801,15.601664579844225
12.946731892780448,13.844062705489584,-4.077523422642644,7.442471681409953
19.483423356583984,5.268792716273303,1.2656287266290889,14.239814287982263
15.424488763918575,7.483182334410152,0.9245913894338926,9.603568190781495
19.993347340520486,13.62042647357967,-9.732389902249121,17.405292644105998
13.423553191752369,11.804057143248514,-4.2161488049150275,7.686113449303907
19.101801423221943,7.894548307878875,-7.293515314069587,14.801598820362626
12.631719161118802,9.69640704969299,-4.286307526973241,7.442797418054873
18.969340762077934,3.850872928960243,4.417591288515517,15.31258613686547
15.641759849102613,4.93622876005589,3.3570526884792073,11.655328402625514
17.372061446757144,13.441909359639155,5.144909493510532,12.722024992299279
15.428094959491936,13.225562371062871,3.3168930218382258,9.139834084374712
15.950671492274694,10.335544089944044,7.385718506274522,13.109083672785765
14.20955250385822,12.315504309417662,5.194795309859394,8.891742719314735
17.67558292787615,9.88207021513995,5.340458629707612,13.129216753944362
10.332952934791912,10.691153784477805,0.4627759751397491,3.6105145456833903
17.899799089006343,12.531212652429318,9.042718419182112,14.902256321566268
14.20955250385822,12.315504309417662,5.194795309859394,8.891742719314735
15.804602244603785,0.8293286501799386,7.901809731190728,17.32635222298049
14.113954234974187,5.685952304116935,5.4757542225430385,11.640331704244677
15.900767766593205,17.71225595977142,11.332932097594028,16.76520086450903
12.285238721806742,12.16596673636871,7.296428364316434,9.011057661543823
17.09162556297305,17.82335785862508,4.757015681177439,13.539136444785441
9.459795172425967,13.449334926299166,3.708894805890992,4.680498338857293
18.86250054508732,19.243624154072094,10.794368745237968,Inf
10.826664898037642,18.512951184454053,7.85034701333575,11.181898199845513
17.11385171827927,16.07660059581974,15.262549333952379,21.1911281987235
15.900767766593205,17.71225595977142,11.332932097594028,16.76520086450903
17.613901227588926,17.097370505301306,14.869857767149611,20.74298335847012
15.900767766593205,17.71225595977142,11.332932097594028,16.76520086450903
19.785106207647843,8.908123125540499,13.232784136878657,19.900625512551027
15.950671492274694,10.335544089944044,7.385718506274522,13.109083672785765
19.779239888776118,5.617082787742813,13.620901972589138,21.47047889676969
15.950671492274694,10.335544089944044,7.385718506274522,13.109083672785765
19.264435224758643,2.719748136252356,11.773850965244279,Inf
14.113954234974187,5.685952304116935,5.4757542225430385,11.640331704244677
19.180506714201755,0.6915472158148646,16.570799272081402,24.70880916224621
14.16515639352346,3.74732769799774,14.084817789069447,18.331377302296943
19.17281263431807,19.60594989497443,19.991742578739455,26.213341066952218
15.900767766593205,17.71225595977142,11.332932097594028,16.76520086450903
