8.344022627282524,6.824104990579336,-2.129307127772144,12.342782627394884
10.0,-5.0,1.0,0.0
-8.138687260120525,-14.191323392589306,-2.0466528158992148,20.561480846676503
10.0,-5.0,1.0,0.0
-10.925246987679724,3.548387977564893,-15.912416589556155,43.248959323547616
-4.939166830043913,0.3105355973061741,-11.381898719054169,21.85617277430896
-17.097646822471848,1.0967468138825183,-4.484732365696553,30.909947685761217
-16.841532287650402,-1.7940692780726053,-4.062301825946948,27.97722541910066
-16.841532287650402,-1.7940692780726053,-4.062301825946948,27.97722541910066
-7.674368271593721,-4.209696866221773,-2.8597120044002082,18.27235438062448
-19.182184679070808,-6.171087863356268,-11.046210855636387,36.54530167041626
-12.460421539562683,-6.553735565725409,-5.5752702837744295,24.456745929040064
-19.814736174076167,-0.43406712394356006,-11.328871653813426,Inf
-11.026569373774828,1.8723429071322002,-9.226643056434147,24.86958062725623
-19.218459876221743,-4.896167488837202,-13.08818751143277,Inf
-10.108566668092047,-7.506164498922008,-10.47431555523092,24.24607232523692
-19.897721083422955,-0.7744005295261331,-8.931168129316944,Inf
-16.46144362775957,-1.937031581110105,-6.79429668418833,Inf
-11.148692162366345,-8.385771022528168,-11.445792277792926,Inf
-5.831422621936406,-6.611083019629911,-6.867315962893059,18.019238020240344
-17.842045040782182,-12.700062984470737,-6.205719996070194,Inf
-11.157487491839602,-11.145851660741908,-6.632082523001497,24.221136673848584
-11.04288917958474,-10.278120215391375,-6.374141546108012,23.910211410097887
-2.9391741599152432,-8.930584377783406,-6.022754251093723,15.687710392478474
-17.15640232432638,-13.062330230721031,-19.710162102217197,Inf
-11.148692162366345,-8.385771022528168,-11.445792277792926,Inf
-18.16818845609271,-13.845386390018293,-19.539862998839066,Inf
-17.15640232432638,-13.062330230721031,-19.710162102217197,Inf
-18.536270331125273,-18.35925873748593,-11.212335970172314,Inf
-9.658769981637354,-19.411015954051063,-7.654108055492133,28.371691866903248
-18.003022699627795,-18.885689149709954,-8.841135904736541,Inf
-9.658769981637354,-19.411015954051063,-7.654108055492133,28.371691866903248
-13.619397719861999,-19.04635394615342,-15.152035294359862,Inf
-9.173734441957855,-12.353876376159434,-12.497143030961722,Inf
-12.359017108421737,-13.887647153223392,-12.800723877151343,Inf
-9.173734441957855,-12.353876376159434,-12.497143030961722,Inf
-13.324460642722,-14.318562269365698,-16.801984860036523,Inf
-9.173734441957855,-12.353876376159434,-12.497143030961722,Inf
-16.9719152767375,-18.881311179704568,-11.20844156746374,Inf
-10.528919807669803,-12.92857483127042,-12.662045526487775,Inf
-11.157487491839602,-11.145851660741908,-6.632082523001497,24.221136673848584
-2.9391741599152432,-8.930584377783406,-6.022754251093723,15.687710392478474
-15.628183464292249,-8.688673650540215,-18.147667748915694,Inf
-11.148692162366345,-8.385771022528168,-11.445792277792926,Inf
-15.68875777346995,-11.376853886186789,-7.5416952237166335,Inf
-11.04288917958474,-10.278120215391375,-6.374141546108012,23.910211410097887
-18.17710531735664,-13.011060197404225,-8.545251404566585,Inf
-11.157487491839602,-11.145851660741908,-6.632082523001497,24.221136673848584
-14.290503927654541,-9.486077086766525,-14.718299825639418,Inf
-11.148692162366345,-8.385771022528168,-11.445792277792926,Inf
-16.211370743799918,-9.155322909517807,-6.597915490124571,Inf
-12.460421539562683,-6.553735565725409,-5.5752702837744295,24.456745929040064
-14.513792778374643,-9.957720798316396,-6.48603362418898,Inf
-5.831422621936406,-6.611083019629911,-6.867315962893059,18.019238020240344
-11.198248263421604,-8.439597959883018,-4.682047286400355,Inf
-1.5866580934088574,-7.72906963502626,-3.8485309304898863,13.218722672159121
-17.954709061816672,-2.7110461123729195,-12.934795625466409,Inf
-8.86586952256609,-4.477129513938509,-10.348044583804006,23.10619165573009
-19.133834346811742,-7.568891901825445,-19.599568699480585,Inf
-17.954709061816672,-2.7110461123729195,-12.934795625466409,Inf
-11.17584678611463,-3.180648933804555,-15.060297743424504,Inf
-8.86586952256609,-4.477129513938509,-10.348044583804006,23.10619165573009
-12.39820122741123,-7.023589125889966,-19.727902865759177,Inf
-10.108566668092047,-7.506164498922008,-10.47431555523092,24.24607232523692
-11.15881998019602,-5.255431764186831,-13.814365717361179,Inf
-5.831422621936406,-6.611083019629911,-6.867315962893059,18.019238020240344
-12.420802522647607,-0.36319045213873125,-18.68688683493513,Inf
-8.86586952256609,-4.477129513938509,-10.348044583804006,23.10619165573009
-15.161372449915769,-2.0508715185680337,-18.52796275463816,Inf
-11.17584678611463,-3.180648933804555,-15.060297743424504,Inf
-13.721340076367996,-2.3002166915095827,-14.332008211439371,Inf
-8.86586952256609,-4.477129513938509,-10.348044583804006,23.10619165573009
-16.46144362775957,-1.937031581110105,-6.79429668418833,Inf
-7.674368271593721,-4.209696866221773,-2.8597120044002082,18.27235438062448
-17.111417778900694,-3.120942736314678,-11.736738258444213,Inf
-7.778841339704163,-2.609544601084231,-8.590504517327782,Inf
-12.460421539562683,-6.553735565725409,-5.5752702837744295,24.456745929040064
-7.674368271593721,-4.209696866221773,-2.8597120044002082,18.27235438062448
-13.847864313542049,-7.382467018297376,-5.797235729917789,Inf
-7.674368271593721,-4.209696866221773,-2.8597120044002082,18.27235438062448
-11.919085830079421,-1.331674142968211,-10.96239980768047,Inf
-6.143332445936025,-2.4512726513915695,-6.320450246428644,18.276221485227083
-19.667710606458826,-17.425939425894448,-3.1442283400387154,Inf
-10.756810734441373,-18.81253694733262,-0.21306922901257508,26.180396579754664
-15.078174936542075,-6.7764236631086305,-3.5603208487199467,Inf
-7.610398497940745,-4.708771577611568,-1.790005968205346,18.033752735798977
-17.20181345328088,-12.258015851268125,-2.8696505887911172,Inf
-8.138687260120525,-14.191323392589306,-2.0466528158992148,20.561480846676503
-14.707617314308346,-11.025433825570419,-2.961598391283154,Inf
-5.675808411094998,-11.499826423209445,-0.8449082739848812,18.0102607318381
-18.484228134599405,-18.24545869844796,-2.1285863565975305,Inf
-10.756810734441373,-18.81253694733262,-0.21306922901257508,26.180396579754664
-11.054651814576717,5.980787517760433,-6.505787564985566,25.004911798224423
-3.979476213455129,1.3786487776893708,-4.375629430535799,16.3000071779927
-13.774573250293978,3.501858432470179,-9.701414474619678,Inf
-11.026569373774828,1.8723429071322002,-9.226643056434147,24.86958062725623
-17.26740691701525,3.8686364817025165,-16.1329235705427,Inf
-11.026569373774828,1.8723429071322002,-9.226643056434147,24.86958062725623
-19.261678195321686,6.188086935541097,-19.3500674937793,Inf
-17.26740691701525,3.8686364817025165,-16.1329235705427,Inf
-11.026569373774828,1.8723429071322002,-9.226643056434147,24.86958062725623
-3.979476213455129,1.3786487776893708,-4.375629430535799,16.3000071779927
-18.667333143245273,3.879615539465526,-2.883797002133271,Inf
-11.054651814576717,5.980787517760433,-6.505787564985566,25.004911798224423
-19.874420744832697,4.53543601604343,-2.289838987774317,Inf
-11.054651814576717,5.980787517760433,-6.505787564985566,25.004911798224423
-18.102393918482093,2.254882066402697,-5.245528378525703,Inf
-16.841532287650402,-1.7940692780726053,-4.062301825946948,27.97722541910066
-18.116111823674082,4.176706044792322,-5.129837280468905,Inf
-11.054651814576717,5.980787517760433,-6.505787564985566,25.004911798224423
-7.0080083221032385,-14.02759697113102,-9.19677144761251,23.10134183586343
-2.9391741599152432,-8.930584377783406,-6.022754251093723,15.687710392478474
-9.658769981637354,-19.411015954051063,-7.654108055492133,28.371691866903248
-4.808464339737446,-15.473157313397783,-6.374272730922792,21.978306058464753
-5.268114478629551,-14.148003086678198,-17.737958876180258,Inf
-6.52143863725577,-10.654590575110019,-11.996481883433372,22.86338025524492
9.793552787175432,-14.678572725599794,-15.277859907778799,19.255282911604723
9.392672218405444,-10.99771308060597,-6.101133611176559,9.31490782538131
0.8401734255422078,-15.816108408216714,-8.55804988929501,18.1425047294126
5.310057524088123,-8.034539318894831,-5.702560497885756,8.725153668165374
7.048073925888481,-15.864774699780657,-14.02074282847443,Inf
9.392672218405444,-10.99771308060597,-6.101133611176559,9.31490782538131
-4.816422209195128,-15.662234755530937,-12.012240172290518,Inf
2.190411789683022,-14.216118023733815,-7.242848413793537,16.74336370376817
6.25375609051008,-17.029985894533148,-5.266494760500446,14.823043694734357
8.414324882608515,-10.89833211957024,-2.014693402443619,6.81124538402527
2.190411789683022,-14.216118023733815,-7.242848413793537,16.74336370376817
8.414324882608515,-10.89833211957024,-2.014693402443619,6.81124538402527
-4.808464339737446,-15.473157313397783,-6.374272730922792,21.978306058464753
3.0580002000488165,-11.891873314632777,-2.274105974448524,12.21326397690692
-3.969495238545207,-18.730259559443923,-7.175188803656027,23.455751771663856
2.4567766546799774,-12.887633816469064,-2.4012319894201717,13.121527193097366
-8.305373289431062,-19.52534356360573,-6.67378157364662,Inf
-4.808464339737446,-15.473157313397783,-6.374272730922792,21.978306058464753
1.9301691451793275,-17.816502111357615,-6.589782351009346,Inf
7.929970322526305,-12.223316926247012,-1.6195721636326539,7.957605707944286
3.026433045300525,-18.68416418435711,-3.9336951824179707,16.353511003520495
7.3317620349555845,-13.054752631928972,-1.2826976529425522,8.78687898940349
5.067032761331802,-16.38900173850878,-4.743422684613865,13.899641008398273
8.414324882608515,-10.89833211957024,-2.014693402443619,6.81124538402527
5.579425562376315,-16.708429178820666,-3.1786299132298907,Inf
7.929970322526305,-12.223316926247012,-1.6195721636326539,7.957605707944286
8.348245275296513,-19.03424767952476,-4.01725961446429,15.190353233880405
8.414324882608515,-10.89833211957024,-2.014693402443619,6.81124538402527
9.236358125948165,-19.709508762567918,-4.436249387880418,Inf
8.414324882608515,-10.89833211957024,-2.014693402443619,6.81124538402527
6.050163138765534,-0.22778436556390602,-15.343378810495079,17.691439195153535
8.360594201151024,-1.2145144203971299,-7.365507751592126,9.32734004894369
-5.882966527237343,-0.9035361458137743,-18.663259085136865,Inf
-1.5948222971149306,0.797139625113445,-11.20824373320323,18.47215446925783
-8.872769245323706,-0.3600709008823628,-17.672385950385845,Inf
-1.5948222971149306,0.797139625113445,-11.20824373320323,18.47215446925783
-9.880970152884103,-9.350775144601364,-17.763918640876717,Inf
-6.52143863725577,-10.654590575110019,-11.996481883433372,22.86338025524492
-7.697129670349208,-9.325457625930484,-15.819330232776299,Inf
-0.2033111652304953,-8.380019965968755,-10.486380601484573,16.032788440474242
-10.76656643348226,-11.102037807410241,-17.652695837626318,Inf
-7.697129670349208,-9.325457625930484,-15.819330232776299,Inf
-7.477259585799079,-8.322438354155794,-15.409637861347703,Inf
-0.2033111652304953,-8.380019965968755,-10.486380601484573,16.032788440474242
-9.125711030647974,5.843819751996087,-19.038790793366182,Inf
-6.126369552099433,5.2394266988005,-14.268548431701413,24.860177144056664
-6.137398517581509,1.54360234952361,-19.30961329312631,Inf
-1.5948222971149306,0.797139625113445,-11.20824373320323,18.47215446925783
-10.273023452026964,2.3979224294604435,-16.912339691583924,Inf
-4.939166830043913,0.3105355973061741,-11.381898719054169,21.85617277430896
-10.557802493328365,5.244507880766385,-17.815443337961455,Inf
-6.126369552099433,5.2394266988005,-14.268548431701413,24.860177144056664
-10.105070931859279,6.618496234264882,-16.420267928204293,Inf
-6.126369552099433,5.2394266988005,-14.268548431701413,24.860177144056664
5.565002173256488,0.9947283047019013,-19.546174518486303,22.09523416705261
6.050163138765534,-0.22778436556390602,-15.343378810495079,17.691439195153535
0.2637318484107709,-13.12864260749305,-17.743414978162406,24.717953615211687
-0.2033111652304953,-8.380019965968755,-10.486380601484573,16.032788440474242
1.8467357743313144,-7.786640452124702,-19.688732780429543,24.892572813301875
5.992301137470424,-5.1117439339438775,-12.854479342035994,16.463586894270534
-0.7461340340697475,-10.191885521827908,-18.691217432534195,24.45281580881409
-0.2033111652304953,-8.380019965968755,-10.486380601484573,16.032788440474242
3.187993118162808,-13.94957093477088,-18.378236578722856,24.59698755021931
7.683005881013187,-12.88905776705537,-15.724846012931328,19.270608910682192
7.683005881013187,-12.88905776705537,-15.724846012931328,19.270608910682192
9.392672218405444,-10.99771308060597,-6.101133611176559,9.31490782538131
5.940704822975,-13.025887899168582,-16.798477536066887,Inf
7.683005881013187,-12.88905776705537,-15.724846012931328,19.270608910682192
-4.295189901873977,-9.81729479131979,-15.935146033846372,Inf
-0.2033111652304953,-8.380019965968755,-10.486380601484573,16.032788440474242
-5.310735264928956,1.1818334565470323,-18.15777106111483,Inf
-1.5948222971149306,0.797139625113445,-11.20824373320323,18.47215446925783
7.8201585586240725,4.52087861682611,-19.025789994214968,22.62205625133494
7.672721732944893,3.2396011124020703,-16.017939041092113,19.083203974376307
-1.2224887595718599,5.737136308509712,-15.455058345867378,24.84699586056544
-2.0829513825133184,3.9847297244438877,-8.989977540317726,18.093582310097567
7.672721732944893,3.2396011124020703,-16.017939041092113,19.083203974376307
8.360594201151024,-1.2145144203971299,-7.365507751592126,9.32734004894369
-9.181917788437755,-9.00171469005632,-9.810308327467654,22.95783890527483
-1.5866580934088574,-7.72906963502626,-3.8485309304898863,13.218722672159121
-10.108566668092047,-7.506164498922008,-10.47431555523092,24.24607232523692
-5.831422621936406,-6.611083019629911,-6.867315962893059,18.019238020240344
-10.528919807669803,-12.92857483127042,-12.662045526487775,Inf
-9.173734441957855,-12.353876376159434,-12.497143030961722,Inf
-10.846754825675715,-3.918381652918981,-6.812017298867108,24.060303682934567
-6.143332445936025,-2.4512726513915695,-6.320450246428644,18.276221485227083
-9.224374335072909,-4.366695517646297,-5.959213029894155,Inf
0.36458871288249384,-5.8356566704411605,-3.9532848819985205,Inf
3.804394006177418,0.1456527802576879,-4.141378805305669,9.554949093810512
10.0,-5.0,1.0,0.0
-8.86586952256609,-4.477129513938509,-10.348044583804006,23.10619165573009
-5.831422621936406,-6.611083019629911,-6.867315962893059,18.019238020240344
3.3526780481812395,-1.9644995664618925,-12.562322343048713,16.995682103534243
8.360594201151024,-1.2145144203971299,-7.365507751592126,9.32734004894369
-4.858194793213304,-13.549023697384692,-11.836977818646668,24.258590017671935
-0.2033111652304953,-8.380019965968755,-10.486380601484573,16.032788440474242
2.9720412416340736,-1.7474949499143122,-12.337148288085116,16.905616257020444
8.360594201151024,-1.2145144203971299,-7.365507751592126,9.32734004894369
-9.173734441957855,-12.353876376159434,-12.497143030961722,Inf
-2.9391741599152432,-8.930584377783406,-6.022754251093723,15.687710392478474
-4.6550546600813725,-1.5868653949094735,-15.224068141664784,24.83513742386502
-1.5948222971149306,0.797139625113445,-11.20824373320323,18.47215446925783
-0.2033111652304953,-8.380019965968755,-10.486380601484573,16.032788440474242
5.310057524088123,-8.034539318894831,-5.702560497885756,8.725153668165374
-6.52143863725577,-10.654590575110019,-11.996481883433372,22.86338025524492
-2.9391741599152432,-8.930584377783406,-6.022754251093723,15.687710392478474
-5.649488424553564,-12.662254294094124,-10.723278548435236,Inf
-2.9391741599152432,-8.930584377783406,-6.022754251093723,15.687710392478474
5.992301137470424,-5.1117439339438775,-12.854479342035994,16.463586894270534
8.360594201151024,-1.2145144203971299,-7.365507751592126,9.32734004894369
4.382064604208075,-5.220291536035013,-3.1641773616776625,6.996434775773242
10.0,-5.0,1.0,0.0
2.2647881304376654,-6.472390853660084,-9.50572475253737,13.798334192708072
4.382064604208075,-5.220291536035013,-3.1641773616776625,6.996434775773242
-1.5866580934088574,-7.72906963502626,-3.8485309304898863,13.218722672159121
1.3901113850245679,-6.499537161317974,-1.6816838006462298,9.141674992423736
-2.9391741599152432,-8.930584377783406,-6.022754251093723,15.687710392478474
4.382064604208075,-5.220291536035013,-3.1641773616776625,6.996434775773242
-5.831422621936406,-6.611083019629911,-6.867315962893059,18.019238020240344
1.8333174934175211,-5.724792605144513,-1.3343111497363935,8.52461354124491
-1.1986928024969927,-12.318693376534569,-3.9589847769521995,Inf
1.3901113850245679,-6.499537161317974,-1.6816838006462298,9.141674992423736
3.0580002000488165,-11.891873314632777,-2.274105974448524,12.21326397690692
9.606852253236369,-9.553845107584555,0.8936615936359971,4.572021245721103
2.4567766546799774,-12.887633816469064,-2.4012319894201717,13.121527193097366
8.414324882608515,-10.89833211957024,-2.014693402443619,6.81124538402527
-7.674368271593721,-4.209696866221773,-2.8597120044002082,18.27235438062448
1.8333174934175211,-5.724792605144513,-1.3343111497363935,8.52461354124491
-6.143332445936025,-2.4512726513915695,-6.320450246428644,18.276221485227083
2.6992074374370674,-2.121828915448269,-1.7393409681282535,8.312005159598359
-7.778841339704163,-2.609544601084231,-8.590504517327782,Inf
-6.143332445936025,-2.4512726513915695,-6.320450246428644,18.276221485227083
0.36458871288249384,-5.8356566704411605,-3.9532848819985205,Inf
4.382064604208075,-5.220291536035013,-3.1641773616776625,6.996434775773242
5.310057524088123,-8.034539318894831,-5.702560497885756,8.725153668165374
10.0,-5.0,1.0,0.0
5.550472193531498,-8.572344050434273,-6.486938294358149,9.413510755224964
10.0,-5.0,1.0,0.0
9.366282306644507,-12.807329228150923,-3.6875177403533854,9.128461554815203
10.0,-5.0,1.0,0.0
9.392672218405444,-10.99771308060597,-6.101133611176559,9.31490782538131
10.0,-5.0,1.0,0.0
4.918717938946688,-1.5082819657953266,-2.290615576854922,6.988538694821156
10.0,-5.0,1.0,0.0
8.360594201151024,-1.2145144203971299,-7.365507751592126,9.32734004894369
10.0,-5.0,1.0,0.0
9.120060207170262,-0.07547317526675812,-5.039179283638013,Inf
10.0,-5.0,1.0,0.0
-3.979476213455129,1.3786487776893708,-4.375629430535799,16.3000071779927
2.6992074374370674,-2.121828915448269,-1.7393409681282535,8.312005159598359
-0.6442418813182655,5.848956873865944,-11.23518147325889,21.34722159464736
-2.0829513825133184,3.9847297244438877,-8.989977540317726,18.093582310097567
-1.5583011213163473,3.3712691594672606,-14.597427129998062,22.728213767837218
-1.5948222971149306,0.797139625113445,-11.20824373320323,18.47215446925783
-1.5948222971149306,0.797139625113445,-11.20824373320323,18.47215446925783
3.804394006177418,0.1456527802576879,-4.141378805305669,9.554949093810512
-4.939166830043913,0.3105355973061741,-11.381898719054169,21.85617277430896
-1.5948222971149306,0.797139625113445,-11.20824373320323,18.47215446925783
-1.793860067418347,1.0567102333170126,-14.28164457473934,Inf
-1.5948222971149306,0.797139625113445,-11.20824373320323,18.47215446925783
-4.081758711873649,3.358990671165138,-14.126676208106286,Inf
-1.5948222971149306,0.797139625113445,-11.20824373320323,18.47215446925783
-6.126369552099433,5.2394266988005,-14.268548431701413,24.860177144056664
-2.0829513825133184,3.9847297244438877,-8.989977540317726,18.093582310097567
-3.804023419825107,3.6728573865646474,-14.28077119701019,23.225126934984708
-1.5948222971149306,0.797139625113445,-11.20824373320323,18.47215446925783
-2.0829513825133184,3.9847297244438877,-8.989977540317726,18.093582310097567
3.804394006177418,0.1456527802576879,-4.141378805305669,9.554949093810512
8.978263585411625,1.135735046787694,-7.209015372628835,11.713782942204336
12.211335375016887,-1.3090185865800308,-3.2035370230678595,6.01523660709327
8.294213878805856,1.1272825714306833,-13.905689410141653,Inf
8.360594201151024,-1.2145144203971299,-7.365507751592126,9.32734004894369
8.108820369824823,3.2634481777229425,-13.375663529137798,16.82650744023911
8.360594201151024,-1.2145144203971299,-7.365507751592126,9.32734004894369
3.1676102339941608,6.033187431082673,-12.921703152716688,21.220808444407467
8.978263585411625,1.135735046787694,-7.209015372628835,11.713782942204336
-6.731156259642628,6.069039014627158,-2.221656746603344,Inf
-3.979476213455129,1.3786487776893708,-4.375629430535799,16.3000071779927
-7.3564763010977074,-12.86395902227854,18.822284638963936,55.6291779999657
-0.8557857060288399,-14.794670206238152,13.970910739539526,20.62553722184365
-8.983461096911558,-4.48064010385294,3.911640739219429,21.861525772218943
-5.504463789082097,-7.3855547933044985,3.09863215397181,17.256861334872568
-7.610398497940745,-4.708771577611568,-1.790005968205346,18.033752735798977
1.8333174934175211,-5.724792605144513,-1.3343111497363935,8.52461354124491
-10.583331224905743,-18.338650114871342,16.311583899879366,62.462072954511605
-1.305808422417833,-18.713674700027163,14.287363879014407,22.8182966282458
-10.756810734441373,-18.81253694733262,-0.21306922901257508,26.180396579754664
-8.138687260120525,-14.191323392589306,-2.0466528158992148,20.561480846676503
-11.66470074449685,-19.00153041452043,13.095892112819278,Inf
-9.689865526240249,-16.361601110191508,9.69498079110286,26.103774614183795
-15.10364313078921,-19.932550507978235,12.59507912918479,Inf
-9.689865526240249,-16.361601110191508,9.69498079110286,26.103774614183795
-18.429329038743845,-9.267489531301472,13.906630359562655,40.48410447409147
-14.65258870194825,-2.9693109352404505,7.906904780767778,31.00109186098662
-10.59727024599951,-15.694904703439123,3.9303961313212383,26.049103965352018
-5.675808411094998,-11.499826423209445,-0.8449082739848812,18.0102607318381
-10.943224233118372,-9.551124377802385,0.8781591752205209,23.884958216678235
-5.504463789082097,-7.3855547933044985,3.09863215397181,17.256861334872568
-12.424800716447537,-12.15673531958486,9.440951987375286,Inf
-8.887488491348634,-9.019351447303583,7.371339222918067,22.946340514884348
-19.212727662661084,-14.698146210287009,5.162491229649717,Inf
-11.550762435573727,-13.19230976750502,2.5838214896962626,24.847935096331028
-17.486146019236966,-11.359325375910885,-0.21238023266829487,Inf
-11.513547592698314,-8.176356761921486,-1.3103881514238047,23.276724518721977
-19.163699759698865,-17.62724970178646,2.5265724873470248,Inf
-11.550762435573727,-13.19230976750502,2.5838214896962626,24.847935096331028
-12.585887368242847,-12.031815812997113,5.198482422359287,Inf
-5.504463789082097,-7.3855547933044985,3.09863215397181,17.256861334872568
-15.894717827163038,-14.823605074809194,2.5545154975253226,Inf
-11.550762435573727,-13.19230976750502,2.5838214896962626,24.847935096331028
-16.670802898273642,-17.686189407375004,3.7896357329680797,Inf
-11.550762435573727,-13.19230976750502,2.5838214896962626,24.847935096331028
-14.68785933478915,-12.639424794088407,3.928340778847925,Inf
-10.297305149565679,-9.503323804220054,3.0604371519754103,22.496874001702093
-17.640754697142338,-13.008753597581242,4.463818268765056,Inf
-10.297305149565679,-9.503323804220054,3.0604371519754103,22.496874001702093
-11.550762435573727,-13.19230976750502,2.5838214896962626,24.847935096331028
-5.675808411094998,-11.499826423209445,-0.8449082739848812,18.0102607318381
-18.44748515428084,-10.717894715698613,6.332434417881679,Inf
-10.297305149565679,-9.503323804220054,3.0604371519754103,22.496874001702093
-13.381130220419228,-9.986643239637152,-0.5463111773058742,Inf
-5.675808411094998,-11.499826423209445,-0.8449082739848812,18.0102607318381
-16.316021579214688,-11.208859420566899,6.907721979475028,Inf
-10.297305149565679,-9.503323804220054,3.0604371519754103,22.496874001702093
-13.427499589651077,-12.561647664968314,12.634400501404677,Inf
-8.887488491348634,-9.019351447303583,7.371339222918067,22.946340514884348
-18.50866061131586,-11.590287282974367,10.702580200977437,Inf
-12.424800716447537,-12.15673531958486,9.440951987375286,Inf
-13.420473644210427,-18.639969540233317,11.525966994788853,Inf
-9.689865526240249,-16.361601110191508,9.69498079110286,26.103774614183795
-12.87399687670991,-11.985917021535437,12.948415905220465,Inf
-8.887488491348634,-9.019351447303583,7.371339222918067,22.946340514884348
-11.450007602877088,-6.127462734788756,-0.9066773560192587,22.221300003027064
-7.610398497940745,-4.708771577611568,-1.790005968205346,18.033752735798977
-11.513547592698314,-8.176356761921486,-1.3103881514238047,23.276724518721977
-7.610398497940745,-4.708771577611568,-1.790005968205346,18.033752735798977
-12.887493907145942,-6.705660078836937,16.49303127515217,Inf
-7.464404353432812,-6.076505850339551,14.399685512077447,24.200639677833706
-17.93304470501579,-12.218496674783381,18.796622144574442,Inf
-10.583331224905743,-18.338650114871342,16.311583899879366,62.462072954511605
-18.852529577456856,-17.21067755593716,17.658896964233037,Inf
-13.420473644210427,-18.639969540233317,11.525966994788853,Inf
-17.857118038827807,-18.338059190939155,18.131620489880333,Inf
-13.420473644210427,-18.639969540233317,11.525966994788853,Inf
-19.032890709321542,-10.585377898461443,14.067855879319843,Inf
-12.424800716447537,-12.15673531958486,9.440951987375286,Inf
-12.883469007917832,-7.249401614080497,15.332554367848978,Inf
-7.464404353432812,-6.076505850339551,14.399685512077447,24.200639677833706
-10.297305149565679,-9.503323804220054,3.0604371519754103,22.496874001702093
-5.504463789082097,-7.3855547933044985,3.09863215397181,17.256861334872568
-9.689865526240249,-16.361601110191508,9.69498079110286,26.103774614183795
-4.402155228949143,-14.695346636788313,6.6224797541743,19.765277412153836
-8.39050423714995,-17.324526458628853,8.205310542992379,24.797659318649035
-4.402155228949143,-14.695346636788313,6.6224797541743,19.765277412153836
-9.455651587219416,-12.533374888780306,4.984607795835618,24.014733845747376
-5.504463789082097,-7.3855547933044985,3.09863215397181,17.256861334872568
-9.357967843863007,-12.183105068263993,7.971682746615059,24.795026903787214
-3.735630708181283,-12.085039240068589,6.730681696343275,19.036522290547673
-8.647568639156429,-9.72391092290553,-0.26024858910045623,Inf
-1.5866580934088574,-7.72906963502626,-3.8485309304898863,13.218722672159121
-8.887488491348634,-9.019351447303583,7.371339222918067,22.946340514884348
-5.504463789082097,-7.3855547933044985,3.09863215397181,17.256861334872568
-10.515928748250918,-5.196931416300412,3.581416187437636,22.746664040463656
-5.504463789082097,-7.3855547933044985,3.09863215397181,17.256861334872568
-8.280660351159854,-5.372016758797562,3.613368145789721,20.724793847043355
-5.504463789082097,-7.3855547933044985,3.09863215397181,17.256861334872568
-9.481348297451095,-4.585505330681761,13.880091587634482,Inf
-4.417000752443219,-1.4760659237927527,7.629343847885551,17.76118171689673
-7.997033848499306,-8.70900956748387,14.317695151865962,Inf
-7.464404353432812,-6.076505850339551,14.399685512077447,24.200639677833706
-8.555635589789459,-5.527641113109656,18.0064520358372,Inf
-7.464404353432812,-6.076505850339551,14.399685512077447,24.200639677833706
-7.464404353432812,-6.076505850339551,14.399685512077447,24.200639677833706
-0.8328549369253153,-4.802340530759137,7.55485175219226,14.585407276811548
-10.730077910362184,3.191382175213519,17.470948060310214,40.73254689415537
-7.571474413520116,2.873497028876308,9.870304792008113,22.316854237684705
-14.65258870194825,-2.9693109352404505,7.906904780767778,31.00109186098662
-7.83585558723181,-2.628050126279888,4.299390193540155,20.15709360696546
-14.726216376092749,0.1905229725527846,13.141483895589296,37.11589274642561
-9.650148741742441,-1.8984209332161157,9.845689239109028,23.174676846993005
-15.046991470929312,-1.4302968202730852,16.557962621311056,Inf
-9.650148741742441,-1.8984209332161157,9.845689239109028,23.174676846993005
-15.401190713342965,6.7905096836531875,-0.6492954255569217,Inf
-10.0,8.0,-5.0,25.271006970744907
-15.15495721167178,2.0632630357259174,17.040018519480746,Inf
-9.650148741742441,-1.8984209332161157,9.845689239109028,23.174676846993005
-17.287590891864866,6.173672713168408,6.809100175762694,Inf
-9.580661246428708,1.048809323672259,6.804149596555629,21.98195163434201
-15.909038857547637,4.899543072047273,16.068579048827004,Inf
-10.694344212391327,1.771548787802697,9.000354979022553,23.910720810911133
-15.28304791003218,5.1077027956407335,14.004702081094685,Inf
-7.571474413520116,2.873497028876308,9.870304792008113,22.316854237684705
-18.499467325509002,3.451319941065833,15.147559788800741,Inf
-13.795533364463575,3.731200225191003,12.123239877610445,Inf
-18.160044940871344,1.7869557864699175,16.423496530947418,Inf
-14.726216376092749,0.1905229725527846,13.141483895589296,37.11589274642561
-15.772891845427992,2.4219151152485026,16.58882095266587,Inf
-12.80110602180006,0.92246673162796,14.767415980861529,Inf
-15.427289676715379,6.635772514640472,9.847123717798667,Inf
-10.553207433651721,4.344448692473559,8.259975321357125,24.86634796356312
-18.71100588676299,6.398347595418848,5.290549742938111,Inf
-17.287590891864866,6.173672713168408,6.809100175762694,Inf
-14.764740625390491,0.6035081741740527,11.305545719235006,Inf
-10.694344212391327,1.771548787802697,9.000354979022553,23.910720810911133
-10.694344212391327,1.771548787802697,9.000354979022553,23.910720810911133
-2.289014242202736,-0.7143777721475715,4.947272215548502,14.25376048911281
-8.120463230760961,-2.7492205698741117,11.363119357029127,23.159347334484735
-0.8328549369253153,-4.802340530759137,7.55485175219226,14.585407276811548
-8.652296634083365,-3.9133168870262196,4.487685699080544,22.145087746265936
-2.289014242202736,-0.7143777721475715,4.947272215548502,14.25376048911281
-9.580661246428708,1.048809323672259,6.804149596555629,21.98195163434201
-2.289014242202736,-0.7143777721475715,4.947272215548502,14.25376048911281
-9.650148741742441,-1.8984209332161157,9.845689239109028,23.174676846993005
-2.289014242202736,-0.7143777721475715,4.947272215548502,14.25376048911281
-14.041957589408876,0.17992667345086488,0.8811046053916911,Inf
-7.610398497940745,-4.708771577611568,-1.790005968205346,18.033752735798977
-7.83585558723181,-2.628050126279888,4.299390193540155,20.15709360696546
-2.289014242202736,-0.7143777721475715,4.947272215548502,14.25376048911281
-10.568965795618892,-3.076057677733921,14.640496210544782,Inf
-4.417000752443219,-1.4760659237927527,7.629343847885551,17.76118171689673
-14.26203060382738,-0.44337625987093077,11.456442941132508,Inf
-9.650148741742441,-1.8984209332161157,9.845689239109028,23.174676846993005
-11.767693327276838,-2.936124172272933,11.811300265087851,Inf
-9.650148741742441,-1.8984209332161157,9.845689239109028,23.174676846993005
-12.80110602180006,0.92246673162796,14.767415980861529,Inf
-5.562409186212456,0.24738671786495914,8.666871875582647,19.301089190975173
-9.272390235824988,-2.843263408026189,14.186407985807065,Inf
-4.417000752443219,-1.4760659237927527,7.629343847885551,17.76118171689673
-9.633915776820796,-0.5619260831925672,12.666051653490314,Inf
-5.562409186212456,0.24738671786495914,8.666871875582647,19.301089190975173
-7.571474413520116,2.873497028876308,9.870304792008113,22.316854237684705
-2.289014242202736,-0.7143777721475715,4.947272215548502,14.25376048911281
-10.553207433651721,4.344448692473559,8.259975321357125,24.86634796356312
-6.6794792524,1.5649468035541787,6.287731299748572,19.379024783135016
-10.831694892854067,5.320967531680232,0.35218482494531145,Inf
-3.979476213455129,1.3786487776893708,-4.375629430535799,16.3000071779927
-12.994133944640263,6.027787647616165,9.783319736118685,Inf
-6.6794792524,1.5649468035541787,6.287731299748572,19.379024783135016
-13.795533364463575,3.731200225191003,12.123239877610445,Inf
-10.694344212391327,1.771548787802697,9.000354979022553,23.910720810911133
-12.831052620925316,6.591752346011937,13.617627759512388,Inf
-7.571474413520116,2.873497028876308,9.870304792008113,22.316854237684705
-12.594544540729293,6.099043532650352,15.939238930709777,Inf
-7.571474413520116,2.873497028876308,9.870304792008113,22.316854237684705
-7.787010610130647,4.011546611914845,18.10988463561184,Inf
-2.2445324999625527,1.9443204371014389,12.524929451296586,20.654858485889818
-14.865088412172485,4.119257603347055,17.73998105365066,Inf
-10.694344212391327,1.771548787802697,9.000354979022553,23.910720810911133
2.6992074374370674,-2.121828915448269,-1.7393409681282535,8.312005159598359
10.0,-5.0,1.0,0.0
1.8333174934175211,-5.724792605144513,-1.3343111497363935,8.52461354124491
10.0,-5.0,1.0,0.0
7.929970322526305,-12.223316926247012,-1.6195721636326539,7.957605707944286
10.0,-5.0,1.0,0.0
1.3901113850245679,-6.499537161317974,-1.6816838006462298,9.141674992423736
10.0,-5.0,1.0,0.0
8.414324882608515,-10.89833211957024,-2.014693402443619,6.81124538402527
10.0,-5.0,1.0,0.0
1.7643359825922573,-2.570115297567419,13.602778573616689,16.27039106553523
7.40803447080344,-2.7771108696029785,9.860083330813964,9.495293466741716
-5.675808411094998,-11.499826423209445,-0.8449082739848812,18.0102607318381
1.3901113850245679,-6.499537161317974,-1.6816838006462298,9.141674992423736
-4.402155228949143,-14.695346636788313,6.6224797541743,19.765277412153836
3.5850007850458887,-12.442807091190327,1.1544615189999163,9.827077423394334
-3.5866569004259574,-19.212229352856866,5.570331896394585,21.30949111313216
1.6239803179995072,-16.568462760428602,4.171276182994106,15.301363375934912
1.6239803179995072,-16.568462760428602,4.171276182994106,15.301363375934912
3.5850007850458887,-12.442807091190327,1.1544615189999163,9.827077423394334
1.4071325059004813,-12.271918073225079,5.676845089909406,Inf
9.481951926118413,-8.466304069588997,4.721133417690826,5.111797298598319
0.05961019215077812,-16.29594704447439,15.246353930326812,21.357210347490014
4.549744435971796,-13.145040514068667,9.560381586819659,13.456590183096855
-1.4678187866811072,-14.604975187243872,6.6254635374433875,17.581935229043108
3.5850007850458887,-12.442807091190327,1.1544615189999163,9.827077423394334
-3.164031442381649,-18.214831168824787,9.856014720504103,22.714640025491974
4.549744435971796,-13.145040514068667,9.560381586819659,13.456590183096855
-4.757679167028019,-19.434795693249534,8.229362651574963,23.641872506830822
1.6239803179995072,-16.568462760428602,4.171276182994106,15.301363375934912
-0.8557857060288399,-14.794670206238152,13.970910739539526,20.62553722184365
4.549744435971796,-13.145040514068667,9.560381586819659,13.456590183096855
-1.305808422417833,-18.713674700027163,14.287363879014407,22.8182966282458
4.549744435971796,-13.145040514068667,9.560381586819659,13.456590183096855
-1.5217334327145267,-19.236522627619593,11.376427228804964,Inf
4.549744435971796,-13.145040514068667,9.560381586819659,13.456590183096855
-6.264481289573709,-15.470069394170807,10.945252785604971,Inf
-1.4678187866811072,-14.604975187243872,6.6254635374433875,17.581935229043108
-3.735630708181283,-12.085039240068589,6.730681696343275,19.036522290547673
3.5850007850458887,-12.442807091190327,1.1544615189999163,9.827077423394334
-6.260744185552669,-14.343079348271042,12.693711526657665,Inf
-1.4678187866811072,-14.604975187243872,6.6254635374433875,17.581935229043108
-4.764856972045894,-13.719546708093526,15.010202825011312,Inf
-0.8557857060288399,-14.794670206238152,13.970910739539526,20.62553722184365
0.29801822725975313,-17.473147966073093,9.897358918161807,19.89658408134187
4.549744435971796,-13.145040514068667,9.560381586819659,13.456590183096855
1.0300781452084777,-17.945257283726626,10.713998080815152,19.405307921005402
5.548646433045192,-13.325669386387498,6.239351150109165,12.270858151604171
1.7074063940790936,-16.2916264025443,16.814630809426745,Inf
4.549744435971796,-13.145040514068667,9.560381586819659,13.456590183096855
-1.9058300599387223,-2.4768247852901837,14.793876536947757,20.130123732143097
1.7643359825922573,-2.570115297567419,13.602778573616689,16.27039106553523
-5.504463789082097,-7.3855547933044985,3.09863215397181,17.256861334872568
1.8333174934175211,-5.724792605144513,-1.3343111497363935,8.52461354124491
0.48705054843412654,-8.370813943038042,5.672019881129167,13.87579856037604
3.789106770004331,-3.6447499087517983,0.8485938410279985,6.358838050242273
-3.392712650265217,-10.545485503997467,13.087209524310374,22.522578094998703
0.48705054843412654,-8.370813943038042,5.672019881129167,13.87579856037604
1.0891227164673296,-4.766184832346996,14.506413748390841,17.586859899618194
7.40803447080344,-2.7771108696029785,9.860083330813964,9.495293466741716
-0.8328549369253153,-4.802340530759137,7.55485175219226,14.585407276811548
3.789106770004331,-3.6447499087517983,0.8485938410279985,6.358838050242273
-3.6608188255164364,-10.877420737792542,18.512026880279883,Inf
1.0891227164673296,-4.766184832346996,14.506413748390841,17.586859899618194
-4.852575393422365,-5.69060782351646,15.492160652996517,23.826233467572024
-0.8328549369253153,-4.802340530759137,7.55485175219226,14.585407276811548
-6.597239663060819,-9.284793635835031,16.778973107852686,Inf
1.0891227164673296,-4.766184832346996,14.506413748390841,17.586859899618194
-0.3576690484285727,-5.83276337260255,18.58270554005692,21.840626651535572
4.830670348300998,-4.574667831690258,11.723150802759086,13.148379457644642
-1.5840503733013023,-4.456351958702989,18.739842236014248,22.656092076959084
1.0891227164673296,-4.766184832346996,14.506413748390841,17.586859899618194
3.5680762126125565,-10.238665010937558,18.331351057158372,21.06345223324284
8.50412175304971,-6.921130014963266,12.33973927884967,12.621296363516718
7.3317620349555845,-13.054752631928972,-1.2826976529425522,8.78687898940349
10.0,-5.0,1.0,0.0
3.5850007850458887,-12.442807091190327,1.1544615189999163,9.827077423394334
10.0,-5.0,1.0,0.0
3.429612355137685,-14.886606357740124,9.76219329495023,15.53708902517666
4.549744435971796,-13.145040514068667,9.560381586819659,13.456590183096855
2.0492535285034563,-17.54009002139048,19.132991362738075,Inf
3.429612355137685,-14.886606357740124,9.76219329495023,15.53708902517666
2.642055211682745,-19.17231600939057,-0.28385199068151223,16.559627822508087
7.3317620349555845,-13.054752631928972,-1.2826976529425522,8.78687898940349
3.387001359966469,-12.49901813977786,6.62529672260268,13.528149347511185
9.481951926118413,-8.466304069588997,4.721133417690826,5.111797298598319
9.513088972935606,-16.756900835274998,15.206671880297549,20.72821768880653
9.85482454504023,-12.729934345474092,14.396716048512737,16.253833452272207
9.367024031039229,-18.42109967692781,13.600307958820807,20.839619510206333
13.542087071370958,-12.451460288302387,9.291095579333508,12.375751768299047
5.034616859328036,-18.492229688936142,14.535599967041819,Inf
4.549744435971796,-13.145040514068667,9.560381586819659,13.456590183096855
5.548646433045192,-13.325669386387498,6.239351150109165,12.270858151604171
9.481951926118413,-8.466304069588997,4.721133417690826,5.111797298598319
5.9980993852861815,-15.070608775649408,1.8749438038290762,11.236906346550711
9.606852253236369,-9.553845107584555,0.8936615936359971,4.572021245721103
9.85482454504023,-12.729934345474092,14.396716048512737,16.253833452272207
11.22809515576008,-7.036055069050535,8.793478866363785,8.14813173655573
4.549744435971796,-13.145040514068667,9.560381586819659,13.456590183096855
9.481951926118413,-8.466304069588997,4.721133417690826,5.111797298598319
9.145640137935096,-15.008780312416432,15.344613662575853,18.821827095386805
9.85482454504023,-12.729934345474092,14.396716048512737,16.253833452272207
9.606852253236369,-9.553845107584555,0.8936615936359971,4.572021245721103
10.0,-5.0,1.0,0.0
3.789106770004331,-3.6447499087517983,0.8485938410279985,6.358838050242273
10.0,-5.0,1.0,0.0
7.364331370319874,-3.278876265812727,0.21532971510540122,3.244183023483605
10.0,-5.0,1.0,0.0
7.564197149903215,-5.357760734234338,13.384627469892308,14.257097767831397
10.752739150115111,-6.618305393183679,5.591920054607993,4.926586887657059
4.830670348300998,-4.574667831690258,11.723150802759086,13.148379457644642
7.40803447080344,-2.7771108696029785,9.860083330813964,9.495293466741716
3.9731243607496047,-9.293902148752133,16.290313543536463,19.084037421977975
8.50412175304971,-6.921130014963266,12.33973927884967,12.621296363516718
7.483680308211113,-8.199349675057723,16.176018523694616,16.50730566003483
11.22809515576008,-7.036055069050535,8.793478866363785,8.14813173655573
7.375653211229007,-2.973141635939733,13.442277842997498,13.082993862599768
7.40803447080344,-2.7771108696029785,9.860083330813964,9.495293466741716
7.40803447080344,-2.7771108696029785,9.860083330813964,9.495293466741716
10.0,-5.0,1.0,0.0
2.3626050810292583,-3.493228971030913,17.575181378426656,18.741477584888347
7.40803447080344,-2.7771108696029785,9.860083330813964,9.495293466741716
9.853164186045138,-3.9188686774526538,12.302102612639544,13.03870703649483
9.918666503017963,-2.5582004445909767,6.899339343873567,6.385233347396291
8.50412175304971,-6.921130014963266,12.33973927884967,12.621296363516718
10.752739150115111,-6.618305393183679,5.591920054607993,4.926586887657059
9.481951926118413,-8.466304069588997,4.721133417690826,5.111797298598319
10.0,-5.0,1.0,0.0
9.918666503017963,-2.5582004445909767,6.899339343873567,6.385233347396291
10.0,-5.0,1.0,0.0
7.482255542066092,3.01404849746044,-1.414127615710406,8.740253006637763
10.0,-5.0,1.0,0.0
4.450300725203231,0.19685186077556693,-0.4102994427197899,7.7327469777344975
10.0,-5.0,1.0,0.0
3.604171849297593,2.4835000024027565,13.348092578820392,16.71876621865303
8.798826744958752,0.22469461220190112,5.275865845702956,6.857352237551096
-5.562409186212456,0.24738671786495914,8.666871875582647,19.301089190975173
-2.289014242202736,-0.7143777721475715,4.947272215548502,14.25376048911281
-4.417000752443219,-1.4760659237927527,7.629343847885551,17.76118171689673
-2.289014242202736,-0.7143777721475715,4.947272215548502,14.25376048911281
-4.769677181513661,-0.5353174414957529,6.113189116940134,17.000597477620595
-2.289014242202736,-0.7143777721475715,4.947272215548502,14.25376048911281
-6.6794792524,1.5649468035541787,6.287731299748572,19.379024783135016
-2.289014242202736,-0.7143777721475715,4.947272215548502,14.25376048911281
-2.289014242202736,-0.7143777721475715,4.947272215548502,14.25376048911281
3.789106770004331,-3.6447499087517983,0.8485938410279985,6.358838050242273
-2.2445324999625527,1.9443204371014389,12.524929451296586,20.654858485889818
3.8487210739316957,-0.39833938154356474,11.306301773758065,14.01401158522031
2.7937870679440664,2.2280317995134524,14.105221231414411,17.51800672524216
7.40803447080344,-2.7771108696029785,9.860083330813964,9.495293466741716
-1.1956338761484915,1.0189079145665119,9.040671958595155,18.83149806929532
-2.289014242202736,-0.7143777721475715,4.947272215548502,14.25376048911281
2.1273145994752056,0.820217739632767,14.673843589132971,17.495234923204904
7.40803447080344,-2.7771108696029785,9.860083330813964,9.495293466741716
1.6535538777237662,-0.19911129335689992,19.583236331457037,Inf
6.766744572113321,-2.0127950954773226,12.48197932290558,12.30060448872936
3.8487210739316957,-0.39833938154356474,11.306301773758065,14.01401158522031
7.40803447080344,-2.7771108696029785,9.860083330813964,9.495293466741716
2.4960300487990494,-1.4182495276225353,19.805323488373915,20.799066510636756
6.766744572113321,-2.0127950954773226,12.48197932290558,12.30060448872936
-6.495755211093703,4.770611175588321,11.50094682981792,23.77911740031829
-2.289014242202736,-0.7143777721475715,4.947272215548502,14.25376048911281
-5.161181681228717,6.529041706999877,-0.7356500210864603,21.175825985872724
3.0431381196752305,3.976845982073147,2.779899043907051,11.892310938100376
3.0431381196752305,3.976845982073147,2.779899043907051,11.892310938100376
4.9516319777049915,3.1495522750602163,1.882983482688445,9.627091035363204
-0.018433365797363876,3.606925227626352,7.120682735316031,Inf
8.798826744958752,0.22469461220190112,5.275865845702956,6.857352237551096
2.9685611542306845,5.112898832505152,10.394692870744038,16.0273537353759
8.798826744958752,0.22469461220190112,5.275865845702956,6.857352237551096
-2.516610522573977,4.071617578786295,9.119410201720271,20.324937358176967
3.0431381196752305,3.976845982073147,2.779899043907051,11.892310938100376
0.6564373271910711,5.175043542513571,2.090631012962856,Inf
4.9516319777049915,3.1495522750602163,1.882983482688445,9.627091035363204
-4.933879366015255,5.212872368141159,10.679932329178943,22.913494764892985
-2.289014242202736,-0.7143777721475715,4.947272215548502,14.25376048911281
-0.227120587329523,5.319145138304879,16.383344785283796,22.369645887214595
3.604171849297593,2.4835000024027565,13.348092578820392,16.71876621865303
-6.3731951355283645,5.760568709289522,14.653864306031188,Inf
-2.2445324999625527,1.9443204371014389,12.524929451296586,20.654858485889818
-0.393280415954969,4.491853137614676,14.642735504951276,21.296892166231903
3.8487210739316957,-0.39833938154356474,11.306301773758065,14.01401158522031
-0.40618418181200866,5.384919137988689,19.733591885792023,Inf
2.7937870679440664,2.2280317995134524,14.105221231414411,17.51800672524216
-0.6518938579627758,5.583613532757283,17.715753911260265,Inf
2.7937870679440664,2.2280317995134524,14.105221231414411,17.51800672524216
2.1601359004221194,5.688116899739228,13.06169040036491,18.87292978230766
2.9685611542306845,5.112898832505152,10.394692870744038,16.0273537353759
0.8607167126897863,3.3825473502752317,19.59209866213841,Inf
2.1273145994752056,0.820217739632767,14.673843589132971,17.495234923204904
6.766744572113321,-2.0127950954773226,12.48197932290558,12.30060448872936
7.40803447080344,-2.7771108696029785,9.860083330813964,9.495293466741716
8.798826744958752,0.22469461220190112,5.275865845702956,6.857352237551096
10.0,-5.0,1.0,0.0
6.473091500924831,0.8900292474834188,-0.10614181376887188,6.953781547419119
10.0,-5.0,1.0,0.0
4.9516319777049915,3.1495522750602163,1.882983482688445,9.627091035363204
10.0,-5.0,1.0,0.0
6.27620818277456,2.9379434868680647,-1.1995222835686015,9.039660976754666
10.0,-5.0,1.0,0.0
8.580357817114049,5.175615997262781,8.786915805885531,12.930804555334188
8.798826744958752,0.22469461220190112,5.275865845702956,6.857352237551096
4.478288460151454,5.387184025279382,14.408888504360206,19.28971796869253
7.40803447080344,-2.7771108696029785,9.860083330813964,9.495293466741716
6.966297965311128,3.8968999851399566,10.797125268538956,Inf
8.798826744958752,0.22469461220190112,5.275865845702956,6.857352237551096
7.0945904700354845,6.528332512109252,6.099961362362265,Inf
8.798826744958752,0.22469461220190112,5.275865845702956,6.857352237551096
9.473214795670657,-1.9266568528799866,11.776437777053445,Inf
9.918666503017963,-2.5582004445909767,6.899339343873567,6.385233347396291
8.76722285647352,3.609371268637787,14.511938358215616,Inf
9.918666503017963,-2.5582004445909767,6.899339343873567,6.385233347396291
-1.3896921179313253,7.1557475710756435,18.021559575846908,25.00187363305091
3.604171849297593,2.4835000024027565,13.348092578820392,16.71876621865303
0.4400928619638833,8.45583039338738,7.586532740497589,18.62937112421597
4.9516319777049915,3.1495522750602163,1.882983482688445,9.627091035363204
-19.37350678113728,10.84008600083748,-7.754184901328616,41.43617763509539
-11.054651814576717,5.980787517760433,-6.505787564985566,25.004911798224423
-0.3526840990230511,6.970857192518352,-4.526324246603233,17.000835866087446
4.450300725203231,0.19685186077556693,-0.4102994427197899,7.7327469777344975
-10.0,8.0,-5.0,25.271006970744907
-3.979476213455129,1.3786487776893708,-4.375629430535799,16.3000071779927
-10.92694392013529,10.39811195365359,-14.35942927615291,Inf
-6.126369552099433,5.2394266988005,-14.268548431701413,24.860177144056664
-10.193961139621077,7.534263252980978,-16.60339913841665,Inf
-6.126369552099433,5.2394266988005,-14.268548431701413,24.860177144056664
-18.275647165344093,8.397122539172528,-18.684065714219578,Inf
-10.193961139621077,7.534263252980978,-16.60339913841665,Inf
-19.802530287424762,10.226375613606304,-8.728108428227923,Inf
-11.054651814576717,5.980787517760433,-6.505787564985566,25.004911798224423
-10.60156515041573,8.93569545151528,-4.890854125636244,Inf
-10.0,8.0,-5.0,25.271006970744907
-10.907195638803104,6.839783148392939,-12.891308545603053,Inf
-6.126369552099433,5.2394266988005,-14.268548431701413,24.860177144056664
-14.858526478178522,7.042642946499349,-15.993690870504578,Inf
-6.126369552099433,5.2394266988005,-14.268548431701413,24.860177144056664
-12.515630539624345,7.971711822404668,-6.693294850463536,Inf
-11.054651814576717,5.980787517760433,-6.505787564985566,25.004911798224423
-15.419588102905672,8.163348722353412,-10.247489814978792,Inf
-11.054651814576717,5.980787517760433,-6.505787564985566,25.004911798224423
-19.078663395976694,10.256080972287993,-12.573226594783549,Inf
-19.802530287424762,10.226375613606304,-8.728108428227923,Inf
-11.00218110485872,10.123058729534435,-16.341093376770253,Inf
-6.126369552099433,5.2394266988005,-14.268548431701413,24.860177144056664
-14.640294209740041,10.4120720639796,-5.832014518834265,Inf
-10.0,8.0,-5.0,25.271006970744907
-2.7936938555143875,7.567812441250766,-6.862167217808732,20.431731752937587
-0.3526840990230511,6.970857192518352,-4.526324246603233,17.000835866087446
-2.0658089552419767,7.518825072128603,-10.791520291613423,22.060404725341986
-2.0829513825133184,3.9847297244438877,-8.989977540317726,18.093582310097567
-8.130505731312203,7.461450965423619,-18.240578800420355,Inf
-6.126369552099433,5.2394266988005,-14.268548431701413,24.860177144056664
0.3942972669037985,9.494252315393553,-11.30877323992423,24.275938508263245
4.717964961121723,7.721788512418595,-2.9905498362270606,14.380173579557258
-4.640726762983247,9.17496819436181,-19.096378434147052,Inf
-3.804023419825107,3.6728573865646474,-14.28077119701019,23.225126934984708
-14.19754742347246,9.293830239770084,10.905320470371962,Inf
-10.553207433651721,4.344448692473559,8.259975321357125,24.86634796356312
-16.94792090660945,8.013072233953782,3.8643058032280386,Inf
-8.795912459310271,8.267593487622413,4.6370269490552545,25.175903662949295
-16.437086408054753,6.915476867572643,2.336402078986694,Inf
-10.831694892854067,5.320967531680232,0.35218482494531145,Inf
-18.09807696650129,7.156719178510393,4.951874466041623,Inf
-17.287590891864866,6.173672713168408,6.809100175762694,Inf
-18.19836259433723,9.120359102316655,-0.7063242319398633,Inf
-10.0,8.0,-5.0,25.271006970744907
-18.85049870658344,10.57220251151741,12.451728766097226,Inf
-14.19754742347246,9.293830239770084,10.905320470371962,Inf
-19.228114037534514,8.299119021864634,6.598909084110296,Inf
-17.287590891864866,6.173672713168408,6.809100175762694,Inf
-19.695877648236912,8.177589548040736,8.85768260582763,Inf
-10.553207433651721,4.344448692473559,8.259975321357125,24.86634796356312
-15.61009466772692,10.802521755027257,15.533859343413418,Inf
-12.831052620925316,6.591752346011937,13.617627759512388,Inf
-2.7827020546114234,8.357789297404523,16.280773787549776,24.873386246381067
2.9685611542306845,5.112898832505152,10.394692870744038,16.0273537353759
-8.795912459310271,8.267593487622413,4.6370269490552545,25.175903662949295
-3.724545411203202,7.802115983873065,5.243386992267347,20.04724832795874
-12.85044270016555,7.811690132744502,0.33352737825389056,Inf
-5.161181681228717,6.529041706999877,-0.7356500210864603,21.175825985872724
-1.9000647102068697,7.4758158509985435,1.5936991662028888,17.598164777238892
4.450300725203231,0.19685186077556693,-0.4102994427197899,7.7327469777344975
-3.724545411203202,7.802115983873065,5.243386992267347,20.04724832795874
3.0431381196752305,3.976845982073147,2.779899043907051,11.892310938100376
-2.7135280108868116,6.8300419717913385,15.607970359040912,23.92754234142362
2.9685611542306845,5.112898832505152,10.394692870744038,16.0273537353759
0.4182753551580305,8.915982733039833,6.802235347954301,18.45896973741901
4.9516319777049915,3.1495522750602163,1.882983482688445,9.627091035363204
-2.902475078742903,9.639119734184042,-1.0613558554302855,22.063154009324258
0.07873533299405722,8.362193013962454,0.35598084527851626,16.799317566724596
-11.615024631539237,8.37121160299219,-0.5538300884183478,Inf
-1.9000647102068697,7.4758158509985435,1.5936991662028888,17.598164777238892
-3.1557089559486613,8.701484341068529,-1.7372577179881787,Inf
0.07873533299405722,8.362193013962454,0.35598084527851626,16.799317566724596
-9.61557829538143,9.259213068079024,6.178734402504638,Inf
-3.724545411203202,7.802115983873065,5.243386992267347,20.04724832795874
0.07873533299405722,8.362193013962454,0.35598084527851626,16.799317566724596
6.473091500924831,0.8900292474834188,-0.10614181376887188,6.953781547419119
-10.07754314007225,9.588006121951189,12.998148534607608,Inf
-6.495755211093703,4.770611175588321,11.50094682981792,23.77911740031829
-12.16021817988942,10.32250007395404,10.096506251234203,Inf
-7.571474413520116,2.873497028876308,9.870304792008113,22.316854237684705
0.3599497255876756,8.893758071253977,12.245981561518995,20.97982988226147
2.9685611542306845,5.112898832505152,10.394692870744038,16.0273537353759
-2.7771194847408687,9.100563624616214,10.043981829040291,Inf
0.4400928619638833,8.45583039338738,7.586532740497589,18.62937112421597
-2.1324132764147237,11.751213568729504,2.2814057330218347,21.245151106039685
3.0431381196752305,3.976845982073147,2.779899043907051,11.892310938100376
-0.8342303447547117,18.028326492182984,-18.2858204907522,56.826859958120465
1.9870965253189539,12.835830865107496,-10.631289275237616,23.971418064691136
-12.70682335200041,19.64434415051877,-15.877812057521048,69.04849988090763
-0.8342303447547117,18.028326492182984,-18.2858204907522,56.826859958120465
-2.6802213494095923,16.636118526239017,-6.910596781967282,59.119653761564805
0.30840275908548165,12.15333052890277,-2.843444896932212,20.155796037004777
-3.0562360033309766,11.657257960927758,-13.36976144826691,59.35314775732833
-2.0829513825133184,3.9847297244438877,-8.989977540317726,18.093582310097567
-5.878030924659718,18.740921068209026,-8.47611235785294,Inf
-4.7404124892382615,11.065108619815412,-5.7521543292651245,23.1260064406742
-13.478003124456137,16.96724037995824,-6.9636769849385605,Inf
-10.0,8.0,-5.0,25.271006970744907
-5.426485722763363,18.39909260593045,-19.666188658765044,Inf
-3.0562360033309766,11.657257960927758,-13.36976144826691,59.35314775732833
-14.763284295981505,11.498178674423734,-16.082472519176587,Inf
-10.92694392013529,10.39811195365359,-14.35942927615291,Inf
-8.97796348967792,17.84486413380445,-11.676184740009408,Inf
-4.7404124892382615,11.065108619815412,-5.7521543292651245,23.1260064406742
-13.800904864178225,15.618046620349347,-16.23322889297335,Inf
-10.92694392013529,10.39811195365359,-14.35942927615291,Inf
-14.9770343234563,18.411343517152254,-13.423578520672468,Inf
-8.97796348967792,17.84486413380445,-11.676184740009408,Inf
-8.655044784944446,14.52603312915275,-16.72620758593591,Inf
-3.0562360033309766,11.657257960927758,-13.36976144826691,59.35314775732833
-6.149293040597552,13.515437735081278,-19.586065032342603,Inf
-3.0562360033309766,11.657257960927758,-13.36976144826691,59.35314775732833
-15.389875858653825,17.183029452244057,-7.4302080624012845,Inf
-10.60156515041573,8.93569545151528,-4.890854125636244,Inf
-4.504892016254809,16.721547402716403,-9.806505343866272,Inf
0.30840275908548165,12.15333052890277,-2.843444896932212,20.155796037004777
-4.765831578861768,15.315611920901887,-18.856245513450844,Inf
-3.0562360033309766,11.657257960927758,-13.36976144826691,59.35314775732833
-3.1930781693390387,19.143909792130472,-8.245278632434285,Inf
0.30840275908548165,12.15333052890277,-2.843444896932212,20.155796037004777
-1.9128669426831024,18.342146821444054,-14.016882592642208,Inf
1.9870965253189539,12.835830865107496,-10.631289275237616,23.971418064691136
-1.0314138622606777,13.81494673129859,-9.565486541037345,Inf
-0.3526840990230511,6.970857192518352,-4.526324246603233,17.000835866087446
-1.9083587783049367,17.536983366834065,-11.170733136251858,Inf
-1.0314138622606777,13.81494673129859,-9.565486541037345,Inf
-12.993500037509138,19.42589209634665,0.7160450848314,Inf
-3.9421801954307583,17.546492780552185,5.727062389493291,32.488471745396744
-13.03901574426865,14.871183112469623,-5.037401359530911,Inf
-4.7404124892382615,11.065108619815412,-5.7521543292651245,23.1260064406742
-16.202927180372157,19.4157794200951,0.16848567658885827,Inf
-12.10688257419763,14.814875995066437,1.4793699588499436,Inf
-17.72768840133803,19.519497344251853,-0.08126521536361508,Inf
-13.03901574426865,14.871183112469623,-5.037401359530911,Inf
-12.10688257419763,14.814875995066437,1.4793699588499436,Inf
-8.795912459310271,8.267593487622413,4.6370269490552545,25.175903662949295
-4.7404124892382615,11.065108619815412,-5.7521543292651245,23.1260064406742
-0.3526840990230511,6.970857192518352,-4.526324246603233,17.000835866087446
-1.1101388774804803,13.98086135263231,-1.7869762695321256,22.38370384839023
3.564862844400718,7.586782144820987,-1.8656121478673882,14.462461924504884
-4.846354431238842,18.968248770195537,-4.149191445151015,Inf
0.30840275908548165,12.15333052890277,-2.843444896932212,20.155796037004777
-2.1097313185872224,16.781703504744797,-4.719203893658204,Inf
0.30840275908548165,12.15333052890277,-2.843444896932212,20.155796037004777
-11.173598508522993,18.649908052381072,-0.8958043368646429,Inf
-4.846354431238842,18.968248770195537,-4.149191445151015,Inf
-0.6462999107520133,15.830806266836184,-13.419088430435151,Inf
1.9870965253189539,12.835830865107496,-10.631289275237616,23.971418064691136
0.30840275908548165,12.15333052890277,-2.843444896932212,20.155796037004777
3.564862844400718,7.586782144820987,-1.8656121478673882,14.462461924504884
0.2976654271411583,13.972721801737592,-15.291759094878268,Inf
1.9870965253189539,12.835830865107496,-10.631289275237616,23.971418064691136
-3.9421801954307583,17.546492780552185,5.727062389493291,32.488471745396744
2.910624670515574,11.724769044499741,4.464559985144703,18.812110943284566
-16.281205321806816,18.579103919457324,14.674330194283513,47.76497095183034
-3.9421801954307583,17.546492780552185,5.727062389493291,32.488471745396744
-8.677030466453663,11.83362536953151,15.85870974878923,Inf
-2.7135280108868116,6.8300419717913385,15.607970359040912,23.92754234142362
-10.415728799940744,11.075541129885895,10.06622743328115,Inf
-3.724545411203202,7.802115983873065,5.243386992267347,20.04724832795874
-18.531510895500407,18.16379184374093,12.813275946460926,Inf
-12.707493534442715,13.030664484318066,16.470284672859286,Inf
-18.441789456296274,12.485343827591137,15.75155439662808,Inf
-12.831052620925316,6.591752346011937,13.617627759512388,Inf
-17.858151838499452,13.368584521279146,9.981925054713212,Inf
-10.415728799940744,11.075541129885895,10.06622743328115,Inf
-18.10306759258215,17.551437315803597,6.303791366122262,Inf
-12.10688257419763,14.814875995066437,1.4793699588499436,Inf
-10.547329212927004,16.43725803940047,11.839341203652587,Inf
-2.4112092703287225,13.151818106209717,9.160879829056661,24.072479187192634
-13.887572432691737,13.823799090531772,14.518069364481974,Inf
-10.415728799940744,11.075541129885895,10.06622743328115,Inf
-9.850796158102906,13.304852676432859,10.816453631739513,Inf
-3.724545411203202,7.802115983873065,5.243386992267347,20.04724832795874
-8.454589477076588,12.283032121836285,9.339209643019739,Inf
-3.724545411203202,7.802115983873065,5.243386992267347,20.04724832795874
-9.961411073939557,11.193782134519338,14.485712036172771,Inf
-4.933879366015255,5.212872368141159,10.679932329178943,22.913494764892985
-5.140993714734288,16.377703090546973,7.4403733647779475,Inf
0.4182753551580305,8.915982733039833,6.802235347954301,18.45896973741901
-8.439220776368677,14.730337317837659,5.045336647292427,Inf
-3.724545411203202,7.802115983873065,5.243386992267347,20.04724832795874
-7.756207467043836,17.683153441409296,10.888815989248315,Inf
-2.4112092703287225,13.151818106209717,9.160879829056661,24.072479187192634
-7.76988242955702,13.666999591968704,14.49510218098581,Inf
0.3599497255876756,8.893758071253977,12.245981561518995,20.97982988226147
-13.113730565729007,12.49305040472332,17.58404485975972,Inf
-8.677030466453663,11.83362536953151,15.85870974878923,Inf
-12.707493534442715,13.030664484318066,16.470284672859286,Inf
-8.677030466453663,11.83362536953151,15.85870974878923,Inf
-8.185975399688514,11.005590633456634,17.07409563391728,Inf
-2.7827020546114234,8.357789297404523,16.280773787549776,24.873386246381067
-12.772886328413309,18.504822848191026,17.886781585016614,Inf
-9.850796158102906,13.304852676432859,10.816453631739513,Inf
-15.560979613190735,19.308921862735403,12.841616145959023,Inf
-16.281205321806816,18.579103919457324,14.674330194283513,47.76497095183034
-18.564302078203994,19.23610782399861,12.42417851309586,Inf
-12.707493534442715,13.030664484318066,16.470284672859286,Inf
-7.8292881655687285,19.275890401715507,8.073196029180387,Inf
-5.140993714734288,16.377703090546973,7.4403733647779475,Inf
-18.210830024456676,19.77179451623323,3.4928253247123564,Inf
-12.10688257419763,14.814875995066437,1.4793699588499436,Inf
-14.907435615809623,19.345323062737698,16.837160582826492,Inf
-16.281205321806816,18.579103919457324,14.674330194283513,47.76497095183034
-5.078287325284503,19.162468385609166,15.560695522358401,Inf
-2.4112092703287225,13.151818106209717,9.160879829056661,24.072479187192634
0.28575822833262876,18.17040317764129,17.95425178457934,Inf
2.8822732435785348,15.456145227399887,11.04817384931809,24.274195477215155
-0.03703302569552136,13.184790885340064,16.641727470000887,Inf
0.3599497255876756,8.893758071253977,12.245981561518995,20.97982988226147
-2.4112092703287225,13.151818106209717,9.160879829056661,24.072479187192634
0.4182753551580305,8.915982733039833,6.802235347954301,18.45896973741901
1.4919059594717439,18.60093307267021,-11.848069128481358,52.36348801049177
5.018566779276181,11.701167669214946,-7.634787649751944,20.41462955026693
3.474863665258397,16.855657974536683,-12.558626388028804,50.96645796525393
5.018566779276181,11.701167669214946,-7.634787649751944,20.41462955026693
4.1610706361301375,13.368737168978527,-16.919440199340052,Inf
9.862758252843431,7.096349017266704,-12.85198546208239,18.566343128644597
0.7373667091158254,14.195725108515454,-17.473621939429336,Inf
3.1676102339941608,6.033187431082673,-12.921703152716688,21.220808444407467
0.6721791412499201,10.770063376542176,-15.570673918530016,Inf
3.1676102339941608,6.033187431082673,-12.921703152716688,21.220808444407467
3.4226131033201384,8.036929741805832,-15.843421265334818,Inf
8.108820369824823,3.2634481777229425,-13.375663529137798,16.82650744023911
0.679393840757534,11.490005686236504,-13.419891575312608,Inf
0.3942972669037985,9.494252315393553,-11.30877323992423,24.275938508263245
2.311753951143409,14.371246202999231,-16.67338336584521,Inf
4.082461061006182,11.239637712697636,-9.610525008130884,21.90368336419827
3.0249399520768527,15.33314233345807,-14.55296246671268,Inf
4.082461061006182,11.239637712697636,-9.610525008130884,21.90368336419827
9.862758252843431,7.096349017266704,-12.85198546208239,18.566343128644597
10.977765404449855,0.9596362925263406,-6.90890743357933,9.951085705502816
8.91821460635824,14.717191005377316,-18.54222833630039,Inf
9.862758252843431,7.096349017266704,-12.85198546208239,18.566343128644597
8.584625644352847,17.24318253332033,-18.708942526098575,Inf
9.357327002283675,14.048478751404957,-16.24932372368532,Inf
9.293904380377338,15.431466297968157,-13.838140920894979,Inf
11.151397631755078,6.6271681050648645,-10.143182533111093,16.478841860258168
9.357327002283675,14.048478751404957,-16.24932372368532,Inf
10.624757055653482,8.909527965690458,-11.994000979030472,19.394790956904565
9.396355308868944,16.763039757313265,-17.174622742739647,Inf
10.624757055653482,8.909527965690458,-11.994000979030472,19.394790956904565
6.459225199528813,15.225536960437537,5.7810581225858115,23.279514137830123
6.278351853056634,9.085617633914282,8.423510680689319,16.59267033634159
2.7781924819910486,11.59496268940531,2.391861747998174,18.362521957599526
4.9516319777049915,3.1495522750602163,1.882983482688445,9.627091035363204
1.6870405159264656,7.431060725396872,7.126810548115063,17.142847438728218
4.9516319777049915,3.1495522750602163,1.882983482688445,9.627091035363204
3.564862844400718,7.586782144820987,-1.8656121478673882,14.462461924504884
6.27620818277456,2.9379434868680647,-1.1995222835686015,9.039660976754666
4.717964961121723,7.721788512418595,-2.9905498362270606,14.380173579557258
6.27620818277456,2.9379434868680647,-1.1995222835686015,9.039660976754666
4.082461061006182,11.239637712697636,-9.610525008130884,21.90368336419827
4.717964961121723,7.721788512418595,-2.9905498362270606,14.380173579557258
6.278351853056634,9.085617633914282,8.423510680689319,16.59267033634159
8.798826744958752,0.22469461220190112,5.275865845702956,6.857352237551096
3.8371077901689787,15.86599169693352,-3.2106006116077523,22.854626251177855
4.717964961121723,7.721788512418595,-2.9905498362270606,14.380173579557258
5.018566779276181,11.701167669214946,-7.634787649751944,20.41462955026693
8.344022627282524,6.824104990579336,-2.129307127772144,12.342782627394884
1.9870965253189539,12.835830865107496,-10.631289275237616,23.971418064691136
4.717964961121723,7.721788512418595,-2.9905498362270606,14.380173579557258
4.239291238185572,16.230102233624287,-8.513705009585895,25.09341298007656
5.018566779276181,11.701167669214946,-7.634787649751944,20.41462955026693
3.9283033522444555,16.92147848883537,7.828154813198189,24.794980492804243
6.278351853056634,9.085617633914282,8.423510680689319,16.59267033634159
2.165837245211037,16.55514094531422,1.745422077732563,23.401989341529756
2.7781924819910486,11.59496268940531,2.391861747998174,18.362521957599526
2.910624670515574,11.724769044499741,4.464559985144703,18.812110943284566
4.9516319777049915,3.1495522750602163,1.882983482688445,9.627091035363204
2.0626211632637776,15.553260229353882,2.6653717143551674,22.39426716639492
2.7781924819910486,11.59496268940531,2.391861747998174,18.362521957599526
0.7355637645065904,15.472709627577672,7.990140999965554,24.398493498319297
2.910624670515574,11.724769044499741,4.464559985144703,18.812110943284566
2.8822732435785348,15.456145227399887,11.04817384931809,24.274195477215155
6.278351853056634,9.085617633914282,8.423510680689319,16.59267033634159
6.009064685650493,16.00509954672834,10.062851759307243,23.70879180047742
6.278351853056634,9.085617633914282,8.423510680689319,16.59267033634159
8.919481018575244,16.10105452321268,13.161274503020401,Inf
6.278351853056634,9.085617633914282,8.423510680689319,16.59267033634159
7.586715342021549,10.617252268815626,15.115532337632452,21.336167003562576
8.580357817114049,5.175615997262781,8.786915805885531,12.930804555334188
6.910563246201818,14.121702232544166,12.022164707549479,22.589350423831
8.580357817114049,5.175615997262781,8.786915805885531,12.930804555334188
9.279103984775112,9.650778671136841,-11.732356752024415,Inf
11.151397631755078,6.6271681050648645,-10.143182533111093,16.478841860258168
7.44778693482143,15.079692999865905,6.109700309138269,Inf
7.0945904700354845,6.528332512109252,6.099961362362265,Inf
8.113763895067095,17.677623420194934,-9.5642714832168,Inf
5.018566779276181,11.701167669214946,-7.634787649751944,20.41462955026693
6.879140595071178,17.013430757426313,-0.0439529971954471,24.3645478044038
4.717964961121723,7.721788512418595,-2.9905498362270606,14.380173579557258
5.166527400022474,19.43159384937114,-9.914301901589724,Inf
5.018566779276181,11.701167669214946,-7.634787649751944,20.41462955026693
0.5412499791977794,19.112821628058406,-18.412092734829734,Inf
4.1610706361301375,13.368737168978527,-16.919440199340052,Inf
1.3777673772386123,19.933639445223122,-17.414724959037482,Inf
1.9870965253189539,12.835830865107496,-10.631289275237616,23.971418064691136
2.463915684375692,19.537853104155786,-13.130553094723112,Inf
5.018566779276181,11.701167669214946,-7.634787649751944,20.41462955026693
6.068088245422647,18.83738151487522,-13.377534011652443,Inf
5.018566779276181,11.701167669214946,-7.634787649751944,20.41462955026693
2.8251229466549077,19.12509170751249,1.0468963990635949,Inf
2.7781924819910486,11.59496268940531,2.391861747998174,18.362521957599526
6.915857536309815,18.682633206756364,-0.856455886348499,Inf
6.879140595071178,17.013430757426313,-0.0439529971954471,24.3645478044038
9.55066975674199,19.61054636545977,1.2637959632759603,Inf
6.879140595071178,17.013430757426313,-0.0439529971954471,24.3645478044038
9.370726980900379,11.766835466402057,18.1640717377162,25.050710250005018
11.361404509843869,6.905752326727512,11.883929059572296,16.597467043055133
-9.2016332114797,17.106910806172735,18.032773623253,Inf
-16.281205321806816,18.579103919457324,14.674330194283513,47.76497095183034
3.2793837776089347,7.132506358732826,18.948730782578494,Inf
3.604171849297593,2.4835000024027565,13.348092578820392,16.71876621865303
-0.8930767107874438,9.029809938339799,18.15934128144883,Inf
2.9685611542306845,5.112898832505152,10.394692870744038,16.0273537353759
1.2152594782800463,14.18942761561933,19.413128772972136,Inf
7.586715342021549,10.617252268815626,15.115532337632452,21.336167003562576
-10.26755327668436,17.3539480471213,18.44243220333788,Inf
-8.677030466453663,11.83362536953151,15.85870974878923,Inf
6.98678430092631,17.4252017595377,19.7369374821642,Inf
7.586715342021549,10.617252268815626,15.115532337632452,21.336167003562576
-10.386310740406364,17.902655309149544,19.764576595536013,Inf
-7.76988242955702,13.666999591968704,14.49510218098581,Inf
10.912950292146153,10.880785453371562,-19.74225896673029,30.598524688619378
9.862758252843431,7.096349017266704,-12.85198546208239,18.566343128644597
17.80599480726572,-5.417342676430579,16.364757666444056,17.23901122423154
10.0,-5.0,1.0,0.0
15.677063780280236,-3.9314063403204713,-13.3956139294299,15.888707070787984
13.504157433190016,-6.047532816144248,-7.65631597956304,9.397246972146597
13.619761726217668,3.3424606436239657,14.074852220824212,19.18028122085648
12.532233478027017,5.513761319571444,10.020293977339971,14.3354839626302
10.402086207990592,-11.29528595219596,-6.3346639391468695,9.674171470404767
10.0,-5.0,1.0,0.0
15.358270685189922,-9.589346131002072,-9.489874199100967,14.784128591889033
15.752558658871237,-7.784274625522221,-6.171274798470936,9.605795050346728
12.4287064340826,2.2246738194432254,-17.254131445354346,21.312744773586903
11.178091758728605,0.29219342214884136,-16.308990194576907,18.824410082260396
10.500528778171912,-6.163890984101732,-12.78518769739775,15.342047172195466
13.504157433190016,-6.047532816144248,-7.65631597956304,9.397246972146597
13.906384119861237,-18.329124417508957,-18.32384598889954,24.404516061230986
12.168520122463534,-15.809802311836343,-10.733021267876142,16.21991007860227
10.440546240762298,0.6268583850090259,-19.054641967362123,21.687027361226797
11.178091758728605,0.29219342214884136,-16.308990194576907,18.824410082260396
11.178091758728605,0.29219342214884136,-16.308990194576907,18.824410082260396
8.360594201151024,-1.2145144203971299,-7.365507751592126,9.32734004894369
12.055668313509187,-10.871092461421421,-13.54924768743838,Inf
10.402086207990592,-11.29528595219596,-6.3346639391468695,9.674171470404767
14.898627684603497,-9.74244434152939,-17.620092378521434,20.45310908651089
14.047932287842457,-5.715587719752806,-9.529980658066881,11.376261364980442
12.168520122463534,-15.809802311836343,-10.733021267876142,16.21991007860227
10.402086207990592,-11.29528595219596,-6.3346639391468695,9.674171470404767
10.977765404449855,0.9596362925263406,-6.90890743357933,9.951085705502816
10.0,-5.0,1.0,0.0
12.39999815388196,-9.609881527577802,-8.05524568430572,12.69778044549976
13.207423808355102,-11.246407282797257,-5.583419440113682,9.625309499099368
13.604507181480479,-13.419038114602726,-8.707475039510575,13.451237272156177
13.207423808355102,-11.246407282797257,-5.583419440113682,9.625309499099368
12.863588636634532,-19.036229760569583,-11.750065561828507,Inf
10.402086207990592,-11.29528595219596,-6.3346639391468695,9.674171470404767
14.752372121745452,-14.002120009435695,-12.404730489410047,Inf
13.207423808355102,-11.246407282797257,-5.583419440113682,9.625309499099368
14.047932287842457,-5.715587719752806,-9.529980658066881,11.376261364980442
13.504157433190016,-6.047532816144248,-7.65631597956304,9.397246972146597
15.031843604799604,-0.6335845744753072,-12.695879115601105,15.940761085963814
12.211335375016887,-1.3090185865800308,-3.2035370230678595,6.01523660709327
13.504157433190016,-6.047532816144248,-7.65631597956304,9.397246972146597
10.0,-5.0,1.0,0.0
15.572880021131716,-14.160120668651848,-10.202468427925222,15.576840591286867
13.207423808355102,-11.246407282797257,-5.583419440113682,9.625309499099368
12.211335375016887,-1.3090185865800308,-3.2035370230678595,6.01523660709327
10.0,-5.0,1.0,0.0
10.222709630693025,1.7631398390242659,1.8599352881823634,6.821227804557027
10.0,-5.0,1.0,0.0
11.536847479999608,-14.687411009385789,-5.543293634564215,13.02854376111236
9.366282306644507,-12.807329228150923,-3.6875177403533854,9.128461554815203
11.916528042082746,-16.486904070698706,13.207446276951814,19.164397874266843
13.542087071370958,-12.451460288302387,9.291095579333508,12.375751768299047
11.22809515576008,-7.036055069050535,8.793478866363785,8.14813173655573
10.0,-5.0,1.0,0.0
11.40663709799447,-8.114119554234751,14.593026701109991,14.049729430982364
11.22809515576008,-7.036055069050535,8.793478866363785,8.14813173655573
10.267854102590135,-17.800731019045752,9.2472568673454,16.5764007885981
12.57021755870727,-13.734267465730285,4.084590569740925,9.612915553823218
10.097787079986826,-18.245576882734056,8.669161196437571,16.50371470625992
12.57021755870727,-13.734267465730285,4.084590569740925,9.612915553823218
11.820169597695056,-12.60890874394101,2.0299960161657005,7.8910963389957764
10.0,-5.0,1.0,0.0
11.407897006869394,-5.811000710127123,10.004524796752463,9.149937865860537
10.0,-5.0,1.0,0.0
10.752739150115111,-6.618305393183679,5.591920054607993,4.926586887657059
10.0,-5.0,1.0,0.0
10.894311148929123,0.5927550248968743,4.070729682727503,6.4426766164376055
10.0,-5.0,1.0,0.0
11.850476641827576,-4.228657459209071,7.662139781366104,6.957250863929234
10.0,-5.0,1.0,0.0
11.676041204848097,-5.048097726102929,12.023898771137489,11.325206475105436
11.407897006869394,-5.811000710127123,10.004524796752463,9.149937865860537
11.132393475216851,0.25712333876614935,13.029511178039677,Inf
9.918666503017963,-2.5582004445909767,6.899339343873567,6.385233347396291
11.929682373283413,-9.623007479217263,-0.9288729908042086,Inf
10.0,-5.0,1.0,0.0
13.542087071370958,-12.451460288302387,9.291095579333508,12.375751768299047
12.902510311736222,-8.927658392250466,6.143724284884023,7.092881366190772
12.57021755870727,-13.734267465730285,4.084590569740925,9.612915553823218
10.0,-5.0,1.0,0.0
14.783569099254912,-15.808319689723325,0.8643840993229475,12.690993272655632
11.820169597695056,-12.60890874394101,2.0299960161657005,7.8910963389957764
12.276588794086607,-14.201208003980055,3.103833535564597,9.709335755613438
10.0,-5.0,1.0,0.0
12.969093066758752,-12.75519198397645,-1.7593269353849976,8.750565780779471
10.0,-5.0,1.0,0.0
13.597561342067515,-15.016123969400379,9.448452799454145,15.222693567662475
12.902510311736222,-8.927658392250466,6.143724284884023,7.092881366190772
13.08432683591542,-13.75633751627996,16.22119167175334,19.44246818141705
12.226489435165362,-13.171868788533745,14.156296901758473,16.358175489064124
12.226489435165362,-13.171868788533745,14.156296901758473,16.358175489064124
12.902510311736222,-8.927658392250466,6.143724284884023,7.092881366190772
13.8602382624072,-3.515316466510896,-2.669427009401886,5.529052288999836
10.0,-5.0,1.0,0.0
13.207423808355102,-11.246407282797257,-5.583419440113682,9.625309499099368
10.0,-5.0,1.0,0.0
15.44424328979349,-1.8886115731196966,-5.199144098806308,8.817590969145213
10.0,-5.0,1.0,0.0
15.083714021774142,-0.5136889083428713,11.634856638492465,14.546398129193008
11.850476641827576,-4.228657459209071,7.662139781366104,6.957250863929234
13.140590227588135,-1.443419916982318,-2.271377846933575,5.763200662995165
10.0,-5.0,1.0,0.0
12.902510311736222,-8.927658392250466,6.143724284884023,7.092881366190772
10.0,-5.0,1.0,0.0
13.804695513804134,-4.215760962747339,0.6208166881236998,Inf
10.0,-5.0,1.0,0.0
12.701583743007454,-3.874989132899387,15.37310595515612,15.00172646873967
11.850476641827576,-4.228657459209071,7.662139781366104,6.957250863929234
13.5852370576578,-4.037947888911164,10.508224938227908,11.15967143343327
11.850476641827576,-4.228657459209071,7.662139781366104,6.957250863929234
15.125107812830905,-11.935019545754146,15.064008225744288,16.765297111238382
12.902510311736222,-8.927658392250466,6.143724284884023,7.092881366190772
11.92331558990719,8.109588746138883,-7.6469838259892775,17.93460134202534
10.977765404449855,0.9596362925263406,-6.90890743357933,9.951085705502816
11.151397631755078,6.6271681050648645,-10.143182533111093,16.478841860258168
10.977765404449855,0.9596362925263406,-6.90890743357933,9.951085705502816
10.624757055653482,8.909527965690458,-11.994000979030472,19.394790956904565
10.977765404449855,0.9596362925263406,-6.90890743357933,9.951085705502816
14.483743745247025,5.192608617928187,-17.152750759524096,23.812971812342568
15.031843604799604,-0.6335845744753072,-12.695879115601105,15.940761085963814
12.616052950174108,5.189704160925057,-16.58430299195726,22.68491804795059
8.108820369824823,3.2634481777229425,-13.375663529137798,16.82650744023911
14.637365537538415,4.007771903915717,-12.416878269235179,18.92871895871039
10.977765404449855,0.9596362925263406,-6.90890743357933,9.951085705502816
14.753173637675985,8.005755987838548,-11.037642710279494,18.948194411817674
10.977765404449855,0.9596362925263406,-6.90890743357933,9.951085705502816
15.429849861781442,10.746310543622357,9.823888084179735,20.12404532068689
11.782285180120304,5.439456772029558,7.800223590124098,13.374034724808398
11.782285180120304,5.439456772029558,7.800223590124098,13.374034724808398
10.894311148929123,0.5927550248968743,4.070729682727503,6.4426766164376055
10.570066530608841,3.3791551085697407,2.255252553322393,8.49181224211965
10.0,-5.0,1.0,0.0
14.994997638613171,3.564015880212004,4.972077096045446,Inf
10.894311148929123,0.5927550248968743,4.070729682727503,6.4426766164376055
11.361404509843869,6.905752326727512,11.883929059572296,16.597467043055133
8.798826744958752,0.22469461220190112,5.275865845702956,6.857352237551096
12.423195908495394,6.820152375924444,2.851856046027379,12.424746560393036
10.222709630693025,1.7631398390242659,1.8599352881823634,6.821227804557027
10.896302967924694,7.47735221385863,-1.3954724412751034,13.43209995077832
10.222709630693025,1.7631398390242659,1.8599352881823634,6.821227804557027
12.382888352393891,6.327326509178981,3.2364062814416528,Inf
10.222709630693025,1.7631398390242659,1.8599352881823634,6.821227804557027
12.532233478027017,5.513761319571444,10.020293977339971,14.3354839626302
10.894311148929123,0.5927550248968743,4.070729682727503,6.4426766164376055
14.844209235810311,10.136873986899477,4.7222568620936585,Inf
10.222709630693025,1.7631398390242659,1.8599352881823634,6.821227804557027
16.552483321471556,-0.7132761533114973,-2.8481595689543866,8.724641602041084
10.0,-5.0,1.0,0.0
17.334787411214016,-17.686468708921524,-18.33822578297978,24.61730495395457
15.572880021131716,-14.160120668651848,-10.202468427925222,15.576840591286867
16.42474510294398,-8.912896000666963,-18.970813332818945,22.55536747972254
17.541231866825854,-7.223543460978501,-16.831427849261758,19.609620554996912
19.51880372993618,-16.671559626580688,-18.89277739314729,Inf
15.572880021131716,-14.160120668651848,-10.202468427925222,15.576840591286867
16.120183827208123,-3.8152694891384797,13.600703619344628,15.72542684409585
11.850476641827576,-4.228657459209071,7.662139781366104,6.957250863929234
15.76751782765448,-5.794029818982525,-4.038765706807226,7.699604216701154
10.0,-5.0,1.0,0.0
15.759671944605522,-16.808016075952878,4.857787106720799,14.109401146301924
12.57021755870727,-13.734267465730285,4.084590569740925,9.612915553823218
15.752558658871237,-7.784274625522221,-6.171274798470936,9.605795050346728
10.0,-5.0,1.0,0.0
16.074008119978643,-10.771806352576698,-12.908083826231822,16.91415847320393
13.504157433190016,-6.047532816144248,-7.65631597956304,9.397246972146597
18.428390633955686,-10.477865764245688,-8.813247584467065,14.897815137030925
15.752558658871237,-7.784274625522221,-6.171274798470936,9.605795050346728
19.388783771079645,-11.240708561401105,7.121901093371079,14.84065364776169
12.902510311736222,-8.927658392250466,6.143724284884023,7.092881366190772
16.856520825224223,-12.726552919168306,-10.988147556422998,16.312448360721415
13.207423808355102,-11.246407282797257,-5.583419440113682,9.625309499099368
16.48387493106155,-11.220959879848218,-14.216343780922154,18.859114901203345
13.504157433190016,-6.047532816144248,-7.65631597956304,9.397246972146597
16.424513751869185,-10.94255423071214,-16.492256843012196,20.400817200992677
14.047932287842457,-5.715587719752806,-9.529980658066881,11.376261364980442
16.962842712371923,-11.612383680188785,-13.39017690236159,18.296097925906814
15.752558658871237,-7.784274625522221,-6.171274798470936,9.605795050346728
19.024325605499456,-17.361390929891094,-12.045761247002593,20.632365917522367
15.572880021131716,-14.160120668651848,-10.202468427925222,15.576840591286867
19.161880025120546,-16.564870101154785,-9.801199786974966,18.654776074816752
13.207423808355102,-11.246407282797257,-5.583419440113682,9.625309499099368
18.685629228368427,-18.983972151292924,-1.2439792845789484,18.145902801370905
12.969093066758752,-12.75519198397645,-1.7593269353849976,8.750565780779471
17.06845485825093,-14.863137968876696,2.9271900158705755,13.952817691981071
11.820169597695056,-12.60890874394101,2.0299960161657005,7.8910963389957764
19.476994122758143,-13.054185742529842,-9.545632482256705,Inf
15.752558658871237,-7.784274625522221,-6.171274798470936,9.605795050346728
18.50886213239712,-13.06468361870964,13.479573169223286,18.90171850747234
13.542087071370958,-12.451460288302387,9.291095579333508,12.375751768299047
16.25718763904088,-4.975404419108935,-1.9937331227843735,6.936529399002184
10.0,-5.0,1.0,0.0
17.75967878842023,-8.29554327855428,-17.09176642031272,20.186132912514257
14.047932287842457,-5.715587719752806,-9.529980658066881,11.376261364980442
17.466222620333895,-6.774654195553644,-8.9618358755334,13.480204089848819
15.76751782765448,-5.794029818982525,-4.038765706807226,7.699604216701154
17.541231866825854,-7.223543460978501,-16.831427849261758,19.609620554996912
14.047932287842457,-5.715587719752806,-9.529980658066881,11.376261364980442
16.652983443277293,-8.243848379470302,-9.862512003401038,13.43296174788563
15.752558658871237,-7.784274625522221,-6.171274798470936,9.605795050346728
17.73907679763102,-8.033531770301368,-11.456820214738936,15.257818916828253
15.752558658871237,-7.784274625522221,-6.171274798470936,9.605795050346728
16.728947050066374,-1.7479609794828121,-5.775119585753403,10.111449249622755
13.8602382624072,-3.515316466510896,-2.669427009401886,5.529052288999836
17.853040379377845,-8.812377881565006,-4.315357379243681,11.378779707745764
15.76751782765448,-5.794029818982525,-4.038765706807226,7.699604216701154
17.5233291750585,-4.575681612257307,2.581469494650026,7.699452820361429
10.0,-5.0,1.0,0.0
19.564832069388764,-7.2456714427250635,-1.0591390346994771,11.055763568798003
16.25718763904088,-4.975404419108935,-1.9937331227843735,6.936529399002184
18.33085822841454,-4.19144800058767,6.288139808223001,9.900574619132403
10.0,-5.0,1.0,0.0
19.996446627566456,-2.9895697138753263,5.710354679038048,Inf
17.5233291750585,-4.575681612257307,2.581469494650026,7.699452820361429
17.662387735231732,-5.400188037358946,8.90025534120901,12.683656942190215
10.752739150115111,-6.618305393183679,5.591920054607993,4.926586887657059
16.327764798344163,4.556143493241986,5.663038606955546,13.353994466278465
10.894311148929123,0.5927550248968743,4.070729682727503,6.4426766164376055
17.88394827272913,8.422687091481073,-4.698092704519912,18.14063204026326
16.552483321471556,-0.7132761533114973,-2.8481595689543866,8.724641602041084
16.80400413413176,8.26438228929586,2.5100727199899175,16.09496865808769
10.222709630693025,1.7631398390242659,1.8599352881823634,6.821227804557027
15.943559013301119,3.5427465076414393,3.3528925555915094,12.995694498594975
10.894311148929123,0.5927550248968743,4.070729682727503,6.4426766164376055
16.459432678282226,4.967151394783524,0.516663926456733,13.501631814458218
13.140590227588135,-1.443419916982318,-2.271377846933575,5.763200662995165
16.722931618898954,10.340401383842945,0.11304918739750747,Inf
10.570066530608841,3.3791551085697407,2.255252553322393,8.49181224211965
18.01009286924159,10.750973482942818,-5.83619041509329,20.73526041032083
17.88394827272913,8.422687091481073,-4.698092704519912,18.14063204026326
18.643770165263135,0.449895888342013,5.562103008014869,13.648906019442375
17.5233291750585,-4.575681612257307,2.581469494650026,7.699452820361429
17.947723505476276,7.463102291993664,-8.491027752288964,19.791596965874767
10.977765404449855,0.9596362925263406,-6.90890743357933,9.951085705502816
19.898922937457087,9.779531291962897,-5.915952198262273,20.858044565143334
17.88394827272913,8.422687091481073,-4.698092704519912,18.14063204026326
19.64866700825742,8.479190667567813,-11.049187281521089,23.02730779405942
17.947723505476276,7.463102291993664,-8.491027752288964,19.791596965874767
19.649380883332377,6.174836702001745,-13.773534100372578,Inf
17.984850311136015,-0.14562247831385378,-10.881942540455256,15.281869208045109
17.984850311136015,-0.14562247831385378,-10.881942540455256,15.281869208045109
15.44424328979349,-1.8886115731196966,-5.199144098806308,8.817590969145213
16.81893934064709,6.18253875540298,5.78337639454217,15.677565833541916
10.894311148929123,0.5927550248968743,4.070729682727503,6.4426766164376055
16.76423283504795,6.323873949860221,15.039644447505474,21.454727502854542
12.532233478027017,5.513761319571444,10.020293977339971,14.3354839626302
15.818349755005983,7.506039994834694,11.711770140353543,18.610719073334703
12.532233478027017,5.513761319571444,10.020293977339971,14.3354839626302
16.892142766456615,0.5180513021009787,13.557925713432454,17.38067000278437
11.850476641827576,-4.228657459209071,7.662139781366104,6.957250863929234
18.542076190832788,-0.3665075358609542,13.622554020740921,17.676344989661683
11.850476641827576,-4.228657459209071,7.662139781366104,6.957250863929234
13.92009443848729,-2.5807906870986415,19.74535503069673,19.721501877663016
12.701583743007454,-3.874989132899387,15.37310595515612,15.00172646873967
13.720004466597771,-19.33862367876901,17.45889702745071,24.97333790896518
12.226489435165362,-13.171868788533745,14.156296901758473,16.358175489064124
10.864707602992183,-14.051594330421322,17.523552103547203,20.095390278377096
9.85482454504023,-12.729934345474092,14.396716048512737,16.253833452272207
10.505773448685794,6.1778316003367095,16.400713296213,20.847974105941432
8.580357817114049,5.175615997262781,8.786915805885531,12.930804555334188
11.367158683186503,-16.285709197167577,19.931572436633687,22.80254607253061
12.226489435165362,-13.171868788533745,14.156296901758473,16.358175489064124
11.075131216283893,-12.839494918836882,18.530404328091983,20.209438114309503
11.40663709799447,-8.114119554234751,14.593026701109991,14.049729430982364
12.321516363039429,4.235815827055831,18.233753733724086,22.271535462757853
15.083714021774142,-0.5136889083428713,11.634856638492465,14.546398129193008
11.640941254657882,7.992230000980847,19.311878473142684,24.10965760366479
12.532233478027017,5.513761319571444,10.020293977339971,14.3354839626302
14.368937487192753,9.838093447758975,16.738988800036843,23.017395714264243
12.532233478027017,5.513761319571444,10.020293977339971,14.3354839626302
17.67436673717952,-6.198698465327741,17.138410981940318,18.346432675286234
17.80599480726572,-5.417342676430579,16.364757666444056,17.23901122423154
15.579356460766633,2.653729373707261,16.457631062567735,Inf
15.083714021774142,-0.5136889083428713,11.634856638492465,14.546398129193008
10.71280530398888,19.651486332010215,-10.924506004877141,43.03709451055258
12.459907710399953,12.700811844355513,-13.01022040888025,23.32144758314142
16.48387658266096,19.717376937025975,-14.216998932966343,Inf
12.459907710399953,12.700811844355513,-13.01022040888025,23.32144758314142
12.459907710399953,12.700811844355513,-13.01022040888025,23.32144758314142
11.151397631755078,6.6271681050648645,-10.143182533111093,16.478841860258168
11.525007586282044,11.0573188855804,-15.964894159968468,Inf
11.151397631755078,6.6271681050648645,-10.143182533111093,16.478841860258168
11.810732189578175,15.128278474338615,-16.099379444961038,Inf
10.624757055653482,8.909527965690458,-11.994000979030472,19.394790956904565
13.231833395031451,17.13029822354013,-16.86859301174642,Inf
12.459907710399953,12.700811844355513,-13.01022040888025,23.32144758314142
18.510586332283232,15.075640031185571,-11.465580229573265,Inf
14.753173637675985,8.005755987838548,-11.037642710279494,18.948194411817674
19.24155586032434,13.600613325944153,-12.767070717991507,Inf
14.753173637675985,8.005755987838548,-11.037642710279494,18.948194411817674
17.464761103734844,18.042705918002937,-12.003673588955683,Inf
17.540682948540187,14.697857655451656,-9.936657178738502,Inf
16.54002043485916,15.336936774036836,-11.97237231532279,Inf
14.753173637675985,8.005755987838548,-11.037642710279494,18.948194411817674
19.952827476395647,12.918785637381028,1.785173987178041,21.761011116478258
16.80400413413176,8.26438228929586,2.5100727199899175,16.09496865808769
10.809106414587937,14.743605369857882,14.140300529733821,24.900027327819213
11.361404509843869,6.905752326727512,11.883929059572296,16.597467043055133
11.655677621155185,13.647036427763268,12.880364699397745,23.02743966655476
8.580357817114049,5.175615997262781,8.786915805885531,12.930804555334188
18.878196034068793,12.096234450076693,-5.21553075969619,21.981363864762127
17.88394827272913,8.422687091481073,-4.698092704519912,18.14063204026326
17.540682948540187,14.697857655451656,-9.936657178738502,Inf
14.753173637675985,8.005755987838548,-11.037642710279494,18.948194411817674
14.58504555447518,12.292299249443523,-4.8345397260998535,21.070313723957906
10.896302967924694,7.47735221385863,-1.3954724412751034,13.43209995077832
16.19119491894012,14.222167873604377,-9.627784021184658,Inf
14.753173637675985,8.005755987838548,-11.037642710279494,18.948194411817674
18.065170532172957,13.252540142283848,-5.273807461437308,23.00805122099952
17.88394827272913,8.422687091481073,-4.698092704519912,18.14063204026326
17.287019663622033,11.641214867253716,10.479315218353538,22.08847315525132
16.327764798344163,4.556143493241986,5.663038606955546,13.353994466278465
16.280474657155885,13.800870428651535,-2.156708931111126,21.84253542013905
10.896302967924694,7.47735221385863,-1.3954724412751034,13.43209995077832
13.582591342887042,11.779513598185424,-4.531872185387442,Inf
10.896302967924694,7.47735221385863,-1.3954724412751034,13.43209995077832
12.329012406703477,14.26204454449465,-4.744569147292381,Inf
10.896302967924694,7.47735221385863,-1.3954724412751034,13.43209995077832
18.813767608152673,11.487449363496609,9.152635979123023,21.359571604933116
16.81893934064709,6.18253875540298,5.78337639454217,15.677565833541916
18.37058217582546,13.65691839057039,2.2681747543946713,Inf
12.423195908495394,6.820152375924444,2.851856046027379,12.424746560393036
14.839777118218208,12.042691928888864,14.376542290561652,23.18214051227017
12.532233478027017,5.513761319571444,10.020293977339971,14.3354839626302
17.250085893058383,14.329846389320195,14.228620619842175,Inf
15.818349755005983,7.506039994834694,11.711770140353543,18.610719073334703
18.05611962745202,16.763032951459813,11.323357451646121,Inf
15.429849861781442,10.746310543622357,9.823888084179735,20.12404532068689
13.81704926882739,16.67796260841505,-0.5743341996372635,Inf
10.896302967924694,7.47735221385863,-1.3954724412751034,13.43209995077832
12.909484392136683,17.486747821428224,1.15220234232849,Inf
13.81704926882739,16.67796260841505,-0.5743341996372635,Inf
12.580467925319645,16.633035305800952,11.030522026571788,Inf
11.361404509843869,6.905752326727512,11.883929059572296,16.597467043055133
10.832951450245993,16.45041780220957,10.301549311964983,Inf
6.278351853056634,9.085617633914282,8.423510680689319,16.59267033634159
12.491988821665856,19.199664214074055,4.3402871233949725,Inf
6.459225199528813,15.225536960437537,5.7810581225858115,23.279514137830123
10.180666924621285,19.635501179559007,-6.845495435549296,Inf
14.58504555447518,12.292299249443523,-4.8345397260998535,21.070313723957906
12.213436366266528,17.853939778369387,3.404996109742335,Inf
14.844209235810311,10.136873986899477,4.7222568620936585,Inf
11.930942172654486,19.60190718742507,5.932428126891391,Inf
14.844209235810311,10.136873986899477,4.7222568620936585,Inf
15.422380866414585,17.900885708644772,6.334875886420459,Inf
15.429849861781442,10.746310543622357,9.823888084179735,20.12404532068689
18.826416345990005,17.698659838126034,-6.609158385655185,Inf
17.88394827272913,8.422687091481073,-4.698092704519912,18.14063204026326
17.27132373785981,15.471039691578206,-9.671352719082709,Inf
11.92331558990719,8.109588746138883,-7.6469838259892775,17.93460134202534
14.001985284593687,16.670101717383467,-6.335636428430442,Inf
14.58504555447518,12.292299249443523,-4.8345397260998535,21.070313723957906
17.493375903881656,15.959576563459414,-2.1795012427252303,25.13285294069629
16.280474657155885,13.800870428651535,-2.156708931111126,21.84253542013905
17.645035015413775,15.564409134762712,7.100655421943216,Inf
14.844209235810311,10.136873986899477,4.7222568620936585,Inf
17.633379251957457,19.085388796976375,3.0362947078637426,Inf
19.952827476395647,12.918785637381028,1.785173987178041,21.761011116478258
18.416391708374917,19.71490120342711,9.009233451450001,Inf
18.813767608152673,11.487449363496609,9.152635979123023,21.359571604933116
17.93220311085428,19.952658247471234,18.043126846856346,Inf
14.839777118218208,12.042691928888864,14.376542290561652,23.18214051227017
12.79684180730311,17.75683866525764,15.927449524966555,Inf
11.655677621155185,13.647036427763268,12.880364699397745,23.02743966655476
10.262371040384622,19.875615869820663,14.49462151494643,Inf
11.655677621155185,13.647036427763268,12.880364699397745,23.02743966655476
18.032329454130085,15.25552794684252,15.096784768583333,Inf
14.839777118218208,12.042691928888864,14.376542290561652,23.18214051227017
