-14.107178116990493,-14.154314029722244,18.742263406872233,42.40509631762374
-10.021449421445512,-7.646323187524766,14.03266002893227,Inf
-12.616094252067702,-16.628889437349066,17.465004021862782,Inf
-10.021449421445512,-7.646323187524766,14.03266002893227,Inf
-13.375074284900634,-16.523583705803322,15.320613042818792,40.06953863666394
-12.988697444957795,-11.348402274627443,7.952834046784034,Inf
-16.614163125764733,-19.487584881908894,-3.9323989988783126,31.697605928304093
-15.7927160624849,-9.738534455797572,-5.386303718041692,21.118711199241712
-18.457008309342804,-19.77906548128618,11.56555081034984,41.43016030205981
-14.163509875936446,-12.515694685974523,9.121825090296063,Inf
-14.61582796663711,-19.98632047276959,4.256960753219417,Inf
-15.507752205819818,-12.01858828179775,3.4281190970849025,Inf
-19.363764044243943,-19.537557992613017,14.53184546647342,Inf
-19.99481550760902,-16.067125048149443,11.264853877335117,Inf
-19.54546726040867,-19.958680991666977,13.789147994607248,Inf
-19.99481550760902,-16.067125048149443,11.264853877335117,Inf
-19.584630329323424,-15.594455679075319,-8.881267645619477,28.209457077633555
-18.38385446767413,-8.448966019009658,-6.481129057450534,20.576597168370025
-16.434080822839636,-16.116307778872645,-11.515197151675931,Inf
-16.528923390255336,-8.62204814581431,-9.077784591094824,20.94954230876614
-19.5862455520054,-17.14138920029508,-15.618727541827537,Inf
-19.518206470707547,-13.396481716286095,-13.200384241853884,26.810380415291355
-19.010998695533374,-18.826855339667368,-16.44524926560292,Inf
-19.518206470707547,-13.396481716286095,-13.200384241853884,26.810380415291355
-17.219205831241844,-18.729384805626978,-13.359932053497827,Inf
-11.29723104063646,-11.20817004038436,-11.804015315550727,Inf
-14.531470141967846,-15.35734720495494,15.62555266740101,39.481123930708726
-12.135973177125878,-8.071272417370805,9.841109619084676,Inf
-18.553675938152132,-18.324835882660775,-2.4444641101053755,30.959903248172758
-16.084554213802278,-10.270500524001491,-2.7388314019105664,22.063748632051542
-19.520731863216987,-18.384622237399864,4.126861149507263,Inf
-15.507752205819818,-12.01858828179775,3.4281190970849025,Inf
-16.05262794847515,-18.327524377845357,10.830533033415819,Inf
-12.988697444957795,-11.348402274627443,7.952834046784034,Inf
-15.339901727789904,-18.418349995885748,15.971322612774202,Inf
-14.531470141967846,-15.35734720495494,15.62555266740101,39.481123930708726
-19.99481550760902,-16.067125048149443,11.264853877335117,Inf
-16.549571160966103,-11.362071859442127,6.239164359961524,Inf
-14.898506963334963,-17.454094795602142,-3.950798568175486,Inf
-15.7927160624849,-9.738534455797572,-5.386303718041692,21.118711199241712
-19.00742413243873,-16.006992347662205,8.980619636970975,Inf
-16.549571160966103,-11.362071859442127,6.239164359961524,Inf
-16.941701660426407,-16.36764955642489,6.995239526183266,Inf
-15.507752205819818,-12.01858828179775,3.4281190970849025,Inf
-19.22216185014068,-16.31741793657894,-3.773230429915479,Inf
-19.838585955471466,-9.90069395025806,-4.275194621158098,21.938323307571075
-15.662229845403326,-14.935266073688949,0.16886110155262202,Inf
-11.663231413017385,-8.3245751164025,-0.2339742521789674,Inf
-16.325933804901656,-17.39970121745185,16.862891398342498,Inf
-14.531470141967846,-15.35734720495494,15.62555266740101,39.481123930708726
-18.201273327060488,-16.13600556736305,13.238933199456227,Inf
-14.163509875936446,-12.515694685974523,9.121825090296063,Inf
-9.984023691770165,-19.039567025750202,-4.873168376760031,Inf
-11.296569468446984,-11.329916321070987,-6.057300326217705,Inf
-9.78412686623404,-19.09045428023888,-5.543908579177224,Inf
-11.296569468446984,-11.329916321070987,-6.057300326217705,Inf
-9.187537198442026,-19.546047957392005,-12.55459486748701,31.393821208868665
-7.285095631162264,-12.447956139610987,-8.38604813611119,Inf
-9.89645492145029,-19.56963343519738,-17.478834873434224,Inf
-11.737186250128575,-10.524631057598706,-14.12469836196335,22.57997785062438
-12.596811871184421,-14.90673469545408,-17.21645416867034,28.02365531518199
-11.737186250128575,-10.524631057598706,-14.12469836196335,22.57997785062438
-12.310569489508305,-17.091369976522355,-18.69543547782552,Inf
-11.737186250128575,-10.524631057598706,-14.12469836196335,22.57997785062438
-10.88707559518089,-18.458767080712228,-3.5395787032280523,Inf
-10.671687537765244,-11.926230676934857,-0.18135788310470247,Inf
-12.032618521464746,-15.94734294675714,11.837144598471987,Inf
-12.988697444957795,-11.348402274627443,7.952834046784034,Inf
-12.674387251098773,-16.015761663125403,-6.499101313582409,26.923511547445173
-11.296569468446984,-11.329916321070987,-6.057300326217705,Inf
-11.601351347143982,-17.281799196591734,-1.708884368494914,Inf
-10.671687537765244,-11.926230676934857,-0.18135788310470247,Inf
-9.135460839314877,-14.465684656361608,16.494811225560476,Inf
-12.135973177125878,-8.071272417370805,9.841109619084676,Inf
-9.84734228541746,-14.366577334272339,15.800766046317314,Inf
-12.135973177125878,-8.071272417370805,9.841109619084676,Inf
-9.347129790089541,-17.421610860985027,18.121998818947944,Inf
-10.014741433715297,-10.89719518630421,14.444989317336166,Inf
-17.700846083055495,-19.76304405441846,17.68610235871882,Inf
-14.531470141967846,-15.35734720495494,15.62555266740101,39.481123930708726
-11.76239969686054,13.842711790439424,16.21358846812079,23.922576795371846
-9.485371751237341,9.67995069820816,7.506150975162342,13.624423065901027
-13.537374377430593,7.6563818965037385,10.359633235189172,18.044808523259192
-9.227161747117343,10.193802617382886,3.378320760688265,9.45672604229287
-14.163509875936446,-12.515694685974523,9.121825090296063,Inf
-12.351663833226088,-5.854525291151456,3.325719772717086,Inf
-18.542847281298958,-13.831260000126182,1.7674710976831243,30.427169320951748
-16.084554213802278,-10.270500524001491,-2.7388314019105664,22.063748632051542
-19.518206470707547,-13.396481716286095,-13.200384241853884,26.810380415291355
-18.741252388350578,-4.340107337643522,-10.38526946643354,17.294790799770162
-18.88778599548001,-12.779520915744689,13.898068697136864,Inf
-12.135973177125878,-8.071272417370805,9.841109619084676,Inf
-18.22019534467855,-0.8461759026966753,7.881278057415166,22.79696878308789
-16.66006910066047,-0.505672764103906,8.013842829371505,21.19462371930502
-14.506947702856348,13.731673637416854,5.992087148532164,17.201319858663233
-9.227161747117343,10.193802617382886,3.378320760688265,9.45672604229287
-16.28339459997668,-2.5061300700810634,-12.44364910199721,15.096997790582954
-13.669811979324562,2.338741139384261,-9.52071909207553,8.864252729682295
-15.507752205819818,-12.01858828179775,3.4281190970849025,Inf
-10.998066483794036,-5.016921765821394,0.057018999364402134,Inf
-18.38385446767413,-8.448966019009658,-6.481129057450534,20.576597168370025
-15.120875012390078,-1.2361443844199087,-5.423721566116573,Inf
-18.741252388350578,-4.340107337643522,-10.38526946643354,17.294790799770162
-13.669811979324562,2.338741139384261,-9.52071909207553,8.864252729682295
-19.838585955471466,-9.90069395025806,-4.275194621158098,21.938323307571075
-15.120875012390078,-1.2361443844199087,-5.423721566116573,Inf
-19.954218065377447,-3.3058954931087925,-16.476722484039648,19.99295121110134
-17.984249520130184,-0.44227841594520356,-14.470366478140999,15.979655401384326
-14.724189580946705,-3.9533177064317115,-17.49786390764255,18.837463952062997
-12.845012441436303,1.745266070931084,-10.644988894383012,9.433515086399405
-18.100705906520602,-10.253098059940902,-6.052030930881163,22.107069142947182
-15.120875012390078,-1.2361443844199087,-5.423721566116573,Inf
-15.51319010755452,-5.126680731617244,-7.46094007285893,16.99886844202443
-14.087311319131768,1.4651847703452425,-5.755978808662983,9.09470853544109
-16.528923390255336,-8.62204814581431,-9.077784591094824,20.94954230876614
-15.120875012390078,-1.2361443844199087,-5.423721566116573,Inf
-17.934839358002943,-7.494395160059861,-17.374850014724935,22.300645218412438
-16.540358118699345,-2.7822955228308572,-14.766496816967827,17.045030574179272
-14.635630567578879,-9.806932350115112,-18.321337161972984,23.8317012857658
-12.443152946664657,-4.051355471028755,-15.697901478331353,18.282465178604
-15.7927160624849,-9.738534455797572,-5.386303718041692,21.118711199241712
-15.120875012390078,-1.2361443844199087,-5.423721566116573,Inf
-16.084554213802278,-10.270500524001491,-2.7388314019105664,22.063748632051542
-11.910468508988092,-2.55223660526341,-2.7200795377926283,Inf
-16.19562428046086,-6.858104001013823,3.222397577347145,21.100426448954586
-14.766436643854615,-1.5181618893427284,-0.3129038200015515,Inf
-17.122364287130782,-9.603038182204955,-4.3547302301582125,Inf
-15.120875012390078,-1.2361443844199087,-5.423721566116573,Inf
-16.041249336954657,-2.758341848521539,2.849072933435437,18.94205322296515
-14.766436643854615,-1.5181618893427284,-0.3129038200015515,Inf
-16.540358118699345,-2.7822955228308572,-14.766496816967827,17.045030574179272
-12.845012441436303,1.745266070931084,-10.644988894383012,9.433515086399405
-14.553867181171345,-4.256093176881928,6.678892006550797,21.839867897227638
-10.361474906468686,0.39562340623823644,5.694927662582696,15.500876969259508
-16.549571160966103,-11.362071859442127,6.239164359961524,Inf
-16.19562428046086,-6.858104001013823,3.222397577347145,21.100426448954586
-17.270961582966137,-4.258504470340787,6.479471171669715,22.279428681996535
-14.766436643854615,-1.5181618893427284,-0.3129038200015515,Inf
-16.94432156217318,16.53608876150539,-15.814600328549355,15.538701235520074
-10.651753276555542,12.449663418516728,-9.44998135598003,5.150809445540991
-16.762729537285203,13.444798289117301,-16.44308527535463,14.490928646978363
-15.278909984615403,12.631534507470079,-11.739259636019748,9.249424557424883
-18.57272613823831,19.109146222400348,-17.04158277415396,18.20532438201102
-12.640583830599468,15.123781024729858,-11.485328746802939,8.991294463366577
-18.300208557501804,16.040541196617312,-19.29256811270769,18.244949720613675
-15.278909984615403,12.631534507470079,-11.739259636019748,9.249424557424883
-15.64863525289418,0.10785100995561692,-15.941452633595121,16.058625114076733
-11.664136364221571,3.9765748423390406,-11.993335552995239,8.261506759216838
-16.57781406929594,13.556932427093727,0.022067141265871726,13.004389481633005
-10.494495928981111,9.580149414013583,-5.06949724330731,1.8536253139548222
-18.86268268254674,19.531258054295947,-13.42659435388617,16.332053396408085
-15.559075733171088,14.694399284087545,-10.580655404121435,9.81988093672207
-19.005684298931136,-0.6503984758471226,-5.707352814345992,15.36485169759772
-14.087311319131768,1.4651847703452425,-5.755978808662983,9.09470853544109
-17.863081029462506,1.3282832726704363,-9.947128651301727,12.644939947249593
-14.588377997921045,5.463581529517949,-9.094789842708737,7.301640118257527
-18.114453050902164,12.744563115630491,-12.919904334850179,12.455974171568936
-15.278909984615403,12.631534507470079,-11.739259636019748,9.249424557424883
-17.984249520130184,-0.44227841594520356,-14.470366478140999,15.979655401384326
-14.588377997921045,5.463581529517949,-9.094789842708737,7.301640118257527
-17.95502228800966,4.643097510366651,-7.921910939109855,10.708178253467743
-12.815449061563271,8.770553100550327,-7.489367096385013,4.1022569116091985
-19.748343133182928,6.2344067962054055,-9.491524319132036,11.751158259511357
-12.815449061563271,8.770553100550327,-7.489367096385013,4.1022569116091985
-19.239006384505632,10.153655962581869,-12.341611953248863,12.160119042681174
-12.700649203077674,8.998873276435695,-7.794668602460071,4.112862894189569
-19.984875715367174,16.85034560868739,-11.814760648637046,14.895196275841737
-15.559075733171088,14.694399284087545,-10.580655404121435,9.81988093672207
-18.49530429060365,17.66502193171157,-7.7770225194763665,14.552435416555053
-15.296163112210222,10.32216320750851,-6.728926022013715,6.47465200828698
-16.982505769154148,9.738449561633633,-9.15426668710774,8.614818886259526
-9.0,9.0,-6.0,0.0
-18.38909418523926,0.29166944895028735,-0.984923068594945,15.063772961493015
-12.216672709707073,5.707673101903108,-0.92441516629167,6.851858224560441
-19.1710172936245,17.20921906108775,5.474786068933575,19.03180395931745
-16.482727786050766,14.016764975914654,2.8456648111533482,14.099163474690448
-19.32801153853091,0.4031049514181717,-3.2772837147469787,14.988508812001674
-14.087311319131768,1.4651847703452425,-5.755978808662983,9.09470853544109
-18.876703933812333,0.31014084473337533,-3.0366496431259193,14.722066636556578
-14.087311319131768,1.4651847703452425,-5.755978808662983,9.09470853544109
-18.47193084174874,17.628581563602637,-5.67914421632552,14.51027841235788
-15.296163112210222,10.32216320750851,-6.728926022013715,6.47465200828698
-16.670460793966253,1.6605109028850507,7.858344554189909,20.07473103732604
-10.09248444730793,5.064022872584282,3.2884576690148215,Inf
-17.57027462478434,7.269106946475638,-5.3633619136428745,8.766464849639318
-9.0,9.0,-6.0,0.0
-17.51838680486758,10.795714913001877,-5.296687962936959,8.733965515594688
-9.0,9.0,-6.0,0.0
-16.707791111689225,18.051695888137694,2.9164834082095403,18.352046737725
-16.482727786050766,14.016764975914654,2.8456648111533482,14.099163474690448
-17.22163236443351,18.190165044309083,-1.255704647372884,16.2505937512077
-9.92592889247101,15.195388962658413,-5.782954045909756,6.2679580134784905
-15.296163112210222,10.32216320750851,-6.728926022013715,6.47465200828698
-9.0,9.0,-6.0,0.0
-15.120875012390078,-1.2361443844199087,-5.423721566116573,Inf
-14.087311319131768,1.4651847703452425,-5.755978808662983,9.09470853544109
-14.588377997921045,5.463581529517949,-9.094789842708737,7.301640118257527
-9.0,9.0,-6.0,0.0
-15.179527639975552,7.577500606854002,-11.307374848881206,8.269116891377177
-9.0,9.0,-6.0,0.0
-16.31946271001994,0.04083632969560824,-5.282013525450795,Inf
-14.087311319131768,1.4651847703452425,-5.755978808662983,9.09470853544109
-14.766436643854615,-1.5181618893427284,-0.3129038200015515,Inf
-12.216672709707073,5.707673101903108,-0.92441516629167,6.851858224560441
-16.559524693988948,17.976871478496577,2.6186810045311475,18.13065510821406
-16.482727786050766,14.016764975914654,2.8456648111533482,14.099163474690448
-15.559075733171088,14.694399284087545,-10.580655404121435,9.81988093672207
-9.0,9.0,-6.0,0.0
-15.795421197876198,19.233765791549196,-12.325668103232141,14.136962068378494
-10.651753276555542,12.449663418516728,-9.44998135598003,5.150809445540991
-15.278909984615403,12.631534507470079,-11.739259636019748,9.249424557424883
-9.0,9.0,-6.0,0.0
-16.482727786050766,14.016764975914654,2.8456648111533482,14.099163474690448
-8.830844759109127,11.08517785168953,-1.831397805829802,4.664099529591752
-13.541449846192402,16.946672820741114,-18.527167475617503,15.965365371213334
-10.327269200852545,11.995253246013029,-10.893277673752939,5.888747908658709
-14.202133811665778,6.247699971113061,-16.58664284880964,13.827856773941193
-13.776535741395879,8.056382172446305,-13.379957346597164,8.841350503791991
-13.618596594218113,-8.166268234381375,-16.03311784244181,21.937635764006906
-13.58753154203856,-0.9757781783726571,-13.61948821073299,13.817550488172675
-13.776535741395879,8.056382172446305,-13.379957346597164,8.841350503791991
-9.0,9.0,-6.0,0.0
-13.75232164610412,0.15915773544722356,-4.096775281184444,Inf
-9.352166096136658,5.781155801014801,-6.958455877209575,3.376924133759356
-13.669811979324562,2.338741139384261,-9.52071909207553,8.864252729682295
-9.0,9.0,-6.0,0.0
-14.087311319131768,1.4651847703452425,-5.755978808662983,9.09470853544109
-9.0,9.0,-6.0,0.0
-13.594451804353618,-6.911427467647089,5.592965454256742,Inf
-11.910468508988092,-2.55223660526341,-2.7200795377926283,Inf
-13.58753154203856,-0.9757781783726571,-13.61948821073299,13.817550488172675
-12.845012441436303,1.745266070931084,-10.644988894383012,9.433515086399405
-14.249390219713547,17.428584402297673,-15.665686817769435,13.889667501673275
-10.651753276555542,12.449663418516728,-9.44998135598003,5.150809445540991
-16.273705574459647,7.699503510609198,8.981079368416633,18.79836465450552
-9.227161747117343,10.193802617382886,3.378320760688265,9.45672604229287
-18.856105705191073,10.0755386961307,9.037744401103723,22.308000613400303
-16.482727786050766,14.016764975914654,2.8456648111533482,14.099163474690448
-17.23033148242375,0.7435364441152075,8.43810661762489,21.176812172237646
-10.09248444730793,5.064022872584282,3.2884576690148215,Inf
-16.66006910066047,-0.505672764103906,8.013842829371505,21.19462371930502
-10.09248444730793,5.064022872584282,3.2884576690148215,Inf
-18.612919189701806,-9.974818822103764,15.74433445492042,Inf
-12.32304120131098,-5.378396404829582,12.224997982020142,24.43557704729586
-19.334568165571202,-1.765993755675936,12.277890452913041,26.223543168051407
-17.23033148242375,0.7435364441152075,8.43810661762489,21.176812172237646
-19.55321225042688,5.080725537579298,9.824568211020257,23.079093043148866
-16.273705574459647,7.699503510609198,8.981079368416633,18.79836465450552
-19.537436129926327,3.04642818860529,14.91428743949784,Inf
-13.537374377430593,7.6563818965037385,10.359633235189172,18.044808523259192
-17.03981525262563,2.470168347244943,15.223243962881199,25.97062787353923
-12.827445017257242,6.178486054331387,10.194550127080639,18.148434131157494
-17.677643194128542,5.935108930370028,9.445609391645753,21.100519561800024
-16.273705574459647,7.699503510609198,8.981079368416633,18.79836465450552
-17.481247285713852,8.600819305805032,14.707923619589835,23.598650144773764
-14.418183508840547,8.83903329913199,11.110819403235645,18.868083122616355
-16.70737213007414,12.507954171204851,12.564400137424208,Inf
-12.839518117214714,11.558967836674363,8.976411343961104,16.25756516692111
-14.418183508840547,8.83903329913199,11.110819403235645,18.868083122616355
-9.227161747117343,10.193802617382886,3.378320760688265,9.45672604229287
-14.90168308787057,4.899887074008902,13.31722958499953,22.311772096133325
-12.827445017257242,6.178486054331387,10.194550127080639,18.148434131157494
-14.559856244230751,-10.009878180855214,10.079642505838244,Inf
-11.951099226732183,-1.5271409223520322,6.685856833880539,18.1852518993692
-13.848177484979445,-12.36991000896003,8.304922834677583,Inf
-12.351663833226088,-5.854525291151456,3.325719772717086,Inf
-16.088417665410795,-0.35604558581916024,15.674113611658655,Inf
-12.827445017257242,6.178486054331387,10.194550127080639,18.148434131157494
-15.218362035784496,13.253329913133626,10.777250730393906,19.456693685689398
-9.227161747117343,10.193802617382886,3.378320760688265,9.45672604229287
-14.503102723645904,18.05080144420883,13.222979079423958,24.191338220301382
-12.395800740663585,17.331582299436562,5.0168781893863645,14.595129878045471
-15.15478995311848,10.078184410551163,14.029427870296885,22.009623863130052
-12.839518117214714,11.558967836674363,8.976411343961104,16.25756516692111
-14.89862656206677,16.665544229739773,14.172180959442706,Inf
-13.137732204023909,16.00522329069304,10.290652236414914,19.297737066111935
-11.908085750358213,4.155692883454147,14.0773928593824,22.223878274454876
-8.189998875943658,4.9450117291474704,7.846152348571891,14.92486789294243
-10.652651948783234,-3.2555907640701065,-16.443191920290978,16.1861366892847
-9.0,9.0,-6.0,0.0
-9.414300176120936,-6.536610922465522,-17.22527080115259,19.779221125885474
-10.652651948783234,-3.2555907640701065,-16.443191920290978,16.1861366892847
-12.741380341881774,-13.521173468074998,-19.02174619977794,Inf
-9.414300176120936,-6.536610922465522,-17.22527080115259,19.779221125885474
-10.606183378143683,-9.210410204265749,-17.51589318697846,Inf
-10.652651948783234,-3.2555907640701065,-16.443191920290978,16.1861366892847
-10.671687537765244,-11.926230676934857,-0.18135788310470247,Inf
-9.18634079957453,-5.174063498942143,-2.831466492825836,Inf
-12.351663833226088,-5.854525291151456,3.325719772717086,Inf
-11.315100898783168,-4.473946305349656,1.37558374942218,Inf
-12.988697444957795,-11.348402274627443,7.952834046784034,Inf
-11.315100898783168,-4.473946305349656,1.37558374942218,Inf
-11.663231413017385,-8.3245751164025,-0.2339742521789674,Inf
-11.910468508988092,-2.55223660526341,-2.7200795377926283,Inf
-13.346424620702653,-8.511004833843625,-7.687840693917201,Inf
-13.131788298715898,-5.134660702207361,-9.53965538452227,Inf
-11.737186250128575,-10.524631057598706,-14.12469836196335,22.57997785062438
-7.2726730648966775,-2.8095842617172195,-9.718187505204368,Inf
-10.933236706546436,-6.48392460892242,-12.287872974648915,Inf
-12.845012441436303,1.745266070931084,-10.644988894383012,9.433515086399405
-11.29723104063646,-11.20817004038436,-11.804015315550727,Inf
-7.2726730648966775,-2.8095842617172195,-9.718187505204368,Inf
-11.296569468446984,-11.329916321070987,-6.057300326217705,Inf
-9.18634079957453,-5.174063498942143,-2.831466492825836,Inf
-12.135973177125878,-8.071272417370805,9.841109619084676,Inf
-10.361474906468686,0.39562340623823644,5.694927662582696,15.500876969259508
-13.459217524859355,-5.637683284747288,-12.079845821758282,18.04229199017471
-12.845012441436303,1.745266070931084,-10.644988894383012,9.433515086399405
-12.443152946664657,-4.051355471028755,-15.697901478331353,18.282465178604
-12.845012441436303,1.745266070931084,-10.644988894383012,9.433515086399405
-11.804798930296672,-3.613763130585859,-13.853908027441877,16.07781960053716
-12.845012441436303,1.745266070931084,-10.644988894383012,9.433515086399405
-11.315100898783168,-4.473946305349656,1.37558374942218,Inf
-8.150032864468493,0.2185439710088204,-4.888669827494541,8.892213946645132
-12.32304120131098,-5.378396404829582,12.224997982020142,24.43557704729586
-10.361474906468686,0.39562340623823644,5.694927662582696,15.500876969259508
-13.131788298715898,-5.134660702207361,-9.53965538452227,Inf
-13.669811979324562,2.338741139384261,-9.52071909207553,8.864252729682295
-11.664136364221571,3.9765748423390406,-11.993335552995239,8.261506759216838
-9.0,9.0,-6.0,0.0
-12.845012441436303,1.745266070931084,-10.644988894383012,9.433515086399405
-9.0,9.0,-6.0,0.0
-12.855899227128873,3.8859072560805252,14.953823891193608,23.863335611376282
-12.827445017257242,6.178486054331387,10.194550127080639,18.148434131157494
-13.16225302513212,-4.076786004141555,8.682673571724742,Inf
-10.361474906468686,0.39562340623823644,5.694927662582696,15.500876969259508
-12.370084533862693,-3.213787872132663,-3.434786349146613,Inf
-11.910468508988092,-2.55223660526341,-2.7200795377926283,Inf
-12.434960695789021,-4.3986258885199625,0.19901373692317748,Inf
-11.910468508988092,-2.55223660526341,-2.7200795377926283,Inf
-11.951099226732183,-1.5271409223520322,6.685856833880539,18.1852518993692
-10.361474906468686,0.39562340623823644,5.694927662582696,15.500876969259508
-11.910468508988092,-2.55223660526341,-2.7200795377926283,Inf
-9.352166096136658,5.781155801014801,-6.958455877209575,3.376924133759356
-10.998066483794036,-5.016921765821394,0.057018999364402134,Inf
-8.150032864468493,0.2185439710088204,-4.888669827494541,8.892213946645132
-10.8857930153773,-3.2885372532406976,15.466425418664905,Inf
-6.254083917925364,-0.502496867597948,7.275245204417587,Inf
-10.021449421445512,-7.646323187524766,14.03266002893227,Inf
-11.951099226732183,-1.5271409223520322,6.685856833880539,18.1852518993692
-10.014741433715297,-10.89719518630421,14.444989317336166,Inf
-12.32304120131098,-5.378396404829582,12.224997982020142,24.43557704729586
-9.219547922231373,-14.133080433901135,-8.995572965449554,Inf
-7.003418403157768,-5.329879591079294,-8.043760055062359,Inf
-10.421622353854545,-11.269556644579106,11.45610962269565,Inf
-12.135973177125878,-8.071272417370805,9.841109619084676,Inf
-9.05457268093759,-13.769000066379196,-11.961021661435467,Inf
-7.003418403157768,-5.329879591079294,-8.043760055062359,Inf
-9.866042860880846,-6.6509995641842234,6.963167165125501,Inf
-10.361474906468686,0.39562340623823644,5.694927662582696,15.500876969259508
-10.361474906468686,0.39562340623823644,5.694927662582696,15.500876969259508
-7.216548918348167,6.058702019621229,-0.20483588716045276,6.739128924777201
-9.840692792780867,0.4328347676242039,-14.536769665138793,12.66530591305011
-9.352166096136658,5.781155801014801,-6.958455877209575,3.376924133759356
-9.18634079957453,-5.174063498942143,-2.831466492825836,Inf
-8.150032864468493,0.2185439710088204,-4.888669827494541,8.892213946645132
-9.412060286729496,-5.98397980360426,16.196149642966013,Inf
-12.32304120131098,-5.378396404829582,12.224997982020142,24.43557704729586
-9.352166096136658,5.781155801014801,-6.958455877209575,3.376924133759356
-9.0,9.0,-6.0,0.0
-9.82309225641644,7.63874051865902,-14.72752576514428,8.871314120206243
-9.0,9.0,-6.0,0.0
-13.350186567688516,14.49105738681412,-14.138482799649434,10.932753525847009
-10.651753276555542,12.449663418516728,-9.44998135598003,5.150809445540991
-12.700649203077674,8.998873276435695,-7.794668602460071,4.112862894189569
-9.0,9.0,-6.0,0.0
-10.651753276555542,12.449663418516728,-9.44998135598003,5.150809445540991
-9.0,9.0,-6.0,0.0
-10.327269200852545,11.995253246013029,-10.893277673752939,5.888747908658709
-9.0,9.0,-6.0,0.0
-12.815449061563271,8.770553100550327,-7.489367096385013,4.1022569116091985
-9.0,9.0,-6.0,0.0
-10.455215127820665,18.042091090484917,-8.43104447035227,9.475602333028501
-9.0,9.0,-6.0,0.0
-13.326394288434829,15.737706998529987,-12.579898994755485,10.419710616754092
-10.651753276555542,12.449663418516728,-9.44998135598003,5.150809445540991
-9.875401125144903,18.47610000042819,-13.702752252930743,12.79973909118018
-10.651753276555542,12.449663418516728,-9.44998135598003,5.150809445540991
-12.640583830599468,15.123781024729858,-11.485328746802939,8.991294463366577
-9.0,9.0,-6.0,0.0
-9.243857513178364,17.067575260138867,-12.518376524448396,10.861175703264088
-9.195974245114602,10.758301191935693,-7.26827937735016,2.1768237331769487
-9.594037034191674,7.208922403132682,-11.546500634871286,5.858712166391077
-9.0,9.0,-6.0,0.0
-9.195974245114602,10.758301191935693,-7.26827937735016,2.1768237331769487
-9.0,9.0,-6.0,0.0
-9.227161747117343,10.193802617382886,3.378320760688265,9.45672604229287
-9.0,9.0,-6.0,0.0
-12.839518117214714,11.558967836674363,8.976411343961104,16.25756516692111
-9.227161747117343,10.193802617382886,3.378320760688265,9.45672604229287
-11.2882571208773,10.373855729307692,12.92915317073438,19.229081591884576
-9.227161747117343,10.193802617382886,3.378320760688265,9.45672604229287
-12.699500461543431,7.491123233423707,12.607976463757552,20.449884488399665
-9.485371751237341,9.67995069820816,7.506150975162342,13.624423065901027
-12.827445017257242,6.178486054331387,10.194550127080639,18.148434131157494
-9.227161747117343,10.193802617382886,3.378320760688265,9.45672604229287
-9.485371751237341,9.67995069820816,7.506150975162342,13.624423065901027
-9.227161747117343,10.193802617382886,3.378320760688265,9.45672604229287
-10.09248444730793,5.064022872584282,3.2884576690148215,Inf
-10.494495928981111,9.580149414013583,-5.06949724330731,1.8536253139548222
-12.216672709707073,5.707673101903108,-0.92441516629167,6.851858224560441
-9.0,9.0,-6.0,0.0
-10.494495928981111,9.580149414013583,-5.06949724330731,1.8536253139548222
-9.0,9.0,-6.0,0.0
-12.475614742445584,4.8698287572448535,14.351545649488088,22.509143347412085
-9.485371751237341,9.67995069820816,7.506150975162342,13.624423065901027
-12.292865424394357,16.139569524306467,15.867063570960639,24.54984043374381
-12.839518117214714,11.558967836674363,8.976411343961104,16.25756516692111
-10.874576743120556,15.810562793531453,12.881307475038,22.35553762301658
-7.864922900599378,14.23939851270758,3.6704945911594855,11.079154709649723
-11.8614600005502,18.60920427609561,-5.330059793742468,10.691410552487804
-9.92592889247101,15.195388962658413,-5.782954045909756,6.2679580134784905
-13.137732204023909,16.00522329069304,10.290652236414914,19.297737066111935
-9.227161747117343,10.193802617382886,3.378320760688265,9.45672604229287
-12.395800740663585,17.331582299436562,5.0168781893863645,14.595129878045471
-8.830844759109127,11.08517785168953,-1.831397805829802,4.664099529591752
-12.171368399235849,16.492168799489768,12.494357865015957,21.25233487885486
-10.722923018412853,16.05142119166308,8.462465080108295,17.25495928832889
-11.703604854717558,16.89564564332749,13.365345867932163,Inf
-10.722923018412853,16.05142119166308,8.462465080108295,17.25495928832889
-11.520978322558948,19.70076941024199,4.698626041318327,17.731249688502736
-12.395800740663585,17.331582299436562,5.0168781893863645,14.595129878045471
-12.578602419228924,19.592550131909015,9.401371140561743,19.53164387398107
-12.395800740663585,17.331582299436562,5.0168781893863645,14.595129878045471
-10.722923018412853,16.05142119166308,8.462465080108295,17.25495928832889
-7.864922900599378,14.23939851270758,3.6704945911594855,11.079154709649723
-9.710239720242102,15.614421390790945,15.338785798361243,23.204571316402266
-8.312195863554352,10.69682089781594,8.399686859560447,14.585498552108143
-9.92592889247101,15.195388962658413,-5.782954045909756,6.2679580134784905
-9.0,9.0,-6.0,0.0
-9.321057129666972,18.947642381962027,8.343491462357335,17.870677880754954
-7.864922900599378,14.23939851270758,3.6704945911594855,11.079154709649723
-10.494344943280538,-0.6071108309793232,18.787339646584904,30.25086797498581
-11.908085750358213,4.155692883454147,14.0773928593824,22.223878274454876
-11.725125144473454,-8.505254228591905,17.353374680025,36.76154386644791
-12.32304120131098,-5.378396404829582,12.224997982020142,24.43557704729586
-12.157721604791316,-10.163633613467473,16.768086214415725,Inf
-12.32304120131098,-5.378396404829582,12.224997982020142,24.43557704729586
-16.2730505431579,-10.298289107509175,16.594200887575226,Inf
-12.32304120131098,-5.378396404829582,12.224997982020142,24.43557704729586
-14.699714605534373,-11.302603401809206,19.57283239145636,Inf
-12.32304120131098,-5.378396404829582,12.224997982020142,24.43557704729586
-18.156794092702945,-8.538946216613041,19.475443123919348,Inf
-12.32304120131098,-5.378396404829582,12.224997982020142,24.43557704729586
-18.443787339350834,5.618550780280181,17.844990924928837,27.22392741095711
-13.537374377430593,7.6563818965037385,10.359633235189172,18.044808523259192
-19.64503756487951,14.813542087786821,16.879227343562505,27.154994592868928
-15.218362035784496,13.253329913133626,10.777250730393906,19.456693685689398
-15.975803892870006,6.431930031548223,17.80264152346522,25.972203634561836
-13.537374377430593,7.6563818965037385,10.359633235189172,18.044808523259192
-12.906016942073322,-6.263455757120875,17.6618878947881,Inf
-12.32304120131098,-5.378396404829582,12.224997982020142,24.43557704729586
-16.69413845124536,-4.9135582600824,16.834868945654165,Inf
-13.16225302513212,-4.076786004141555,8.682673571724742,Inf
-12.48524430300729,3.0576417961551456,17.534567530624663,25.89687227018827
-11.908085750358213,4.155692883454147,14.0773928593824,22.223878274454876
-10.530566748800165,6.815251760320173,17.415521683837092,25.005348495637513
-8.578992890739148,8.232362635284154,14.013463470673045,20.35213811284734
-18.383454117748332,8.246122510878145,19.327676274661705,28.010930110846957
-14.418183508840547,8.83903329913199,11.110819403235645,18.868083122616355
-16.7412831256041,5.0909709476247045,19.199815490654466,27.791355958792177
-13.537374377430593,7.6563818965037385,10.359633235189172,18.044808523259192
-16.08848996595335,-3.676924262143171,19.116704664141025,Inf
-12.32304120131098,-5.378396404829582,12.224997982020142,24.43557704729586
-15.53414477158606,-4.611643445894531,18.09776148408612,Inf
-12.32304120131098,-5.378396404829582,12.224997982020142,24.43557704729586
-13.815343646535894,-6.4709908113659065,18.747046596278295,Inf
-12.32304120131098,-5.378396404829582,12.224997982020142,24.43557704729586
-15.560033505247022,14.678272039574608,18.248397719339252,27.070184132729963
-15.218362035784496,13.253329913133626,10.777250730393906,19.456693685689398
-13.438391030374701,11.281389709571297,17.898827984804214,24.71946969398662
-11.2882571208773,10.373855729307692,12.92915317073438,19.229081591884576
-15.042888730515731,5.515083549454722,19.736359471027882,Inf
-13.537374377430593,7.6563818965037385,10.359633235189172,18.044808523259192
-12.096442252947668,15.372312590840963,19.933477531720378,27.576661152951452
-11.76239969686054,13.842711790439424,16.21358846812079,23.922576795371846
-10.290865283971593,13.690595302678446,18.88729970513402,25.895739530146024
-8.546967890146648,13.020899309521532,14.893019314760558,21.48621045320801
-9.967974069612957,0.7980663816383071,19.724779142779177,Inf
-11.908085750358213,4.155692883454147,14.0773928593824,22.223878274454876
-9.743386398590008,-11.138584632847772,18.304405589083437,Inf
-12.32304120131098,-5.378396404829582,12.224997982020142,24.43557704729586
-9.639999067517797,-9.120508523989805,19.41645020416027,Inf
-12.32304120131098,-5.378396404829582,12.224997982020142,24.43557704729586
6.856122725919882,5.820754323591039,4.85790089079255,Inf
-9.0,9.0,-6.0,0.0
17.18451503054486,4.677606437160932,-0.9619932802569053,Inf
10.7327930096045,6.950505358110295,-3.9544311261050424,Inf
17.410874147220014,-18.891669103200623,-14.11134069088737,Inf
15.980433277335948,-11.356761352467428,-13.673255035835234,Inf
5.2901855706290135,4.234949472599521,-18.983807380925732,19.887040108489618
-9.0,9.0,-6.0,0.0
6.691083588245661,-10.018397244764845,-4.4769068627078035,Inf
2.485737543939919,-2.4724604343579237,-4.78915112007412,Inf
3.4720378827182508,-1.9109272706262388,-17.21197741844266,20.447265289798175
1.997084589026965,-0.6326719629440625,-16.056586698803432,18.17914898651545
-2.6866680617751904,-8.161162124407815,-14.022834078136484,Inf
-7.2726730648966775,-2.8095842617172195,-9.718187505204368,Inf
-4.468348063858478,-13.02609247804817,-17.37406969572796,Inf
-5.37300945229962,-6.547517774236402,-12.825935213459205,Inf
-8.849451626854092,-17.251363208084882,-17.48914814513432,30.44754999406956
-7.862815100805536,-8.564894610187483,-16.077380312734874,Inf
-7.450616065328095,-18.81344727629309,-19.19056617016861,Inf
-8.809346949223116,-11.629579493573416,-18.84595439421915,25.090895420961218
-8.809346949223116,-11.629579493573416,-18.84595439421915,25.090895420961218
-10.652651948783234,-3.2555907640701065,-16.443191920290978,16.1861366892847
-5.788329429343646,-8.517677677290667,-19.563098358959195,23.7338349829474
-6.1311933410587915,-2.4021651215625255,-15.795480364398022,16.080932666239196
-4.113378133175543,-14.500897598107363,-15.424550467515674,Inf
-3.731145492834351,-9.194883727581331,-13.64700510385874,Inf
-6.319589871620295,-8.509491800133384,-9.498445875226311,Inf
-7.2726730648966775,-2.8095842617172195,-9.718187505204368,Inf
-7.862815100805536,-8.564894610187483,-16.077380312734874,Inf
-7.2726730648966775,-2.8095842617172195,-9.718187505204368,Inf
-8.72956640673796,-11.155779858406492,-8.874926209125249,Inf
-7.2726730648966775,-2.8095842617172195,-9.718187505204368,Inf
-6.085380546890189,-16.435480617679747,-15.841292391910171,Inf
-4.8864343201492755,-13.203553311730651,-14.388848863453578,Inf
-6.042444167277212,-19.775846519635465,-9.518346267232083,Inf
-7.285095631162264,-12.447956139610987,-8.38604813611119,Inf
-5.5151522738233805,-17.940755650900194,-10.888895353776995,Inf
-6.319589871620295,-8.509491800133384,-9.498445875226311,Inf
-4.8864343201492755,-13.203553311730651,-14.388848863453578,Inf
-5.37300945229962,-6.547517774236402,-12.825935213459205,Inf
-6.639436780801775,-8.641398386309955,-8.120577033338607,Inf
-8.150032864468493,0.2185439710088204,-4.888669827494541,8.892213946645132
-7.285095631162264,-12.447956139610987,-8.38604813611119,Inf
-6.639436780801775,-8.641398386309955,-8.120577033338607,Inf
-6.36868809291296,-15.833873129330458,-10.84000229812161,Inf
-6.319589871620295,-8.509491800133384,-9.498445875226311,Inf
-1.955214163480683,-13.449294255012738,-10.199215729266431,Inf
-7.003418403157768,-5.329879591079294,-8.043760055062359,Inf
-2.2069788560492327,-15.711237952420172,-5.037241810859507,Inf
-6.639436780801775,-8.641398386309955,-8.120577033338607,Inf
-0.06646242239751743,-12.773022841263746,-10.639940387379738,Inf
-6.319589871620295,-8.509491800133384,-9.498445875226311,Inf
-3.731145492834351,-9.194883727581331,-13.64700510385874,Inf
-7.2726730648966775,-2.8095842617172195,-9.718187505204368,Inf
-7.062312825530981,-4.814140790901629,-14.101097267919203,Inf
-7.3837554369951075,3.7529373518295372,-12.663679816406193,8.634149733288611
1.997084589026965,-0.6326719629440625,-16.056586698803432,18.17914898651545
-1.990614798102186,3.5398119760332136,-9.943888841430146,9.721079845326424
1.8465753976508914,-4.283519321901474,-19.186329302650034,22.990243271751137
-2.244259850409378,0.013123529913610099,-15.003624357268261,14.992411041349909
0.3174521826904275,-7.562522547845738,-17.15423887478402,Inf
-1.2443648284461872,-3.1818687400754264,-14.158888251234734,17.58156030857325
-0.34956875411216615,-7.958138243750668,-18.049890913935798,Inf
-2.244259850409378,0.013123529913610099,-15.003624357268261,14.992411041349909
-8.55192672325459,-7.597487083169936,-14.785427059924006,Inf
-7.2726730648966775,-2.8095842617172195,-9.718187505204368,Inf
-0.055514927364033184,-6.484239522183115,-15.087481240175507,Inf
-5.277108780804136,0.6869963420970748,-11.869158766206267,Inf
-0.9449237703770379,-4.841970182295396,-15.699640633220593,Inf
-5.277108780804136,0.6869963420970748,-11.869158766206267,Inf
-1.495272474398604,-4.646068060118855,-14.800759144198716,Inf
-5.277108780804136,0.6869963420970748,-11.869158766206267,Inf
-7.70354354507619,0.1603758452594306,-14.155020446612081,12.656022432002885
-7.3837554369951075,3.7529373518295372,-12.663679816406193,8.634149733288611
0.3547690593886976,0.8945830298421527,-17.76382669943395,17.145779748324074
-4.048845577468567,5.488069839828764,-12.430206242642994,8.842801359784005
-5.435367932644519,-1.3638866723886451,-14.83492238400233,15.151471927813432
-7.3837554369951075,3.7529373518295372,-12.663679816406193,8.634149733288611
-8.13713708113096,-3.4253813116805887,-18.608091977913112,18.389738836390073
-7.3837554369951075,3.7529373518295372,-12.663679816406193,8.634149733288611
-6.1311933410587915,-2.4021651215625255,-15.795480364398022,16.080932666239196
-7.3837554369951075,3.7529373518295372,-12.663679816406193,8.634149733288611
-1.2443648284461872,-3.1818687400754264,-14.158888251234734,17.58156030857325
-5.277108780804136,0.6869963420970748,-11.869158766206267,Inf
-3.6889496118290133,-0.4999082789714109,-16.105197253143064,15.877782950703034
-7.3837554369951075,3.7529373518295372,-12.663679816406193,8.634149733288611
-2.0762947201727755,0.39953611308415304,-18.865843973834107,17.22556530831625
-5.500461153244238,6.597434397226223,-12.102239316994048,7.433466102529314
-2.244259850409378,0.013123529913610099,-15.003624357268261,14.992411041349909
-4.079805879493605,5.621915209782699,-9.47719807597875,6.907291328223639
2.555880841695817,-1.2195306113416926,-14.161159493996678,17.538197998693537
-1.990614798102186,3.5398119760332136,-9.943888841430146,9.721079845326424
-8.620517976752629,-2.9325471576730706,-13.125834876302127,Inf
-7.3837554369951075,3.7529373518295372,-12.663679816406193,8.634149733288611
-5.37300945229962,-6.547517774236402,-12.825935213459205,Inf
-7.2726730648966775,-2.8095842617172195,-9.718187505204368,Inf
2.5151274787052103,-7.689908880082577,-10.274119008877856,Inf
1.2502757688131254,2.198231683360696,-10.988704154979407,13.380977164628561
-5.533768123529441,0.8589917341875086,-7.462523327373027,8.968263683043569
-9.0,9.0,-6.0,0.0
2.7251042957023515,3.656743567676955,-13.123795471685842,14.873869931476092
-4.079805879493605,5.621915209782699,-9.47719807597875,6.907291328223639
-5.277108780804136,0.6869963420970748,-11.869158766206267,Inf
-9.352166096136658,5.781155801014801,-6.958455877209575,3.376924133759356
-8.046786325594768,-5.604678718443683,-13.067336216798253,Inf
-7.2726730648966775,-2.8095842617172195,-9.718187505204368,Inf
-5.079296605177559,-6.007078231628373,-14.044366351914768,Inf
-7.2726730648966775,-2.8095842617172195,-9.718187505204368,Inf
-7.2726730648966775,-2.8095842617172195,-9.718187505204368,Inf
-9.352166096136658,5.781155801014801,-6.958455877209575,3.376924133759356
-7.003418403157768,-5.329879591079294,-8.043760055062359,Inf
-5.533768123529441,0.8589917341875086,-7.462523327373027,8.968263683043569
-1.990614798102186,3.5398119760332136,-9.943888841430146,9.721079845326424
-9.0,9.0,-6.0,0.0
1.2502757688131254,2.198231683360696,-10.988704154979407,13.380977164628561
-1.990614798102186,3.5398119760332136,-9.943888841430146,9.721079845326424
-7.3837554369951075,3.7529373518295372,-12.663679816406193,8.634149733288611
-9.0,9.0,-6.0,0.0
-4.801953427070771,-0.12713239999811776,-6.656704474236754,Inf
-5.533768123529441,0.8589917341875086,-7.462523327373027,8.968263683043569
-5.408326859952179,-5.109024999148417,-5.046716820843518,Inf
-8.150032864468493,0.2185439710088204,-4.888669827494541,8.892213946645132
-8.150032864468493,0.2185439710088204,-4.888669827494541,8.892213946645132
-9.0,9.0,-6.0,0.0
2.485737543939919,-2.4724604343579237,-4.78915112007412,Inf
-5.533768123529441,0.8589917341875086,-7.462523327373027,8.968263683043569
16.98742852044991,-10.79128666343002,-17.542634029788708,Inf
15.881498161329752,-5.642355582196306,-14.656918487038295,Inf
4.402405494058279,-15.929534917293502,-18.127828251945672,Inf
-0.34956875411216615,-7.958138243750668,-18.049890913935798,Inf
7.572905142814356,-19.206429200359185,-18.543869634725585,Inf
4.402405494058279,-15.929534917293502,-18.127828251945672,Inf
9.310055992119644,-18.609386196994528,-19.04823347110981,Inf
6.8274682630340955,-13.934013056769441,-17.416751692438783,Inf
13.292646290189722,-11.905482427864893,-19.679858918696198,Inf
8.037109948659378,-4.744777817762955,-18.479749232132725,25.356219341446412
16.137280235655325,-18.04948565673815,-17.804682526039734,44.62088169805694
14.823353950637745,-8.936248104591478,-15.32272661155658,Inf
12.324227550428589,-13.537255655245204,-14.38694776886674,Inf
13.438980681248964,-9.641838536542027,-10.233270948118314,Inf
6.8274682630340955,-13.934013056769441,-17.416751692438783,Inf
-0.34956875411216615,-7.958138243750668,-18.049890913935798,Inf
10.716837076817846,-15.23223716032751,-18.01838677853736,Inf
6.8274682630340955,-13.934013056769441,-17.416751692438783,Inf
10.00129065159113,-17.18137359263258,-11.755336955015503,Inf
13.438980681248964,-9.641838536542027,-10.233270948118314,Inf
4.5698965585659295,-17.457646916684133,-15.779780528793097,Inf
-0.06646242239751743,-12.773022841263746,-10.639940387379738,Inf
4.011712269960448,-18.464240789249892,-12.227138330458676,Inf
-1.955214163480683,-13.449294255012738,-10.199215729266431,Inf
7.725972904873018,-14.67805189113876,-10.038710540449864,Inf
4.674376212296387,-7.134902135623999,-10.28786382593446,Inf
15.666864555459668,-15.342452448287425,-5.349718135312287,Inf
13.438980681248964,-9.641838536542027,-10.233270948118314,Inf
11.93112077707574,-13.598448271101677,-11.049987679367472,Inf
4.674376212296387,-7.134902135623999,-10.28786382593446,Inf
14.042546557118598,-14.090123421719927,-11.319795260114454,Inf
11.93112077707574,-13.598448271101677,-11.049987679367472,Inf
11.376184714415327,-14.541583247097574,-13.321218020146821,Inf
7.112585076366162,-12.79438057608738,-14.496998534602783,Inf
15.980433277335948,-11.356761352467428,-13.673255035835234,Inf
15.881498161329752,-5.642355582196306,-14.656918487038295,Inf
14.832923410655148,-13.52710120083831,-14.17467691934867,Inf
13.438980681248964,-9.641838536542027,-10.233270948118314,Inf
9.503689451157882,-12.967014426446868,-15.443650691548205,Inf
4.674376212296387,-7.134902135623999,-10.28786382593446,Inf
7.147050020378263,-12.694585552094022,-15.943376595373895,Inf
4.140003839083395,-4.047660310770844,-12.165814249875133,Inf
7.112585076366162,-12.79438057608738,-14.496998534602783,Inf
4.140003839083395,-4.047660310770844,-12.165814249875133,Inf
14.275993044239456,-12.287743349313454,-9.468069126831455,Inf
10.222591862161003,-7.944636337206834,-7.573989470592153,Inf
14.377308117835057,-13.09880002063843,-4.550455994584954,Inf
6.691083588245661,-10.018397244764845,-4.4769068627078035,Inf
17.369224978648035,-14.137600539701909,-11.629824258736887,Inf
13.438980681248964,-9.641838536542027,-10.233270948118314,Inf
16.823307987306116,-12.168664619064238,-17.705547208917878,Inf
13.292646290189722,-11.905482427864893,-19.679858918696198,Inf
14.094254884384519,1.9680850806529833,-7.326512541551695,Inf
6.704858489784293,5.53280861961732,-5.349182094756593,18.133487784637218
13.438980681248964,-9.641838536542027,-10.233270948118314,Inf
7.203578553197296,-5.449175863033817,-8.115946707058876,Inf
9.357189465328783,-0.8224985885386538,-11.849007224063346,Inf
1.2502757688131254,2.198231683360696,-10.988704154979407,13.380977164628561
5.731274418383833,-2.7029846789963585,-18.4626385287785,23.080113568355078
1.997084589026965,-0.6326719629440625,-16.056586698803432,18.17914898651545
8.037109948659378,-4.744777817762955,-18.479749232132725,25.356219341446412
2.555880841695817,-1.2195306113416926,-14.161159493996678,17.538197998693537
5.637783082513252,-3.88583077763899,-13.19700495973545,Inf
1.2502757688131254,2.198231683360696,-10.988704154979407,13.380977164628561
4.674376212296387,-7.134902135623999,-10.28786382593446,Inf
1.2502757688131254,2.198231683360696,-10.988704154979407,13.380977164628561
5.129644206756492,-2.239190880564699,-15.299124948876566,20.531345222012224
2.555880841695817,-1.2195306113416926,-14.161159493996678,17.538197998693537
5.072105778738489,-3.787725858480144,-17.584860694194564,22.502948210885123
2.555880841695817,-1.2195306113416926,-14.161159493996678,17.538197998693537
4.140003839083395,-4.047660310770844,-12.165814249875133,Inf
1.2502757688131254,2.198231683360696,-10.988704154979407,13.380977164628561
12.051939858421235,-8.273246311375724,-9.562689974035692,Inf
4.140003839083395,-4.047660310770844,-12.165814249875133,Inf
11.817660498136053,-9.76283624845495,-9.171408172123954,Inf
5.637783082513252,-3.88583077763899,-13.19700495973545,Inf
7.203578553197296,-5.449175863033817,-8.115946707058876,Inf
2.485737543939919,-2.4724604343579237,-4.78915112007412,Inf
10.222591862161003,-7.944636337206834,-7.573989470592153,Inf
2.485737543939919,-2.4724604343579237,-4.78915112007412,Inf
6.805718762168276,0.3417521734014244,-19.990632626985693,24.184425725494943
2.7251042957023515,3.656743567676955,-13.123795471685842,14.873869931476092
3.7170614810825526,1.0888888781480688,-19.75735716155412,23.4885392308249
0.3547690593886976,0.8945830298421527,-17.76382669943395,17.145779748324074
10.208363532054257,1.9469493175221046,-11.078336030365215,Inf
1.2502757688131254,2.198231683360696,-10.988704154979407,13.380977164628561
11.043720224299712,-0.3558480479216719,-18.507508251025982,27.113171234842433
7.5070442123814445,1.2805739051843013,-18.53585535610201,22.47673280174977
7.5070442123814445,1.2805739051843013,-18.53585535610201,22.47673280174977
2.7251042957023515,3.656743567676955,-13.123795471685842,14.873869931476092
8.245051364444453,4.0633975958968165,-12.539868262191733,Inf
3.0311357112855504,7.988565779351433,-10.390325696850589,13.567195271474134
4.947713861922569,3.944200075166229,-17.88979985381225,20.14050284995443
0.9536138787701631,5.951211166756476,-14.440127106352882,13.983619108272391
12.921126494552368,2.69242625121743,-19.84345062672385,Inf
5.2901855706290135,4.234949472599521,-18.983807380925732,19.887040108489618
12.279452160173477,3.5466737462607085,-13.930416598895441,Inf
2.7251042957023515,3.656743567676955,-13.123795471685842,14.873869931476092
7.633285316789909,2.0831161096426314,-12.240120050938286,Inf
1.2502757688131254,2.198231683360696,-10.988704154979407,13.380977164628561
15.027812459287077,3.117479407043497,-17.239153469451985,28.745146603019215
8.245051364444453,4.0633975958968165,-12.539868262191733,Inf
14.823353950637745,-8.936248104591478,-15.32272661155658,Inf
8.037109948659378,-4.744777817762955,-18.479749232132725,25.356219341446412
16.873079917283576,-4.8029763886779175,-16.959266506887385,Inf
9.357189465328783,-0.8224985885386538,-11.849007224063346,Inf
15.740789154566826,-6.003180206023213,-16.961816780084753,Inf
9.357189465328783,-0.8224985885386538,-11.849007224063346,Inf
13.813477039428463,-10.302439056473185,-18.45918025659767,Inf
8.037109948659378,-4.744777817762955,-18.479749232132725,25.356219341446412
15.881498161329752,-5.642355582196306,-14.656918487038295,Inf
9.357189465328783,-0.8224985885386538,-11.849007224063346,Inf
14.358929175711168,-2.0781718743598354,-13.724533774053107,Inf
7.633285316789909,2.0831161096426314,-12.240120050938286,Inf
17.06092171579263,1.753557426677883,-10.164423252829007,Inf
7.633285316789909,2.0831161096426314,-12.240120050938286,Inf
17.12779693388397,-2.5206642561088977,-13.956479326009097,Inf
9.357189465328783,-0.8224985885386538,-11.849007224063346,Inf
16.32916296434555,3.713830780883054,-13.00990900836351,Inf
8.245051364444453,4.0633975958968165,-12.539868262191733,Inf
5.709697769140618,1.5087194987637957,-5.009698628543138,Inf
-1.990614798102186,3.5398119760332136,-9.943888841430146,9.721079845326424
16.106993190744987,-4.386419948444207,-6.934009587927701,Inf
9.357189465328783,-0.8224985885386538,-11.849007224063346,Inf
13.510853574572025,-8.402402749674582,-6.298372175859601,Inf
10.222591862161003,-7.944636337206834,-7.573989470592153,Inf
12.509191146884497,-9.972287119956285,-5.845113654482361,Inf
10.222591862161003,-7.944636337206834,-7.573989470592153,Inf
7.1351086022509875,0.05226528765938099,-5.626156859199041,Inf
5.709697769140618,1.5087194987637957,-5.009698628543138,Inf
10.463061350684633,-1.2909949074108624,-6.418032234376456,Inf
5.709697769140618,1.5087194987637957,-5.009698628543138,Inf
-2.66657186340435,-4.944107954717936,-3.2879765858003225,Inf
-8.150032864468493,0.2185439710088204,-4.888669827494541,8.892213946645132
-1.0285937724301064,-17.976669738357565,-3.342948269347268,Inf
-2.2069788560492327,-15.711237952420172,-5.037241810859507,Inf
-7.137506086028678,-14.533168521534083,-3.2377524592756224,Inf
-9.18634079957453,-5.174063498942143,-2.831466492825836,Inf
-1.4831325843388683,-16.0609880970327,-3.4600934641694963,Inf
-2.2069788560492327,-15.711237952420172,-5.037241810859507,Inf
-2.245655876046733,-3.2189339688088765,-2.604730014328524,Inf
-8.150032864468493,0.2185439710088204,-4.888669827494541,8.892213946645132
-6.798562201580696,2.909853153182098,-4.4081944510599325,8.34653238719116
-5.857611177928241,5.498809227433938,-6.708646014128501,4.757638438166932
-7.09934920805412,-1.5909778364546057,-3.663145520819455,Inf
-8.150032864468493,0.2185439710088204,-4.888669827494541,8.892213946645132
4.321009294555083,-4.266452782856307,-0.9938102454965687,Inf
2.485737543939919,-2.4724604343579237,-4.78915112007412,Inf
14.391047576358702,-16.63483467701475,-2.3186877974410365,Inf
15.666864555459668,-15.342452448287425,-5.349718135312287,Inf
13.258652467843824,-17.192513154273776,-3.757413531385218,Inf
6.691083588245661,-10.018397244764845,-4.4769068627078035,Inf
8.944195862810808,-3.135225919667903,-3.895390204566791,Inf
2.485737543939919,-2.4724604343579237,-4.78915112007412,Inf
13.270409060282127,-0.970492014775715,-1.5668628432494032,Inf
5.709697769140618,1.5087194987637957,-5.009698628543138,Inf
7.9608183416561396,0.12133589113814125,-2.7770257820494137,Inf
5.709697769140618,1.5087194987637957,-5.009698628543138,Inf
13.030609224307561,-13.145271368848528,-1.1674578249362177,Inf
6.691083588245661,-10.018397244764845,-4.4769068627078035,Inf
13.151202066432774,-13.59955686187134,-3.1298497989169505,Inf
6.691083588245661,-10.018397244764845,-4.4769068627078035,Inf
14.674441089912769,-14.443922117388759,-1.2750243914723391,Inf
6.691083588245661,-10.018397244764845,-4.4769068627078035,Inf
15.010246731887086,-15.850865410983603,-1.6232960497419242,Inf
14.674441089912769,-14.443922117388759,-1.2750243914723391,Inf
15.772175023383426,-16.1818871554875,-2.9397332339304043,Inf
13.030609224307561,-13.145271368848528,-1.1674578249362177,Inf
-4.079805879493605,5.621915209782699,-9.47719807597875,6.907291328223639
-9.0,9.0,-6.0,0.0
-4.048845577468567,5.488069839828764,-12.430206242642994,8.842801359784005
-9.0,9.0,-6.0,0.0
5.33429328228965,4.68632041570779,-18.913893400110517,20.345918287556586
5.2901855706290135,4.234949472599521,-18.983807380925732,19.887040108489618
-0.4299407615764679,5.0019261861850595,-17.253611907861455,Inf
-5.500461153244238,6.597434397226223,-12.102239316994048,7.433466102529314
9.317384167988784,5.266377672708138,-5.827970425037865,Inf
1.7375600238964424,9.55210336930896,-2.9149643869017368,11.295783478121416
2.2959207107119184,5.544851217459701,-7.190964524651244,Inf
-5.857611177928241,5.498809227433938,-6.708646014128501,4.757638438166932
-5.857611177928241,5.498809227433938,-6.708646014128501,4.757638438166932
-9.0,9.0,-6.0,0.0
6.704858489784293,5.53280861961732,-5.349182094756593,18.133487784637218
1.7375600238964424,9.55210336930896,-2.9149643869017368,11.295783478121416
17.09525666566759,4.953264910058284,-7.5438521826635085,Inf
10.663962424715532,9.356442506804594,-7.017056251229512,Inf
17.687175205523943,-5.690466901116356,-11.23236162186716,Inf
9.357189465328783,-0.8224985885386538,-11.849007224063346,Inf
17.691567702740073,-13.465392532534004,-4.716407014355379,Inf
13.438980681248964,-9.641838536542027,-10.233270948118314,Inf
18.982420057625113,-17.670499122684458,-10.840893736730841,Inf
13.438980681248964,-9.641838536542027,-10.233270948118314,Inf
18.21142522352772,-15.044599709326363,-18.321727865874912,Inf
16.98742852044991,-10.79128666343002,-17.542634029788708,Inf
18.085642504578075,-13.098834857876769,-17.49004565050189,Inf
14.823353950637745,-8.936248104591478,-15.32272661155658,Inf
18.58427087054072,-6.041395775792084,-13.263256299266182,Inf
14.358929175711168,-2.0781718743598354,-13.724533774053107,Inf
17.871116669041683,-6.342810099934777,-16.121742480844965,Inf
15.881498161329752,-5.642355582196306,-14.656918487038295,Inf
17.505555141536185,-8.991558229614007,-18.470986561957936,Inf
15.740789154566826,-6.003180206023213,-16.961816780084753,Inf
18.822333012923202,-7.461310169825728,-16.717665897796856,Inf
14.358929175711168,-2.0781718743598354,-13.724533774053107,Inf
19.076532396193137,-8.88726333623703,-16.15946884421956,Inf
15.881498161329752,-5.642355582196306,-14.656918487038295,Inf
19.973330135483337,-18.776200940523502,-5.521024848705887,Inf
13.258652467843824,-17.192513154273776,-3.757413531385218,Inf
18.827836532013364,-1.8956108336921496,-10.582812283933745,Inf
10.208363532054257,1.9469493175221046,-11.078336030365215,Inf
18.186464661227866,-0.11131189090693283,-13.645844306932577,Inf
12.279452160173477,3.5466737462607085,-13.930416598895441,Inf
17.74281185606098,1.3820750352057658,-13.182870504664086,Inf
8.245051364444453,4.0633975958968165,-12.539868262191733,Inf
18.74488686326893,-3.6331018295382655,-10.897803299400755,Inf
9.357189465328783,-0.8224985885386538,-11.849007224063346,Inf
18.40497214348953,-2.8573503940921725,-13.240652367399699,Inf
9.357189465328783,-0.8224985885386538,-11.849007224063346,Inf
18.444490916712255,-1.5375121672516379,-13.394401681052042,Inf
9.357189465328783,-0.8224985885386538,-11.849007224063346,Inf
17.47597344512276,5.658227753064633,-1.5276488386677016,Inf
10.7327930096045,6.950505358110295,-3.9544311261050424,Inf
18.766180238675076,1.6161380325565915,-1.6192092981085615,Inf
10.7327930096045,6.950505358110295,-3.9544311261050424,Inf
8.002610762826183,-2.6140436914891723,18.979068993077455,Inf
3.00735849489298,3.7268626113651493,13.7098804658187,Inf
-7.85929184323348,-15.71001382349948,0.3742023381538644,Inf
-7.885940825307438,-10.312054961314763,-0.5665015278819823,Inf
-3.73890847775386,-17.045971765709087,0.6496147552783782,Inf
-7.885940825307438,-10.312054961314763,-0.5665015278819823,Inf
-4.7709502920654145,-17.656108075045537,0.7929372139904984,Inf
-7.885940825307438,-10.312054961314763,-0.5665015278819823,Inf
-6.2815205803187,-14.109120360661231,1.281444656612436,Inf
-7.885940825307438,-10.312054961314763,-0.5665015278819823,Inf
-6.783343583760528,-14.374897340633277,14.877373660104887,Inf
-12.135973177125878,-8.071272417370805,9.841109619084676,Inf
-5.167263558657282,-15.9773031688455,3.5426144019949923,Inf
-7.885940825307438,-10.312054961314763,-0.5665015278819823,Inf
-6.481391261642795,-14.832295605883,18.786062043081984,Inf
-10.021449421445512,-7.646323187524766,14.03266002893227,Inf
-5.593721310735038,-17.212336444837064,15.512417372057648,Inf
-10.014741433715297,-10.89719518630421,14.444989317336166,Inf
-5.084392175360568,-18.737128770552516,2.205806453931345,Inf
-7.885940825307438,-10.312054961314763,-0.5665015278819823,Inf
-4.52964636048419,-14.336578117489829,16.300981013226348,Inf
-10.021449421445512,-7.646323187524766,14.03266002893227,Inf
-7.517952537508776,-13.361676811635137,15.89371433534592,Inf
-12.135973177125878,-8.071272417370805,9.841109619084676,Inf
-7.555339670537311,-13.0630768677407,4.858288873979468,Inf
-10.998066483794036,-5.016921765821394,0.057018999364402134,Inf
-4.838796774197709,-12.743994566868873,8.70573708949875,Inf
-9.866042860880846,-6.6509995641842234,6.963167165125501,Inf
2.7190892895424597,-13.434060399094987,18.386158799646573,Inf
-1.071387388345002,-5.720352759438789,18.627552624556458,Inf
5.606289372698967,-12.823100055552583,13.619907287670742,Inf
-2.5899821659918913,-11.41126437550378,16.486252037494666,Inf
2.5904021017753536,-0.7214949473233574,3.8611565603174753,Inf
-1.8014313735650873,7.2262662970040665,3.743860085527846,12.711535619685783
0.28392414081291406,-3.1109598829007012,-0.23227973679544434,Inf
-4.801953427070771,-0.12713239999811776,-6.656704474236754,Inf
-7.885940825307438,-10.312054961314763,-0.5665015278819823,Inf
-9.18634079957453,-5.174063498942143,-2.831466492825836,Inf
-7.8221164387024,-5.707347348216754,2.252146522571195,Inf
-8.150032864468493,0.2185439710088204,-4.888669827494541,8.892213946645132
-6.904506742971446,-6.147172104070071,0.35754988684747246,Inf
-8.150032864468493,0.2185439710088204,-4.888669827494541,8.892213946645132
1.7389968790114025,-1.960408813701271,-0.43373523105655565,Inf
-4.801953427070771,-0.12713239999811776,-6.656704474236754,Inf
-1.097002750272278,-0.2771534911327649,3.4494123139232435,Inf
-7.216548918348167,6.058702019621229,-0.20483588716045276,6.739128924777201
0.8011420034777039,0.845879553051347,4.245051644201958,Inf
-1.8014313735650873,7.2262662970040665,3.743860085527846,12.711535619685783
5.28298227040456,-5.648541850784881,3.4078559904961025,Inf
2.485737543939919,-2.4724604343579237,-4.78915112007412,Inf
5.756314794675738,4.3254686125306385,4.020767823089784,Inf
-1.8014313735650873,7.2262662970040665,3.743860085527846,12.711535619685783
6.768686757020976,2.6999790496920966,0.9324759769451347,Inf
1.7375600238964424,9.55210336930896,-2.9149643869017368,11.295783478121416
7.531975190342905,-1.297787602529894,1.818792860178764,Inf
2.485737543939919,-2.4724604343579237,-4.78915112007412,Inf
-6.23740660556412,4.34850323420055,7.202508832338683,14.404130904413618
-7.216548918348167,6.058702019621229,-0.20483588716045276,6.739128924777201
0.07646388874037058,-0.24731083714141278,19.926991324815717,Inf
-1.7943234951185545,1.952088194601469,15.022542807757063,Inf
-4.265969460827632,-5.8906700895625,4.781474085767474,Inf
-6.254083917925364,-0.502496867597948,7.275245204417587,Inf
-5.919630792579422,1.6583010412124395,7.131339400636811,Inf
-7.216548918348167,6.058702019621229,-0.20483588716045276,6.739128924777201
-4.342481137130214,-3.4894711483469187,18.26433858240813,Inf
-4.887066967457532,-2.0358032292203347,14.520931157505075,Inf
-5.397216404085627,-2.415199452937422,14.89129059294595,Inf
-5.919630792579422,1.6583010412124395,7.131339400636811,Inf
-6.254083917925364,-0.502496867597948,7.275245204417587,Inf
-7.216548918348167,6.058702019621229,-0.20483588716045276,6.739128924777201
-7.0573257751757,-11.650962501090625,9.06763739758576,Inf
-9.866042860880846,-6.6509995641842234,6.963167165125501,Inf
-4.887066967457532,-2.0358032292203347,14.520931157505075,Inf
-5.919630792579422,1.6583010412124395,7.131339400636811,Inf
-6.133852035426841,-7.050245447404677,19.42594898109644,Inf
-5.397216404085627,-2.415199452937422,14.89129059294595,Inf
-5.390876307451018,2.8493073533962487,8.306729796749089,16.017062153534557
-7.216548918348167,6.058702019621229,-0.20483588716045276,6.739128924777201
-5.555588652122578,3.702377343638261,6.600727292668644,14.130119736520369
-7.216548918348167,6.058702019621229,-0.20483588716045276,6.739128924777201
-1.071387388345002,-5.720352759438789,18.627552624556458,Inf
-4.887066967457532,-2.0358032292203347,14.520931157505075,Inf
-2.5899821659918913,-11.41126437550378,16.486252037494666,Inf
-4.887066967457532,-2.0358032292203347,14.520931157505075,Inf
-3.729617379931973,-0.3398742250260085,15.381928930765945,Inf
-5.390876307451018,2.8493073533962487,8.306729796749089,16.017062153534557
-1.7943234951185545,1.952088194601469,15.022542807757063,Inf
-5.555588652122578,3.702377343638261,6.600727292668644,14.130119736520369
0.8512097526452855,-5.138023333174848,8.79651003876722,Inf
-5.919630792579422,1.6583010412124395,7.131339400636811,Inf
-0.6155630178220584,1.2293406398631461,9.759829010889682,Inf
-5.555588652122578,3.702377343638261,6.600727292668644,14.130119736520369
-1.502267668174735,-4.049017407428126,16.714979403457015,Inf
-4.887066967457532,-2.0358032292203347,14.520931157505075,Inf
-1.9063887018050067,0.8712773560014782,19.277502483723417,Inf
-1.7943234951185545,1.952088194601469,15.022542807757063,Inf
-0.05112418489241932,4.224548279436149,18.704222254827492,27.479765939174786
-1.3258970882587278,4.287137863956076,15.766103205987463,Inf
-1.3258970882587278,4.287137863956076,15.766103205987463,Inf
-6.23740660556412,4.34850323420055,7.202508832338683,14.404130904413618
-8.189998875943658,4.9450117291474704,7.846152348571891,14.92486789294243
-7.216548918348167,6.058702019621229,-0.20483588716045276,6.739128924777201
-6.656531864447066,5.067719359156413,14.850545783095882,22.09620707216227
-8.189998875943658,4.9450117291474704,7.846152348571891,14.92486789294243
1.243484033265993,-0.6637722949016123,18.062016804338924,Inf
-1.7943234951185545,1.952088194601469,15.022542807757063,Inf
2.3376467211735203,-1.9662434150883286,9.20672557760252,Inf
-5.919630792579422,1.6583010412124395,7.131339400636811,Inf
3.306428983954717,-1.0244383099061238,17.268410329028647,Inf
-1.7943234951185545,1.952088194601469,15.022542807757063,Inf
1.213586507578313,-1.1692841857381886,15.091052821204805,Inf
-1.7943234951185545,1.952088194601469,15.022542807757063,Inf
6.591283527933367,-8.305378501449496,14.617344805404464,Inf
0.8512097526452855,-5.138023333174848,8.79651003876722,Inf
5.677771661100294,-12.453857618412671,16.70206000365078,Inf
6.591283527933367,-8.305378501449496,14.617344805404464,Inf
3.00735849489298,3.7268626113651493,13.7098804658187,Inf
-2.625090215331703,5.831130641599884,6.894015246126681,15.196490757297564
6.339936308242304,3.26422825222415,11.938945517866646,Inf
3.6723428374835976,8.170374483561336,5.298510657496422,17.523954097550828
2.2217405073632257,3.881561593197233,10.189444120687092,Inf
-1.8014313735650873,7.2262662970040665,3.743860085527846,12.711535619685783
2.065325587719915,-0.5141675122894895,5.114965824988637,Inf
-1.8014313735650873,7.2262662970040665,3.743860085527846,12.711535619685783
5.073917955460612,1.8614503669178184,9.524181756126772,Inf
-2.625090215331703,5.831130641599884,6.894015246126681,15.196490757297564
6.197629210197739,4.225920050884639,9.71815491014138,Inf
3.6723428374835976,8.170374483561336,5.298510657496422,17.523954097550828
14.653367013135117,3.575434931311257,15.539135929915744,34.29636386218366
8.620178446661882,4.034039383967773,8.273241789495973,Inf
16.168462531707952,0.957101128332944,16.5039850018914,Inf
12.910663167790766,2.1873524662728983,11.509958777883213,Inf
9.222425049110647,-0.9450591527048786,5.843433192679388,Inf
6.856122725919882,5.820754323591039,4.85790089079255,Inf
8.052781402360118,-13.205646188251512,12.711706497721707,Inf
11.230207745948533,-6.523758031098925,11.552398986528605,Inf
13.504653576117477,-14.201943502074688,17.759574557020784,Inf
12.435023446857073,-5.073668808177008,16.65272069472045,Inf
11.0,-3.0,0.0,Inf
5.709697769140618,1.5087194987637957,-5.009698628543138,Inf
12.435023446857073,-5.073668808177008,16.65272069472045,Inf
10.964449412147577,1.571522543700663,9.784473526366195,Inf
10.926890520416617,-2.2239561097640532,17.168540255245475,Inf
8.35065944812846,3.7392042155587575,11.268686134809691,Inf
9.955792825168963,-3.2474159929259727,12.677497279076206,Inf
5.073917955460612,1.8614503669178184,9.524181756126772,Inf
12.416623705198418,-2.729152682340363,7.195252176859377,Inf
9.222425049110647,-0.9450591527048786,5.843433192679388,Inf
11.230207745948533,-6.523758031098925,11.552398986528605,Inf
9.222425049110647,-0.9450591527048786,5.843433192679388,Inf
12.102969029411234,-1.86480768202334,3.742367573004202,Inf
6.856122725919882,5.820754323591039,4.85790089079255,Inf
15.370033744028646,-11.170569654189144,18.600429708479503,Inf
12.435023446857073,-5.073668808177008,16.65272069472045,Inf
15.491237067289433,-1.1510844400400089,14.877141792011635,Inf
11.670728564067261,2.7746013332292634,9.664305710933814,Inf
15.01294893436296,-4.785826080134674,14.237684133623176,Inf
10.964449412147577,1.571522543700663,9.784473526366195,Inf
12.780788847708067,-7.635130424340284,10.652499708986678,Inf
9.222425049110647,-0.9450591527048786,5.843433192679388,Inf
10.964449412147577,1.571522543700663,9.784473526366195,Inf
6.856122725919882,5.820754323591039,4.85790089079255,Inf
13.468147121708078,0.857555097212952,-0.9584183939275448,Inf
6.704858489784293,5.53280861961732,-5.349182094756593,18.133487784637218
11.670728564067261,2.7746013332292634,9.664305710933814,Inf
6.856122725919882,5.820754323591039,4.85790089079255,Inf
12.910663167790766,2.1873524662728983,11.509958777883213,Inf
6.856122725919882,5.820754323591039,4.85790089079255,Inf
8.71096896538183,0.35509355669994846,17.907032537484262,Inf
3.00735849489298,3.7268626113651493,13.7098804658187,Inf
18.56555465883504,-4.177722817110379,10.526876329482036,Inf
10.964449412147577,1.571522543700663,9.784473526366195,Inf
16.432026067392883,-5.145063603441278,6.055375597049402,Inf
9.222425049110647,-0.9450591527048786,5.843433192679388,Inf
16.317254573904876,-16.96774827366965,1.3790704005947418,Inf
13.030609224307561,-13.145271368848528,-1.1674578249362177,Inf
18.88090179669868,-6.049183217178209,9.767350019703748,Inf
18.56555465883504,-4.177722817110379,10.526876329482036,Inf
16.94560071643798,0.8475549711800028,10.950881377812163,Inf
11.670728564067261,2.7746013332292634,9.664305710933814,Inf
17.536377233162845,-1.9970962720133478,6.344126101585559,Inf
11.449140575402879,5.680897501678999,6.384509067816644,Inf
18.203762513035386,-0.06165465776510004,5.42616237570666,Inf
11.449140575402879,5.680897501678999,6.384509067816644,Inf
18.930044671762964,-0.17665364739714917,8.192886375053643,Inf
11.449140575402879,5.680897501678999,6.384509067816644,Inf
18.99558652381443,-0.2516707855036131,18.41211230319371,Inf
12.910663167790766,2.1873524662728983,11.509958777883213,Inf
17.13395570501337,0.11763299567646612,17.299601077293758,Inf
12.910663167790766,2.1873524662728983,11.509958777883213,Inf
18.863537345097768,-1.7460079306110714,15.661269388123046,Inf
12.910663167790766,2.1873524662728983,11.509958777883213,Inf
12.79354705103016,-17.92805401137688,19.848242893628964,Inf
13.504653576117477,-14.201943502074688,17.759574557020784,Inf
18.12937411215212,-18.756207754631262,19.4843959099463,Inf
15.370033744028646,-11.170569654189144,18.600429708479503,Inf
15.360537683907793,-14.068148143657924,19.85661780890733,Inf
12.435023446857073,-5.073668808177008,16.65272069472045,Inf
16.68590404015894,3.6798155663077807,13.250297012766445,34.1868601037351
11.670728564067261,2.7746013332292634,9.664305710933814,Inf
8.35065944812846,3.7392042155587575,11.268686134809691,Inf
3.6723428374835976,8.170374483561336,5.298510657496422,17.523954097550828
8.150141465537708,4.512862851961799,0.8298497935741693,Inf
1.7375600238964424,9.55210336930896,-2.9149643869017368,11.295783478121416
19.02364906729688,4.448747015634133,5.989476896114727,Inf
11.449140575402879,5.680897501678999,6.384509067816644,Inf
8.620178446661882,4.034039383967773,8.273241789495973,Inf
6.856122725919882,5.820754323591039,4.85790089079255,Inf
17.416292427433092,4.366155118546551,11.09947079916525,Inf
11.449140575402879,5.680897501678999,6.384509067816644,Inf
11.449140575402879,5.680897501678999,6.384509067816644,Inf
6.856122725919882,5.820754323591039,4.85790089079255,Inf
15.367547320499561,5.292359159686299,7.620273419906873,Inf
6.856122725919882,5.820754323591039,4.85790089079255,Inf
19.518768287845674,5.47443167597212,9.608691338322064,Inf
11.449140575402879,5.680897501678999,6.384509067816644,Inf
11.272378442949602,4.953830279504334,14.566144459383843,30.95263064675932
8.620178446661882,4.034039383967773,8.273241789495973,Inf
11.872183694020563,4.98995781780237,17.69583937439056,Inf
9.747459270582102,6.927052106579623,12.875067814158065,28.072768921705418
-3.3343689210858756,15.365191485451263,-2.4634201929409087,9.226182032700038
-9.0,9.0,-6.0,0.0
19.030052404960443,16.67045304916185,-19.77926955449022,36.250402485719064
12.345592197205526,12.17458375896797,-18.193090138899287,25.46454770946065
-7.099383301593782,7.270348772576966,-19.6484723934272,14.507804044580412
-9.594037034191674,7.208922403132682,-11.546500634871286,5.858712166391077
10.7327930096045,6.950505358110295,-3.9544311261050424,Inf
1.7375600238964424,9.55210336930896,-2.9149643869017368,11.295783478121416
18.27144234657544,6.226999567212914,-9.841198177844612,Inf
10.663962424715532,9.356442506804594,-7.017056251229512,Inf
-5.500461153244238,6.597434397226223,-12.102239316994048,7.433466102529314
-9.0,9.0,-6.0,0.0
0.9536138787701631,5.951211166756476,-14.440127106352882,13.983619108272391
-4.079805879493605,5.621915209782699,-9.47719807597875,6.907291328223639
4.747470115555643,6.846779602771349,-15.484786861074058,18.25299395854383
-0.06901779425833254,9.96852269475258,-12.591500442622365,11.268317252462946
15.048465686875659,6.62996886688715,-4.364837210181953,Inf
10.7327930096045,6.950505358110295,-3.9544311261050424,Inf
9.400185544830684,16.958582363871344,-3.8231531511383636,20.273369892739133
5.761938906202726,15.928175252995096,-4.601765689632478,16.412694446300748
8.706749328181253,11.383466469886152,-19.014367724505277,22.555921458209053
2.4889412722295923,11.227412624912787,-13.548082119777538,14.27547653443581
-2.5350087856456653,7.960066911706356,-17.073526427851135,15.004053389185401
-6.540016655232579,9.744535845147535,-8.631910926396875,3.678696345953267
2.4889412722295923,11.227412624912787,-13.548082119777538,14.27547653443581
-0.06901779425833254,9.96852269475258,-12.591500442622365,11.268317252462946
6.637720831291112,8.568864036788977,-16.399866777511775,19.10687844001314
-0.06901779425833254,9.96852269475258,-12.591500442622365,11.268317252462946
-7.631404292299564,10.877549525308634,-14.923637889617467,9.221147413209444
-9.0,9.0,-6.0,0.0
-6.725004684944995,10.387339051164368,-15.607905043867305,9.970564309926429
-9.0,9.0,-6.0,0.0
-2.9693423073751006,10.068993701233396,-15.718113030912058,13.741305544289386
-6.540016655232579,9.744535845147535,-8.631910926396875,3.678696345953267
4.370261745589676,15.509693095731123,-15.208863998050957,18.835507234674285
-0.06901779425833254,9.96852269475258,-12.591500442622365,11.268317252462946
1.9423934339419446,16.7594910415564,-15.341764076331161,17.2640403658064
-1.765192794318608,14.663222802667008,-14.522788837730012,12.926845810473937
-8.884803965219046,17.540208997222884,-16.952150674621286,14.38760048157074
-10.327269200852545,11.995253246013029,-10.893277673752939,5.888747908658709
3.0895225108383855,11.540873060259411,-19.98489375730502,19.689717460962022
-0.06901779425833254,9.96852269475258,-12.591500442622365,11.268317252462946
5.19400861373753,15.671945360395085,-16.14556765116979,20.14359137296324
-0.06901779425833254,9.96852269475258,-12.591500442622365,11.268317252462946
6.433475522878041,12.501293419476994,-16.229683198183082,Inf
-0.06901779425833254,9.96852269475258,-12.591500442622365,11.268317252462946
-0.0916918973406382,17.234453326633613,-14.64093111995993,16.639383479559367
-1.765192794318608,14.663222802667008,-14.522788837730012,12.926845810473937
-1.765192794318608,14.663222802667008,-14.522788837730012,12.926845810473937
-6.540016655232579,9.744535845147535,-8.631910926396875,3.678696345953267
6.829140925422088,16.55901024988799,-19.641899960745597,23.776464048103506
2.4889412722295923,11.227412624912787,-13.548082119777538,14.27547653443581
7.927614018532168,13.954906299208567,-18.839220096747525,22.338634977380607
2.4889412722295923,11.227412624912787,-13.548082119777538,14.27547653443581
7.785347903340217,16.439591547965293,-16.493516998768527,22.839064685257746
2.4889412722295923,11.227412624912787,-13.548082119777538,14.27547653443581
7.0766942828047235,8.396997056303405,-13.67162118085183,18.66409677390227
-0.06901779425833254,9.96852269475258,-12.591500442622365,11.268317252462946
-7.229135807213929,19.763578566849702,-10.072650456932601,12.240779361163433
-9.195974245114602,10.758301191935693,-7.26827937735016,2.1768237331769487
-7.463793677473056,16.783047078423337,-7.072679612656003,8.005397756622317
-9.0,9.0,-6.0,0.0
-7.5801660880515875,11.812059055522141,-7.979694058205231,3.720590414619151
-9.0,9.0,-6.0,0.0
3.0311357112855504,7.988565779351433,-10.390325696850589,13.567195271474134
-6.540016655232579,9.744535845147535,-8.631910926396875,3.678696345953267
4.723017659483357,16.77419684923025,-13.1896013284259,19.09013869997939
-2.8642629903744776,16.56725520397974,-9.244954868343713,10.536198777389039
-5.745323036391854,11.141902906199299,-13.396448341935114,8.359911379431079
-9.0,9.0,-6.0,0.0
7.137963938115988,19.715842120933857,-8.057505425529179,22.05260058116025
1.5675975387394203,16.071347233562754,-3.1080121732523125,13.180665331912877
1.5099725753003952,16.797457495419366,-3.8626984689996746,14.450780996027056
-4.428414622306569,13.210527168616437,-4.676562271269864,6.354480256088921
-0.06901779425833254,9.96852269475258,-12.591500442622365,11.268317252462946
-6.540016655232579,9.744535845147535,-8.631910926396875,3.678696345953267
3.159817610415246,10.565799046658508,-12.643132822892014,14.552336590669096
-0.06901779425833254,9.96852269475258,-12.591500442622365,11.268317252462946
-1.519572128466045,12.108151892608348,-4.810438137576911,8.187335754277967
-9.0,9.0,-6.0,0.0
-2.8642629903744776,16.56725520397974,-9.244954868343713,10.536198777389039
-7.5801660880515875,11.812059055522141,-7.979694058205231,3.720590414619151
-4.428414622306569,13.210527168616437,-4.676562271269864,6.354480256088921
-9.0,9.0,-6.0,0.0
-6.167124278224767,16.365138383784313,-9.453301316891718,8.613694808417733
-9.0,9.0,-6.0,0.0
-6.540016655232579,9.744535845147535,-8.631910926396875,3.678696345953267
-9.0,9.0,-6.0,0.0
4.601471671062718,12.64428135254198,-9.004191310012004,15.626568084624134
-1.519572128466045,12.108151892608348,-4.810438137576911,8.187335754277967
7.101396335446431,10.506991031059904,-5.858186440705584,17.01811091091269
-1.519572128466045,12.108151892608348,-4.810438137576911,8.187335754277967
5.761938906202726,15.928175252995096,-4.601765689632478,16.412694446300748
-1.519572128466045,12.108151892608348,-4.810438137576911,8.187335754277967
-6.695665214548878,17.166464060466033,-4.236198935722939,8.666723039803934
-9.0,9.0,-6.0,0.0
6.225189892553374,19.029902746131754,-9.626884165561158,19.961094353251184
-2.8642629903744776,16.56725520397974,-9.244954868343713,10.536198777389039
0.22868041125671823,18.42323233128026,-6.179934725739518,Inf
-4.428414622306569,13.210527168616437,-4.676562271269864,6.354480256088921
11.330172378205823,9.500936345608892,-13.183559878706914,Inf
3.0311357112855504,7.988565779351433,-10.390325696850589,13.567195271474134
14.187386557726434,8.42609949339841,-3.9384530780903333,Inf
7.101396335446431,10.506991031059904,-5.858186440705584,17.01811091091269
18.945782223291545,8.115943336712029,-17.39286065663462,32.154296452522956
13.46365645441631,7.384900091701496,-18.30202310714008,26.291122760514895
13.46365645441631,7.384900091701496,-18.30202310714008,26.291122760514895
6.637720831291112,8.568864036788977,-16.399866777511775,19.10687844001314
10.663962424715532,9.356442506804594,-7.017056251229512,Inf
7.101396335446431,10.506991031059904,-5.858186440705584,17.01811091091269
8.8931538087059,10.02434373236482,-16.129706728034794,20.90380061072529
-0.06901779425833254,9.96852269475258,-12.591500442622365,11.268317252462946
16.112561773103955,14.510786865449106,-19.510209491986323,32.61058065913506
8.8931538087059,10.02434373236482,-16.129706728034794,20.90380061072529
8.921622260781348,17.662301925513233,-18.4762697633788,24.62996318489696
5.19400861373753,15.671945360395085,-16.14556765116979,20.14359137296324
14.04165345857183,16.151520403377376,-18.13634884828162,31.160663182631243
7.927614018532168,13.954906299208567,-18.839220096747525,22.338634977380607
12.345592197205526,12.17458375896797,-18.193090138899287,25.46454770946065
8.8931538087059,10.02434373236482,-16.129706728034794,20.90380061072529
14.420526633377264,15.773412414614796,-18.125124049079304,Inf
7.927614018532168,13.954906299208567,-18.839220096747525,22.338634977380607
11.938631794917427,18.485285623449464,-8.658681950585674,25.011163243356037
5.761938906202726,15.928175252995096,-4.601765689632478,16.412694446300748
11.551565903070973,15.919393983890672,-9.374354411944621,23.318589490200598
4.601471671062718,12.64428135254198,-9.004191310012004,15.626568084624134
11.355631705737032,10.150611790120763,-4.786946759103712,Inf
1.7375600238964424,9.55210336930896,-2.9149643869017368,11.295783478121416
11.076788484262352,13.813551509237207,-4.96602419229089,Inf
5.761938906202726,15.928175252995096,-4.601765689632478,16.412694446300748
10.685711464093018,14.289860309070988,-8.449934490957522,Inf
4.601471671062718,12.64428135254198,-9.004191310012004,15.626568084624134
11.667220108660086,16.904649215250103,-6.753690373458214,22.77324688488002
5.761938906202726,15.928175252995096,-4.601765689632478,16.412694446300748
9.365135463509723,18.044181106258904,-11.307334308146126,Inf
4.601471671062718,12.64428135254198,-9.004191310012004,15.626568084624134
9.662365978477652,18.129905776336777,-4.019537066038126,20.929323589110922
5.761938906202726,15.928175252995096,-4.601765689632478,16.412694446300748
18.381300630641775,11.854822592150054,-12.273706026464382,30.832411540010007
10.663962424715532,9.356442506804594,-7.017056251229512,Inf
12.304481304204188,10.594481124562503,-5.55034106903344,Inf
7.101396335446431,10.506991031059904,-5.858186440705584,17.01811091091269
18.70912705074842,11.808528472755448,-5.967975550713627,Inf
12.304481304204188,10.594481124562503,-5.55034106903344,Inf
18.070318127065043,13.552663125724713,-7.933370076919601,31.47516946338801
12.304481304204188,10.594481124562503,-5.55034106903344,Inf
15.614730084887924,18.264087658227474,-8.780680930268696,27.414324196244475
11.667220108660086,16.904649215250103,-6.753690373458214,22.77324688488002
14.799623234158084,17.031253360975647,-9.377231934993802,26.751680805703202
11.551565903070973,15.919393983890672,-9.374354411944621,23.318589490200598
12.8677251576351,12.981692714702064,-16.000343073192216,Inf
8.8931538087059,10.02434373236482,-16.129706728034794,20.90380061072529
17.736297137243035,18.876061986615127,-7.371837479651546,Inf
11.667220108660086,16.904649215250103,-6.753690373458214,22.77324688488002
-4.780624220904661,10.561592863630462,-2.7877086593436147,5.528157007015447
-9.0,9.0,-6.0,0.0
-5.3728739114581625,9.066843695642682,-3.571101456845305,4.36578284787127
-9.0,9.0,-6.0,0.0
18.256702642762406,16.425846824423175,-2.9632075573843224,Inf
9.400185544830684,16.958582363871344,-3.8231531511383636,20.273369892739133
1.7375600238964424,9.55210336930896,-2.9149643869017368,11.295783478121416
-4.253937334093587,9.3240474335201,-3.8230108242180165,5.231577146459141
-4.253937334093587,9.3240474335201,-3.8230108242180165,5.231577146459141
-9.0,9.0,-6.0,0.0
1.5675975387394203,16.071347233562754,-3.1080121732523125,13.180665331912877
-4.428414622306569,13.210527168616437,-4.676562271269864,6.354480256088921
0.02480807889963188,16.62479554663762,-3.12738695853918,12.87467821249903
-4.428414622306569,13.210527168616437,-4.676562271269864,6.354480256088921
1.3126410509930686,19.946986030920243,-3.535462843700934,Inf
-4.428414622306569,13.210527168616437,-4.676562271269864,6.354480256088921
13.300520230618893,19.044510350822478,-2.7681090972680877,24.773558595747765
5.761938906202726,15.928175252995096,-4.601765689632478,16.412694446300748
19.41075370798753,18.558440189420253,-12.643814356449363,38.20718959943516
11.551565903070973,15.919393983890672,-9.374354411944621,23.318589490200598
19.113334469128787,11.923936789993412,-13.55756121551912,31.503457289511868
11.330172378205823,9.500936345608892,-13.183559878706914,Inf
19.58557024438172,14.260819767861967,-16.212926827536094,Inf
11.330172378205823,9.500936345608892,-13.183559878706914,Inf
19.70781758288087,16.19770702862767,-5.096719391848357,40.62133184359833
11.667220108660086,16.904649215250103,-6.753690373458214,22.77324688488002
19.552194207029146,19.862395796224057,-13.203214930777625,39.46193016768797
11.551565903070973,15.919393983890672,-9.374354411944621,23.318589490200598
19.29409896475456,19.151529676917548,-4.944074360986681,Inf
9.662365978477652,18.129905776336777,-4.019537066038126,20.929323589110922
12.254024962398866,17.692596886987523,-0.8312177676009824,24.121654171522565
3.8340952289850776,13.69046985991158,-1.9635365963492468,14.453940314112007
9.540699201929783,19.532370937498776,2.06487032759825,23.836575507788396
3.8340952289850776,13.69046985991158,-1.9635365963492468,14.453940314112007
2.314402008700263,14.862997629418246,13.685121484172136,24.56813308629172
2.265453467485745,14.140620411974893,11.60212608750384,22.362890553936257
-7.715679927122352,11.206599812140663,3.012366137846705,9.367032837731571
-9.0,9.0,-6.0,0.0
-8.830844759109127,11.08517785168953,-1.831397805829802,4.664099529591752
-9.0,9.0,-6.0,0.0
-8.312195863554352,10.69682089781594,8.399686859560447,14.585498552108143
-9.227161747117343,10.193802617382886,3.378320760688265,9.45672604229287
-8.970513593397591,18.568465448875756,-1.9582698506971319,12.149765642987507
-9.92592889247101,15.195388962658413,-5.782954045909756,6.2679580134784905
-7.864922900599378,14.23939851270758,3.6704945911594855,11.079154709649723
-8.830844759109127,11.08517785168953,-1.831397805829802,4.664099529591752
-1.8014313735650873,7.2262662970040665,3.743860085527846,12.711535619685783
-5.3728739114581625,9.066843695642682,-3.571101456845305,4.36578284787127
9.747459270582102,6.927052106579623,12.875067814158065,28.072768921705418
3.6723428374835976,8.170374483561336,5.298510657496422,17.523954097550828
-2.625090215331703,5.831130641599884,6.894015246126681,15.196490757297564
-7.216548918348167,6.058702019621229,-0.20483588716045276,6.739128924777201
-7.216548918348167,6.058702019621229,-0.20483588716045276,6.739128924777201
-9.0,9.0,-6.0,0.0
5.861258777660268,6.807152195863608,4.365942528439017,Inf
-0.6966962873116245,9.903853938164005,2.421848431255313,12.180267419588649
1.4818571568458765,16.155339295524122,8.732124556031646,20.411805424278732
0.12204276032377948,12.81525943242233,3.1881312386530603,13.579605262988196
-2.1158328471693366,13.933665834044014,-0.15956086984574114,10.565929330847721
-4.780624220904661,10.561592863630462,-2.7877086593436147,5.528157007015447
-2.58398328368542,16.33036810563339,1.581937974434389,13.091080443352801
-4.780624220904661,10.561592863630462,-2.7877086593436147,5.528157007015447
-3.102598645731163,7.801674844961468,6.651604989358006,14.802579641583307
-5.252112650621248,10.432556970831499,-1.1417687143095563,6.300895990537586
-6.793162880950909,12.955894068794152,4.207747350161817,11.30661417516459
-8.830844759109127,11.08517785168953,-1.831397805829802,4.664099529591752
-4.7167245354771214,15.84671983077883,5.3203359866180655,14.190146111000447
-8.830844759109127,11.08517785168953,-1.831397805829802,4.664099529591752
-4.33582300415388,14.026932610926401,1.8720651629313423,11.189034747814139
-5.252112650621248,10.432556970831499,-1.1417687143095563,6.300895990537586
-5.252112650621248,10.432556970831499,-1.1417687143095563,6.300895990537586
-9.0,9.0,-6.0,0.0
-6.905758761828871,18.37880317238225,6.5103967760028,16.18989939130988
-7.864922900599378,14.23939851270758,3.6704945911594855,11.079154709649723
8.900686999062664,11.850701551605205,5.963869311274578,22.83701788334765
0.12204276032377948,12.81525943242233,3.1881312386530603,13.579605262988196
0.07666958438005622,8.604665172902344,8.560092394563029,18.0616141540539
-1.8014313735650873,7.2262662970040665,3.743860085527846,12.711535619685783
-0.6966962873116245,9.903853938164005,2.421848431255313,12.180267419588649
-5.3728739114581625,9.066843695642682,-3.571101456845305,4.36578284787127
9.701385394949362,10.39341173632711,6.73283111106338,25.18129909581578
3.6723428374835976,8.170374483561336,5.298510657496422,17.523954097550828
2.699188604579099,9.429451338676529,6.177088098844685,17.265433787212118
-0.6966962873116245,9.903853938164005,2.421848431255313,12.180267419588649
3.6723428374835976,8.170374483561336,5.298510657496422,17.523954097550828
-0.6966962873116245,9.903853938164005,2.421848431255313,12.180267419588649
8.00588064046692,7.773535600759267,3.204646939510482,Inf
1.7375600238964424,9.55210336930896,-2.9149643869017368,11.295783478121416
7.5107935406902016,10.76535536369012,1.4485650104346526,18.633534798704552
1.7375600238964424,9.55210336930896,-2.9149643869017368,11.295783478121416
-1.9580534554560813,16.699155544396056,0.9971727029694755,13.182115242792651
-3.3343689210858756,15.365191485451263,-2.4634201929409087,9.226182032700038
3.8340952289850776,13.69046985991158,-1.9635365963492468,14.453940314112007
-1.519572128466045,12.108151892608348,-4.810438137576911,8.187335754277967
0.8333767439637008,13.978186008567576,-1.6436905020134063,12.198906072590871
-4.780624220904661,10.561592863630462,-2.7877086593436147,5.528157007015447
6.141521502829228,13.295705078280704,-0.622179801996225,16.998927329120427
-1.519572128466045,12.108151892608348,-4.810438137576911,8.187335754277967
9.328419162067352,18.453759820400307,1.4181431415610675,22.473434349219616
3.8340952289850776,13.69046985991158,-1.9635365963492468,14.453940314112007
9.277262884370508,12.918605520539217,5.287130534352144,23.55317228847459
0.12204276032377948,12.81525943242233,3.1881312386530603,13.579605262988196
0.12204276032377948,12.81525943242233,3.1881312386530603,13.579605262988196
-4.780624220904661,10.561592863630462,-2.7877086593436147,5.528157007015447
8.140601281714215,14.142520150947831,5.062881498315885,22.707478651628605
0.12204276032377948,12.81525943242233,3.1881312386530603,13.579605262988196
2.81675131441558,17.74639375151221,4.848072640485448,18.56240818454024
-2.1158328471693366,13.933665834044014,-0.15956086984574114,10.565929330847721
0.8858107539844511,15.925518746739556,6.249905037067478,17.9183844001456
-2.1158328471693366,13.933665834044014,-0.15956086984574114,10.565929330847721
9.799504378711266,19.453323072299654,7.41805045676692,26.196360898519647
2.81675131441558,17.74639375151221,4.848072640485448,18.56240818454024
11.765487460142452,13.946137352709584,4.353517364472612,Inf
6.141521502829228,13.295705078280704,-0.622179801996225,16.998927329120427
-6.804404294318136,8.89520757901984,8.982126518162296,15.698419860180312
-9.227161747117343,10.193802617382886,3.378320760688265,9.45672604229287
7.446750199248868,16.184676328838478,11.610915498029605,27.035116300008543
4.033549707312556,12.819728542393413,9.74135750703607,21.21142556314664
8.306926338061366,10.9933450653281,11.715828367293824,25.615850180749685
2.699188604579099,9.429451338676529,6.177088098844685,17.265433787212118
10.808900911022121,9.846957954204079,11.010652192703674,26.715570681285428
2.699188604579099,9.429451338676529,6.177088098844685,17.265433787212118
3.632270138828531,12.704434675788505,10.19936481639106,21.511556928957496
0.12204276032377948,12.81525943242233,3.1881312386530603,13.579605262988196
3.7196233939026335,11.67707335046094,8.797132135227361,20.135921315841216
-0.6966962873116245,9.903853938164005,2.421848431255313,12.180267419588649
5.980641056079392,10.95887698050528,11.687991950478533,23.859153090252956
2.699188604579099,9.429451338676529,6.177088098844685,17.265433787212118
0.3578694558003015,8.336056006953136,10.536411756279804,20.152777987672422
-1.8014313735650873,7.2262662970040665,3.743860085527846,12.711535619685783
-4.741789979871278,13.666832873959123,10.72786913307926,17.994069096277617
-7.715679927122352,11.206599812140663,3.012366137846705,9.367032837731571
4.033549707312556,12.819728542393413,9.74135750703607,21.21142556314664
0.12204276032377948,12.81525943242233,3.1881312386530603,13.579605262988196
2.265453467485745,14.140620411974893,11.60212608750384,22.362890553936257
0.12204276032377948,12.81525943242233,3.1881312386530603,13.579605262988196
4.004466513807181,14.304844750796548,11.521523204284616,Inf
0.12204276032377948,12.81525943242233,3.1881312386530603,13.579605262988196
-0.823002753132414,9.272045957832226,11.844031471988792,21.363121592330362
-3.102598645731163,7.801674844961468,6.651604989358006,14.802579641583307
9.594892016856544,12.001883741444445,12.374944073781549,26.887364607113376
2.699188604579099,9.429451338676529,6.177088098844685,17.265433787212118
10.318794679305093,17.65823901585747,9.64713712025345,27.46855470180976
2.81675131441558,17.74639375151221,4.848072640485448,18.56240818454024
0.6126938329977634,17.60093708497361,9.2109573005919,20.734749214332542
-4.33582300415388,14.026932610926401,1.8720651629313423,11.189034747814139
0.3476084512219728,18.056639506996675,10.489572627965114,21.75666585456474
-4.7167245354771214,15.84671983077883,5.3203359866180655,14.190146111000447
3.620681578850302,7.876419532076795,16.480853923829095,27.502104753185794
0.07666958438005622,8.604665172902344,8.560092394563029,18.0616141540539
-8.546967890146648,13.020899309521532,14.893019314760558,21.48621045320801
-8.312195863554352,10.69682089781594,8.399686859560447,14.585498552108143
1.7419601099715436,12.419103124789018,17.74231261834005,28.523619045901537
-4.741789979871278,13.666832873959123,10.72786913307926,17.994069096277617
-8.578992890739148,8.232362635284154,14.013463470673045,20.35213811284734
-9.485371751237341,9.67995069820816,7.506150975162342,13.624423065901027
-8.71322335202132,10.60131673004787,16.413404683183906,22.60981269409109
-8.312195863554352,10.69682089781594,8.399686859560447,14.585498552108143
2.6979421068840814,10.744099312583373,16.116956384273948,26.781738993051796
0.07666958438005622,8.604665172902344,8.560092394563029,18.0616141540539
-0.49235267717344655,8.449673453550588,16.949393659685782,Inf
-0.823002753132414,9.272045957832226,11.844031471988792,21.363121592330362
-3.146999700227184,11.990330019053328,16.41276256423047,24.131823667951263
-4.741789979871278,13.666832873959123,10.72786913307926,17.994069096277617
-8.982885828262521,10.855001619806632,18.61439639500081,25.382798248005795
-8.71322335202132,10.60131673004787,16.413404683183906,22.60981269409109
0.27480179214759914,11.650576985014254,18.28123693651009,27.283032762408403
-4.741789979871278,13.666832873959123,10.72786913307926,17.994069096277617
-5.950667767458295,15.294867413807978,18.236511257631932,26.2914829364736
-4.741789979871278,13.666832873959123,10.72786913307926,17.994069096277617
2.5439652987884998,19.028668992215344,14.146494776867073,26.632697815193232
0.3476084512219728,18.056639506996675,10.489572627965114,21.75666585456474
0.5775485237433386,18.847529406864005,15.295746134601615,27.56350381879799
-1.675861852831968,17.81119003394128,14.388842406170461,23.954560979044512
-7.878658298235006,14.932748572160612,16.26362728483518,23.528238461950778
-8.312195863554352,10.69682089781594,8.399686859560447,14.585498552108143
-1.675861852831968,17.81119003394128,14.388842406170461,23.954560979044512
-4.7167245354771214,15.84671983077883,5.3203359866180655,14.190146111000447
-2.361539730627193,16.560494772098508,18.082920492189025,26.248501295097384
-4.741789979871278,13.666832873959123,10.72786913307926,17.994069096277617
3.791827914326575,12.233875999436279,16.46973133527554,28.256474267641753
0.07666958438005622,8.604665172902344,8.560092394563029,18.0616141540539
7.360340129350014,8.208982646073046,15.186182232587022,28.64874749459085
0.07666958438005622,8.604665172902344,8.560092394563029,18.0616141540539
9.382517540705997,11.512854659506715,19.785610187818705,Inf
5.980641056079392,10.95887698050528,11.687991950478533,23.859153090252956
11.38593822886601,16.549066667093,17.417016974657713,Inf
6.684140032749156,14.22044894507583,15.179820861291134,27.42146021485062
9.176070127632627,14.257370815535836,16.53006596426809,Inf
4.033549707312556,12.819728542393413,9.74135750703607,21.21142556314664
6.684140032749156,14.22044894507583,15.179820861291134,27.42146021485062
4.033549707312556,12.819728542393413,9.74135750703607,21.21142556314664
6.770587012023643,15.238898276700056,16.926290215342526,Inf
3.632270138828531,12.704434675788505,10.19936481639106,21.511556928957496
6.5471083081073616,14.119199553348274,17.77877917686073,31.533128187056203
4.033549707312556,12.819728542393413,9.74135750703607,21.21142556314664
10.230712895585672,13.77879053789134,19.913473410610933,Inf
6.684140032749156,14.22044894507583,15.179820861291134,27.42146021485062
0.8432617599275645,19.64752700738476,4.587661969869615,18.473276457224046
-3.3343689210858756,15.365191485451263,-2.4634201929409087,9.226182032700038
2.5265929475116877,19.856805826808987,17.030875247257413,Inf
0.3476084512219728,18.056639506996675,10.489572627965114,21.75666585456474
-8.930157018014357,19.84392825941196,4.819694800583747,16.898616757634905
-7.864922900599378,14.23939851270758,3.6704945911594855,11.079154709649723
4.510904379827181,19.95342571121494,14.015470855244999,27.589154211784972
0.6126938329977634,17.60093708497361,9.2109573005919,20.734749214332542
13.145041306606593,16.733269245612888,19.938419693759187,38.24321961967948
6.684140032749156,14.22044894507583,15.179820861291134,27.42146021485062
14.332533903680947,10.93271416659638,12.792369509003969,34.161699611064556
10.808900911022121,9.846957954204079,11.010652192703674,26.715570681285428
15.921741051871237,12.1970533586845,-1.2916776567172228,26.863406910219027
6.141521502829228,13.295705078280704,-0.622179801996225,16.998927329120427
13.210113775179579,13.653784641593873,7.759266190550356,30.945712835971342
7.5107935406902016,10.76535536369012,1.4485650104346526,18.633534798704552
13.060209544179415,12.673607781455523,1.5449503293134441,24.376877094681653
6.141521502829228,13.295705078280704,-0.622179801996225,16.998927329120427
12.750920331880948,10.127110996938214,-1.6823316403590098,Inf
7.101396335446431,10.506991031059904,-5.858186440705584,17.01811091091269
13.494397112205874,7.434510026343759,-0.3673080462773015,Inf
7.5107935406902016,10.76535536369012,1.4485650104346526,18.633534798704552
15.590843474286075,6.921102308123793,2.9477152169351655,Inf
7.5107935406902016,10.76535536369012,1.4485650104346526,18.633534798704552
14.621996050735959,7.241144555628978,9.595659865035291,Inf
6.856122725919882,5.820754323591039,4.85790089079255,Inf
14.811693398771496,16.23369421916295,6.964327888324576,Inf
8.140601281714215,14.142520150947831,5.062881498315885,22.707478651628605
12.888347495546583,15.122691604146887,-1.3296073017331196,23.642662182890444
3.8340952289850776,13.69046985991158,-1.9635365963492468,14.453940314112007
15.417858943617091,15.850075289184474,12.771951976522331,Inf
10.318794679305093,17.65823901585747,9.64713712025345,27.46855470180976
14.94379755097404,15.449477714265505,10.329806675371962,Inf
8.140601281714215,14.142520150947831,5.062881498315885,22.707478651628605
15.436424343097045,14.695427148466507,11.631614323530634,Inf
8.900686999062664,11.850701551605205,5.963869311274578,22.83701788334765
18.775260570684623,5.948625582561231,6.577781889729071,Inf
11.449140575402879,5.680897501678999,6.384509067816644,Inf
17.99881097446751,7.402920521437579,-2.124664999789381,Inf
10.7327930096045,6.950505358110295,-3.9544311261050424,Inf
15.974764891261295,6.7820258309641375,0.2708909436799374,Inf
7.5107935406902016,10.76535536369012,1.4485650104346526,18.633534798704552
17.609877238510983,6.797888856949548,16.743552204340602,Inf
10.808900911022121,9.846957954204079,11.010652192703674,26.715570681285428
17.047259698590494,12.057503428572822,19.66703998026923,Inf
14.332533903680947,10.93271416659638,12.792369509003969,34.161699611064556
13.42144844407207,9.187062708762348,15.482993360708655,Inf
10.808900911022121,9.846957954204079,11.010652192703674,26.715570681285428
12.429232168952197,11.879007276904751,16.237076927002832,Inf
8.306926338061366,10.9933450653281,11.715828367293824,25.615850180749685
15.550114108539063,12.383787809389553,16.575023094655485,Inf
9.594892016856544,12.001883741444445,12.374944073781549,26.887364607113376
14.778937173257198,15.922081226952294,15.104442539936393,Inf
9.594892016856544,12.001883741444445,12.374944073781549,26.887364607113376
18.189031658470583,12.288055377464808,13.706853783224034,Inf
10.808900911022121,9.846957954204079,11.010652192703674,26.715570681285428
19.010142648759462,14.468071550130631,15.231265835484685,Inf
15.436424343097045,14.695427148466507,11.631614323530634,Inf
13.982694488778115,19.392890725527003,9.967883914180096,36.596824951914115
9.799504378711266,19.453323072299654,7.41805045676692,26.196360898519647
13.34722110368147,17.651521446154817,3.927648936036931,27.278845339711623
6.141521502829228,13.295705078280704,-0.622179801996225,16.998927329120427
15.732230467729124,16.869580611605926,9.481548442166972,Inf
8.140601281714215,14.142520150947831,5.062881498315885,22.707478651628605
18.468782064312748,19.607788241155177,4.5008330846079225,Inf
9.328419162067352,18.453759820400307,1.4181431415610675,22.473434349219616
18.439709391858237,17.91888263430853,9.425583113548583,Inf
14.811693398771496,16.23369421916295,6.964327888324576,Inf
15.231717881239028,19.058711538212094,6.160581562860223,Inf
13.34722110368147,17.651521446154817,3.927648936036931,27.278845339711623
17.32960471421209,16.994065465092163,11.972570365931823,40.45796253947758
10.318794679305093,17.65823901585747,9.64713712025345,27.46855470180976
17.212446884928298,19.08797531875102,18.857962371823177,Inf
14.778937173257198,15.922081226952294,15.104442539936393,Inf
