-9.0,9.0,-6.0,0.0,0.0
-14.123374436153657,7.866789955344416,-10.058869927370067,6.6338190890052315,6.6338190890052315
-13.796713441280293,-0.9231427179328762,4.30086617976448,15.085922752408583,15.085922752408583
-14.238460152885946,-4.027424776579247,-12.178505829817992,15.549395936052829,15.549395936052829
-16.453116780588477,0.09770062439562466,-12.841653549597858,13.744941517957566,13.744941517957566
-16.086981311636475,-18.996592154449836,-18.793542151939633,35.30955832949032,32.14298118106791
-16.647470672627016,-4.767904937321328,-19.81271281963381,21.822236670968998,21.822236670968998
-19.12000276614954,-2.069877935317905,-19.394767562018984,21.55554638431643,21.144534813017902
-18.185228865232716,-10.557901164615258,-18.83273151496787,Inf,25.926977311331996
-16.93245277067821,-15.251923415821125,-19.47367773736069,Inf,29.61944814768299
-17.635548045420435,-1.5428446962084834,-18.85273442383877,19.826980085039363,19.826980085039363
-16.203007073980842,-12.035723689020132,-15.458584550849128,24.423583926643662,24.423583926643662
-17.263141363162113,-5.48077021506753,-3.9369895421249907,19.327721729606175,17.373995993690336
-16.951199302056814,-8.961286928745889,-1.9492486276802623,21.084341793756565,20.62605696094502
-19.481731139977477,-13.003285485781477,-13.18779334545737,28.26807870381311,25.615590538291002
-19.76032280532925,-10.251004229614935,-14.837363267741006,24.268738401380638,24.268738401380638
-19.66656430100108,-7.722411013615433,-6.460112234811213,21.293274196974377,20.5010894206697
-17.439113823946286,-14.03980101724617,-13.74804974599539,30.500524480800102,26.293042264214023
-19.278071123926786,-15.082005505098985,-12.40693221331715,Inf,28.453350703638428
-17.925612118464578,-16.28650734165662,-16.257550950081594,Inf,29.079212467228157
-19.473873583811738,-18.463215493590663,-7.283160331945382,Inf,30.740023649695512
-17.584359480157453,-18.085867537614746,-5.6944501052988095,Inf,30.15398890195444
-18.786629172862106,-18.937119132627647,-6.840046573331593,Inf,30.805449675115213
-19.46543413822841,-16.530170499695487,-4.332793234305026,Inf,28.95015812646311
-18.86251994779603,-11.689422714734272,-9.102844271182251,23.69947881865628,23.44224204918053
-17.432148133325107,-10.447696939908502,-18.446747652164905,25.073596328266394,25.073596328266394
-18.882846074679883,-10.318357240586522,-7.381532876496433,23.0268125229902,22.169158708478502
-16.456811365779124,-18.380621806780717,-0.80450824645105,Inf,29.267997891442747
-19.58949705310774,-14.317701154752642,-1.4328485092174859,Inf,26.619257897516086
-18.626981715362334,-11.03837653820996,0.6275168313316541,23.883671437109392,23.883671437109392
-18.131892673930228,-13.44607912029483,-1.948517711621733,25.26366392725884,25.26366392725884
-16.84029289771943,-10.388966497361443,3.060361037085091,23.00360883376455,23.00360883376455
-19.489677604226536,-1.837807081643568,-1.4311027307958213,17.760110600536542,16.359654315833822
-17.57445211324585,-0.707240574746983,-18.103574454343494,19.639088026435395,18.925707989369627
-18.730172564588692,-3.8219671162174222,-8.642072041105902,16.846078916308954,16.846078916308954
-19.499152797504973,-1.5666960502342242,-5.664078605744569,15.422802305134118,15.422802305134118
-19.03659789638735,-0.49107403238676284,-16.38195691346396,18.16702000893443,18.16702000893443
-18.673923630351812,-3.3840291004167184,-1.9042130402979573,16.85648461393337,16.85648461393337
-16.907152547358812,-3.45645525680359,-12.446705961015816,17.349682299636115,16.891290291138297
-16.498710732497344,-5.427914761030408,-8.12360905783378,16.6781473230779,16.6781473230779
-16.415908745997932,-5.1976656992696135,-10.265894139383613,16.735023992542562,16.735023992542562
-19.975652510532207,-4.091898334383375,3.385070639012433,22.090134460429383,19.829912713155483
-18.822094221251522,-3.7032317125611485,3.004894238094444,18.55465094963325,18.55465094963325
-17.021202630448364,-5.278803475033547,2.8399038744755423,18.970147573496448,18.970147573496448
-19.246704240766455,-1.4154920877225408,-0.7581733538540547,15.528859542262841,15.528859542262841
-19.93799971455223,-0.9213869097061007,-0.152912463446377,16.33431189042852,16.33431189042852
-15.766370297128534,-1.5195874339138804,-16.33562211781623,16.983015222914258,16.983015222914258
-15.055500929669225,-6.9902528692099875,-6.626234093999148,18.328152399609692,18.027445130946305
-14.41591134251846,-2.072735090521782,-6.926601134573245,13.637949256713625,12.843236935864942
-14.831957499763186,-4.119546401070915,-10.068061964580268,15.069293058934617,15.069293058934617
-15.7248281545482,-7.520385495230579,-17.962826726624446,22.46809759573136,21.88843721693887
-15.027288758526867,-19.200478667966756,-17.156865695197254,Inf,31.876762643183724
-15.906993898971864,-15.526018732454583,-13.552263273703744,Inf,27.913112604555955
-15.959258002364871,-5.40820579396641,-3.4007639902230764,17.12009786331306,16.860023533842504
-16.171595044157048,-10.273343352313393,3.827015255076578,23.03416090279987,23.03416090279987
-15.546458037552924,-1.6990610484777307,-2.890892245415646,13.169521876935933,13.169521876935933
-14.874469524855076,-12.168140148322166,-2.830089840671608,23.806398571458505,23.042901731246467
-15.140625264169492,-9.685936752360833,-0.42784788647233896,21.537405197307503,20.88623881396481
-15.294243648259709,-13.339195459387563,-0.7011827385032561,24.09323031457508,24.09323031457508
-15.398083695306104,-15.879011923602917,-0.9891963578164038,Inf,26.288042872028377
-14.497030426376964,-0.892292017416267,-4.507577231985316,11.985946977882897,11.985946977882897
-19.742750168363365,7.1522141818053875,-9.941069564071086,12.299671106263506,12.104329981896907
-16.264194687951836,3.809789374129231,-14.194774805364707,12.810231820219801,12.810231820219801
-18.22197359036806,0.7106786551867472,-16.061688459279715,16.923959092437123,16.923959092437123
-19.680531317512582,5.696995864976387,-10.810065529310569,12.646663160740804,12.646663160740804
-17.55297675894876,1.6061631343051275,-12.193901971565362,14.084723873967848,13.388032998397048
-15.637828476924405,2.80615478074564,-19.784767272231647,17.240642211450194,17.240642211450194
-15.314588166514431,2.691900435218251,-16.210949331147546,14.533035934175516,14.533035934175516
-19.836189206357638,4.220548767798924,-5.460431766967968,13.1055329831513,12.57593718071032
-18.65715782401839,6.896953158464008,-4.576900072958798,9.98542521167921,9.98542521167921
-18.414932160345188,5.742651635922485,-2.788299255846873,11.627511366858181,10.637847154596859
-16.290970396589177,5.693371243945322,-3.667086689350427,8.338736569128049,8.338736569128049
-15.108598681754781,2.921822457781545,1.4702584405333852,11.683968175756398,11.667018252153147
-16.318663713228414,6.5779591013015875,4.012477177150437,13.213562753931352,13.213562753931352
-16.742425082382955,4.098809983477292,-0.5464108368903524,11.134069432460718,11.134069432460718
-10.698945420030679,-10.24907284450748,-6.443128714728008,19.37711740804724,19.37711740804724
-11.050500687439762,-19.873709956568906,2.531349693792457,Inf,31.003071495929927
-13.049436113333792,-17.415724611084613,-16.655470183806436,Inf,29.801859151165292
-13.38377783333308,-18.32016143272969,-10.248148462519087,Inf,28.35376808147884
-13.552518136060305,-13.595165983705622,-12.756264048292882,25.00160205549124,24.765833903464475
-10.741335454571406,-10.788089947628725,1.3217564986774448,21.83207428811565,21.83207428811565
-10.323409736719498,-15.694917371719992,-2.733593329779602,25.50455736599921,25.174936867632564
-9.899421303413991,-19.785332123257717,-3.114603173369641,Inf,29.634500166097876
-10.838205479574716,-13.712119779302316,-9.09370333251549,23.351628345114353,23.351628345114353
-11.771998895728197,-14.577219210361543,-15.521677358641979,Inf,26.971185266113483
-11.549856108692103,-14.155263987319682,-3.09572534144289,23.830240315029013,23.830240315029013
-12.154283191878106,-10.804419691642622,-14.813959384374833,23.11359246455584,22.987530382151192
-10.03534841613531,-12.924077787165356,-14.4080484837788,24.657144681465887,24.657144681465887
-9.584680391721347,-18.11600982710157,-8.523213992766108,Inf,27.590340819432726
-13.034573850432363,-10.634259470053156,-14.910618288445914,22.799502513387797,22.799502513387797
-12.383361841045861,-14.60633858569862,4.25064662421887,Inf,26.67318279446168
-12.414010491995118,5.850094811245565,-0.3678968441835906,7.300544931397383,7.300544931397383
-9.207321884210184,-0.7578611848761412,-6.01968233501271,9.760083230244321,9.760083230244321
-10.318855593201235,4.376342970545643,-12.503746285556367,8.088034381024176,8.088034381024176
-9.331458267231936,-6.621177324090866,-6.469224399805302,15.641917472892066,15.641917472892066
-11.790287096617389,2.8766112684052736,-17.423552655859602,13.437688628629964,13.437688628629964
-13.06227639321194,3.945998253991341,-17.83493660462866,14.099119514273223,14.099119514273223
-12.691154606811281,0.6008671073971357,-19.131316172368606,16.07594419572367,16.07594419572367
-14.206130361105362,-0.4879520125307302,-8.443581806135496,11.222733564662136,11.222733564662136
-13.83944557041664,-7.5032395605430935,-7.118562690329453,18.016246825433754,18.016246825433754
-12.697057791535622,-1.4769288310602064,-13.321926567418929,13.6891252878465,13.507201842680653
-12.57054305185279,-3.572821559495374,-15.405426435653915,16.647121908770806,16.647121908770806
-12.18207952905396,4.195803958911625,-8.005922721753338,6.1016109099220515,6.1016109099220515
-10.876115946106584,2.7184414135432,-14.44641594918429,10.702062325712516,10.702062325712516
-11.459664729990706,-8.520753597608008,-15.293890111810935,21.682692530925763,21.107699891569425
-9.860860171152144,-7.338599387526932,-15.426471026877602,20.28280615346877,20.28280615346877
-11.109708463486916,-9.090206669403509,-7.30730781705196,18.403290699264872,18.403290699264872
-11.519677366961156,-4.69827808839943,-10.140977494970222,15.272321404386602,15.272321404386602
-11.003811828464505,1.433744704051545,-2.404258440449489,8.61352647934869,8.61352647934869
-12.51698309862566,-1.332989376771252,-4.997878094129966,12.181882030933886,11.413528579339788
-12.250013153856525,-7.859984202310271,-2.7830696944009325,17.99808361831238,17.48843292177993
-14.16356802260097,-3.1505999479554525,-3.756902983948578,14.075827373913175,14.075827373913175
-13.252662888685318,-7.1263561959801525,-5.536793872703747,17.17024311028282,17.17024311028282
-11.52301320922219,2.033295173657752,-0.48720958906979916,9.235335938997238,9.235335938997238
-14.093956126716458,3.867906753504453,-1.1356202956802193,8.714870051781354,8.714870051781354
-9.535950317828394,-2.186704109237425,-0.5085189072642109,12.955887058772511,12.955887058772511
-9.567908559752745,-7.688180735057575,-5.2802350204194415,16.73906124634847,16.73906124634847
-9.804118117440002,-0.6121745678867541,-2.481879664888538,10.637372443446383,10.637372443446383
-10.50015015066636,-0.22629123134750628,-3.939993382443081,9.571756767937769,9.571756767937769
-12.56198813120565,5.144333973521675,-3.979076246135822,5.624771352999298,5.624771352999298
-12.807663059897871,5.474149786126354,-18.3838303066487,14.566825202290577,14.566825202290577
-9.204240702921487,-3.0108984612881358,-4.811275703279341,12.316728111763322,12.316728111763322
-12.145408408475182,-9.582381637368043,0.4222735523438885,21.217564949765,20.352327976305457
-12.914415249480147,6.1937173894175785,3.563170040362216,11.278203570385386,11.278203570385386
-13.708177033302231,-5.566059944562811,0.025000843500659897,16.500994827846714,16.500994827846714
-11.460007490123312,-3.307853510301861,2.267087384683162,15.245160462594196,15.245160462594196
-10.176012037346549,1.7057345346455222,1.9640316340593422,11.849912902575939,11.042493457348003
-10.335278056605768,2.5970139180231655,-0.016887223405205987,8.864470472165486,8.864470472165486
-11.473566366895485,-16.73091373815339,6.48821634449174,35.037899292731424,29.74065343057862
-16.124467061544312,6.918028715165665,16.654155919205408,25.354429633812174,25.354429633812174
-17.68813613268616,-19.960955158958,19.573147140582215,Inf,49.87937694465241
-14.454105326505537,5.220972155541695,11.902220836533488,20.039632012795792,19.81381409362527
-16.889062060669644,-12.476939644645704,6.564496585319908,28.150976331592553,26.620858488712987
-15.379319269519574,-18.111388415996544,15.366440763156604,Inf,37.14187509660935
-19.89570397205305,-19.84595307254355,7.129218320116692,Inf,36.12977104768708
-16.472005231307286,-18.694241975548138,6.032081808453054,Inf,31.74416081141985
-15.94494869982837,-17.56401989676421,10.987211196705644,Inf,34.274801558739355
-18.338165454991202,-13.135667266736286,13.493478704807174,Inf,32.39021168848937
-19.66245524035365,-14.58283438268265,19.223216133179335,Inf,37.849414188106024
-15.339432905909938,-15.647200277812434,16.33825140808436,Inf,36.46727315475324
-15.87616523732212,-16.97996948542567,15.544591820953933,Inf,35.62278986121207
-19.089331842183697,-6.550524326368947,12.532536175735146,28.51768121013302,27.95570597370301
-15.948240219813687,-0.21532324381867696,11.607541660887783,21.54295616973363,21.279694384868364
-17.22715471561162,3.502985902639413,10.717188445827219,19.714415286037372,19.714415286037372
-18.514376285477905,-10.754387548932947,10.3237714202102,Inf,28.36269046434957
-17.442074527050995,-8.680871400195356,4.613229646202804,23.18649289784184,22.829666146250926
-14.56960920393123,0.8554414295664188,12.025347922540917,20.941781047421948,20.941781047421948
-16.925888066335474,-7.0764991964874735,13.268992125868238,27.88514545654998,27.029025002643387
-17.842896715225276,-8.463570568181238,19.146935722234815,Inf,32.750475160668195
-19.458479518734045,-10.411324035409839,15.268059333031267,Inf,31.632095139641464
-16.97104807592197,-2.411680818552586,12.971083096305094,24.05986843566226,24.05986843566226
-17.987688655779674,-3.0574533441337977,14.400832430647952,25.756247384052973,25.756247384052973
-18.44145285591253,-7.1353480642337175,15.764622839345549,Inf,29.536348002556583
-19.728941185156295,-5.781304793860729,15.900459708680174,Inf,29.261110034351397
-16.653334168156917,1.3074440380841423,14.242901206680884,23.29269732191206,23.29269732191206
-14.771782858125588,-5.043687273323254,13.695938065075723,26.240487768341282,25.45093349239411
-16.52287694148095,-7.360829914559712,13.523933555442426,Inf,27.14750800081847
-15.044386736797266,3.0589330611552796,19.072334808947062,27.551847369559173,27.551847369559173
-12.541611889359503,-2.8505921205184492,10.791732904324647,21.97226372139668,21.97226372139668
-13.558264505952478,-5.797789451743061,7.021343541451152,20.67341196936954,20.67341196936954
-12.794449120580547,-14.268476068645661,6.604702966922488,Inf,27.785637015295848
-14.107638949697323,-16.53372405970309,17.74674817555453,Inf,42.670693942917524
-14.268973904860118,-4.642224795023644,13.913214927175531,25.48705291069682,25.48705291069682
-12.299355267283154,-16.268223726613797,15.022408819412334,Inf,33.91358577514091
-14.017049178852234,-3.928777943395918,10.347771022832326,21.842212350028937,21.842212350028937
-11.553147590578554,-16.022385750590757,8.145743293041015,Inf,29.50591428773491
-12.908691035827866,-13.943994536985604,10.052176259733862,Inf,28.680911461151894
-12.11835385048528,-11.438172785461909,18.191631208484736,Inf,33.70571315651798
-11.69100566361009,-5.369012812462275,15.340108669065941,Inf,26.847931288693317
-13.300359063043521,4.197159400876707,5.969027761875807,13.909207634481259,13.909207634481259
-14.165637482598612,4.117351136299511,4.665631506519876,12.904740271908969,12.904740271908969
-13.398981487889285,-2.089259038208251,13.818323372852689,24.582713765819616,24.582713765819616
-19.143823612251474,-0.17511310818433046,19.6884839752518,38.18636757271152,29.461561484175206
-12.463634610147478,7.5426183191305896,9.310468911929792,17.125119500428582,17.125119500428582
-13.784910089232456,7.101882557131205,6.863178625758106,14.766118634633289,14.766118634633289
-9.855001571017752,-13.547296108880396,12.778380356891212,36.10328509262847,30.281640294831888
-9.38936968009048,-18.243875843243096,7.807438086194722,37.692875644444634,31.783918466886906
-9.871358899701859,-15.783156174278767,6.125217669078495,Inf,28.788016346507217
-9.59730424603106,-13.82838201057317,10.222058317824214,Inf,28.657053328792777
-10.705518120223205,-19.22898780837219,16.580748181749804,Inf,37.07296788157683
-10.440144640408056,-11.410898051366107,8.662089804369248,25.697507949096153,25.697507949096153
-11.180955367937413,-9.242141962007988,6.438162510671084,22.504052748720525,22.504052748720525
-10.5021633873561,-1.360342729574775,6.94368954019388,17.468025320138263,16.873100269569207
-10.740265905772395,6.220725131928262,4.950400749284274,12.888306295951645,12.888306295951645
-10.804971062971251,-4.658951217253167,19.378574027929822,Inf,30.373085650007567
-11.314944560156723,-11.749761234522662,9.208245412347456,27.399554420666522,26.242965264637206
-10.861180389657612,3.526780113443806,16.681372743487998,25.606159965910656,24.90684048050304
-11.13794740373863,5.545013409466996,11.261157422035446,19.205098586024075,19.205098586024075
-9.622530318345994,-0.5574359551166879,12.070256986459725,21.909511255064814,21.909511255064814
-10.376360626097219,16.233592102453386,-5.455716098603611,7.383459097405904,7.383459097405904
-14.06346126077251,17.001201197140894,-16.391687122589794,15.924275100711252,14.962537997931179
-16.19716170048692,19.560341756266553,-14.406622826314024,16.475347453033436,15.914642847513838
-14.40985501615934,18.17160469931676,-14.804188358001342,16.126046504894433,14.716134335346318
-19.15959737776327,13.155555033077604,-15.204489487164565,14.865723974883117,14.423695530065942
-16.28700793349583,16.53502047182733,-17.63776481167713,16.547783898658636,16.11377118672626
-18.388434774194728,19.19453840040255,-18.901501915816013,20.16525011793424,19.791636384334094
-17.06055482080698,15.151363443758903,-10.912794051916404,11.343869833249396,11.276790188573107
-18.529928343965665,9.34985802784242,-14.071307229891508,12.775224576088931,12.775224576088931
-15.432513551511251,13.194882201360521,-9.715053342041848,8.530878536697347,8.530878536697347
-14.789619903778304,10.777313907167692,-9.314698879301933,6.904040267501564,6.904040267501564
-16.405227024663517,17.744940595291865,-14.415192329304363,14.67681278225272,14.634582450978069
-9.121525806548263,11.434345611149965,-15.314890939813042,9.628499379279898,9.628499379279898
-10.979755201751091,11.334858436772926,-14.746457198942542,9.266688087529657,9.266688087529657
-11.814800415512279,8.695232205321464,-18.35841038507062,13.817636666625326,13.817636666625326
-9.655023615457434,11.428118312391867,-19.567449135293717,13.914396006277634,13.914396006277634
-12.578035461103925,9.728376916177108,-6.297174351044772,3.6634933175666813,3.6634933175666813
-12.922898235653895,14.068171339174981,-6.123853427976362,6.410213020029261,6.410213020029261
-10.433690190807816,16.530393473263842,-6.7448786151220474,7.701761978707169,7.701761978707169
-11.812285614810039,19.654798125514013,-14.465257229176904,16.143721213294715,15.828225260194735
-13.821217347247172,12.394661932515554,-8.904011433091625,6.5727580777778645,6.5727580777778645
-13.41626066335901,11.563022529059907,-9.64894278578642,6.27592432914416,6.27592432914416
-11.956464122980117,12.063736556286095,-7.190899250111578,4.4210183013315705,4.4210183013315705
-9.649688740620244,12.938473276424574,-14.121139645830416,9.049120197890943,9.049120197890943
-9.344674628793621,19.66076596382628,-18.817726644887493,17.25522658418766,17.25522658418766
-12.762912139224145,17.9391896594678,-5.6685560379604905,9.704559476628958,9.704559476628958
-9.234997557073452,12.19181910653667,0.7487760178959562,7.4691974669579215,7.4691974669579215
-12.535760634751991,19.76076102094619,18.604544223141048,28.74582613439822,28.74582613439822
-18.904910733947638,12.396799220283853,15.97946071490928,24.888137218139615,24.876554250277614
-18.62398780317961,14.891914512394429,15.325903087188465,24.83021363641062,24.83021363641062
-19.278382896074,13.352895552986936,14.351330690231535,23.541963922901004,23.541963922901004
-19.242842444584724,8.785339241526255,-4.254812373022192,10.697710731901955,10.697710731901955
-18.82407854628238,13.32583751757123,3.7477002442164675,15.138361898105455,15.138361898105455
-18.813779346461814,10.901400405311552,15.970427255721333,24.84528637320963,24.641233129424165
-19.421579862391916,19.45087416579505,-0.5096014502085495,15.964022996640566,15.964022996640566
-16.882214074292783,12.508507246495071,3.959962569306086,13.567704839861257,13.567704839861257
-10.278400905689775,11.446503236920265,11.074469468974826,17.88567983442465,17.88567983442465
-17.660159447122112,11.730995169062552,8.117231957428316,16.90018742888598,16.864575707026624
-18.094533015952045,10.603730504278566,8.920937330175612,17.548897064043214,17.548897064043214
-13.61463657448108,9.529440944067524,0.3031640423507014,7.829754489929837,7.829754489929837
-9.372790950225944,11.826983090281146,3.6915371022596766,10.437687847201593,10.437687847201593
-14.077836898136411,9.786334465646355,2.287409198380761,9.751097408873783,9.751097408873783
-16.78912151067597,10.57336683412478,0.8306725091604932,11.21285972870325,11.21285972870325
-11.480593599345115,10.908678504454244,9.995414032271519,17.070732029655378,17.070732029655378
-10.43172024671823,8.605298325651496,14.066351640545143,22.014518787049404,21.864293186917138
-13.35342153522566,13.299421787309143,2.107859438388626,11.94527918048053,11.027794472509147
-12.941529028870482,17.93723362827933,-3.942275989256025,9.982185337703758,9.982185337703758
-15.036044707713963,13.862193323232773,-2.0678865129153934,8.691160802868842,8.691160802868842
-10.715932643125559,17.51966350919482,0.23227931173651228,10.830142590428892,10.830142590428892
-9.623857292362077,19.175000299800892,1.7830391713895537,13.347606513584557,13.347606513584557
-17.682093340619154,12.75517742956437,11.98509361230024,20.86579854256567,20.86579854256567
-18.002068326548493,18.9062616281973,14.632933357852096,Inf,26.562808287290878
-18.11111464513349,18.83269453804119,15.807555078207365,Inf,27.74477250091215
-11.708258442014081,16.449022067576557,4.8301663334164076,13.864394364950055,13.864394364950055
-14.784123487820935,16.28723883472287,18.986790276864056,Inf,28.815337231784532
-18.982233414229448,16.39807161337209,16.451695719847415,26.50785151551665,26.50785151551665
-17.882709364694584,13.107298163506506,18.445105602664796,27.650221413115982,27.33850977635647
-19.375346828440485,18.666222704481896,15.993725384349709,Inf,28.205872949547413
-10.763775920177299,13.615902687262732,16.46028333890918,23.712246054885224,23.712246054885224
-11.74575042708077,15.31671376764934,16.789589699362253,24.942183460008373,24.942183460008373
-19.07680920240912,19.879456582680234,7.164395188775359,21.899303144249146,21.899303144249146
-9.126695728279746,17.69308115496655,19.067180724882803,Inf,26.828139171853696
15.192156952884432,-6.852606153897547,-10.56181032787837,29.280978354063286,29.280978354063286
-0.31993644601090665,-7.549886210717567,0.38207575388888415,23.74276472499143,23.198160662066428
-2.5260224529997117,-14.407168720453347,-12.439552611245297,27.915154776153518,26.47853834083803
-5.1034470096085816,-13.107091651927805,-9.02744891905681,23.4457287128471,23.4457287128471
-3.476968259970512,-13.387602320652885,-4.7101940412578,23.922570666090174,23.922570666090174
-4.3771331442061,-17.26970048974905,-9.936049837300676,27.76781152052409,27.744668342161248
-7.249788405137139,-19.89538857133808,-12.120053384486491,Inf,31.054403198380243
-8.960018782548653,-17.7501128796305,-11.000384624080937,28.3246337607786,28.06009957160338
-4.973307850322168,-17.645897985437795,-18.716470785575588,Inf,30.521825553134285
-7.431847978427024,-16.008393366946176,-12.0724917891427,Inf,27.324183454643574
-6.182100788813978,-13.12515475999768,-18.29223764764567,Inf,26.234150120268012
-4.4559196145712665,-16.315691368724224,-11.692000700177791,Inf,27.65594286524416
-4.472055922343365,-18.948822236633678,-4.811193858311711,Inf,28.964821446791206
-3.0772378203404926,-15.205627922673708,-10.964970971061208,26.546178512689455,26.546178512689455
-2.6399351325032256,-15.95412942226016,-8.035030122426692,Inf,26.60238497941899
-7.338094711880077,-16.210659211965506,-0.1169981263804587,26.54819247006009,26.478456000389027
-6.728040593551041,-15.975006238450105,-3.3295866235365708,25.672561258417115,25.672561258417115
-6.514484800486242,-17.628391591053393,-1.689513455043425,Inf,27.834256038700765
-5.0900423963216035,-9.96989201316178,-0.18557799264696584,22.23894662903682,21.440845481341462
-7.82712053729127,-8.60845074370661,-1.9366804710442338,18.715953729555086,18.595001640243392
-8.394574165116575,-10.073911386655325,-11.094269285833764,21.489153103971717,21.489153103971717
-7.317709911027297,-8.104074044387364,-5.982954358790362,17.34551833514645,17.34551833514645
-3.5627812227699707,-10.01442291666308,-12.28502138527416,21.96245991556542,21.96245991556542
-5.488757852802868,-10.710017153914455,-19.91426075825734,25.372195069058126,25.372195069058126
-6.8023901177525925,-9.147928942112031,-14.88201944582296,21.02108679873828,21.02108679873828
-5.186317034236065,-11.470980151374013,-14.503674612690611,23.87615316309448,23.87615316309448
-5.049284115536814,-12.431226089117953,-18.057527235516435,Inf,25.91365979593987
-5.805578991740781,-12.1982691020371,-2.373774234261738,22.858957111648433,22.858957111648433
-7.773269089015242,-11.666857343571122,-1.3315704306199834,21.755035836994182,21.755035836994182
-4.216722174590171,-11.172931266422914,-9.037410078627746,21.9335265738418,21.9335265738418
-5.4805574836337545,-11.333386115512605,-8.116636704294686,21.43850962459298,21.43850962459298
-5.584893362884458,-12.128558126713864,-4.308827358900897,22.036128799699647,22.036128799699647
-4.222161753596447,-10.738493261153721,-7.944255418387369,21.151280348939896,21.151280348939896
-0.8575704033773661,-8.560979301048413,-5.45662317946884,21.976162926349076,21.976162926349076
6.506077199847766,-11.587081797770322,-12.732996596953976,44.20619973790083,28.394346244079145
19.765545396137412,-16.849005885112867,-13.960112700692369,40.78716575285855,40.78716575285855
-0.5113364073190318,-11.136702558580014,-12.905121248788234,24.088459962577602,24.088459962577602
15.634188897765256,-16.32716264024875,-14.09573811788948,44.953557614246776,44.953557614246776
2.176668326195383,-15.156318674671834,-18.046709499491627,Inf,29.88982731831551
1.177579484662246,-18.125985550557864,-16.78619293414874,Inf,32.25945935427045
1.9544804663422681,-18.519762705802734,-16.463936817393616,Inf,32.647373342399206
-2.08908917600219,-19.964196566993273,-19.253880312285627,Inf,34.095325823399236
-0.4809859939759349,-17.759856143445248,-15.15042843562492,Inf,30.777206381968114
-1.238968878029361,-16.221127519710947,-16.836510015494326,Inf,30.002319030878816
18.803725392522388,-15.663702280862415,-15.876402376881487,Inf,43.23710625757945
10.275464348190077,-15.955217965870165,-18.944043052257573,Inf,38.285088375332656
11.884062168303942,-15.861794438802495,-19.797722148378067,Inf,38.97619670835122
18.57058483396999,-16.79439968057345,-17.16176534701041,Inf,41.82847295705711
12.541586844220149,-16.361354136963264,-14.690169446298436,Inf,36.78896808829779
14.541900056062822,-19.273803578001285,-17.00219661753649,Inf,41.011418127388616
14.734912914234314,-18.116167463355374,-16.735741118732985,Inf,40.26379362736502
19.41749119417696,-18.29836587216554,-14.93358383375659,Inf,42.30149004181378
6.132066498346525,-15.182158265979098,-16.66432021555016,Inf,32.31363550463862
14.83862266004202,-13.859605341358385,-18.53775149365898,Inf,41.63160791306964
3.452492469403179,-14.435954553975305,-19.488917709530202,Inf,30.319016507066614
7.007523496315173,-14.477063278922104,-19.085697942694253,Inf,32.6436391135301
4.640959661852165,-14.211380054841314,-18.53315089280402,Inf,30.49100311575016
10.358639734460926,-11.977536817241585,-17.395210744652168,Inf,32.990185049292606
12.680842278476632,-13.69133833238732,-18.11595611424479,Inf,34.51341990449856
16.694402719732302,-13.677850704190497,-18.801696712357092,Inf,43.51485549545218
2.750317379414433,-12.736034600619464,-15.705553572350803,Inf,27.768316170201693
18.768071010557577,-14.519487408105594,-14.760524200041045,Inf,38.525953147620484
2.950117949122646,-14.932995928173902,-12.893547465987174,Inf,29.029456191841568
3.5870667528752875,-10.823661090766281,-13.436773498089591,28.361607047669708,25.996903259861202
9.13358711290033,-9.884129856948878,-16.807190416655764,Inf,28.857761869258603
1.9797917711408104,-9.893779889324037,-18.266649590687276,Inf,25.791237116229034
8.96552156715974,-10.479028124012046,-19.471439549341667,Inf,31.174746678182004
17.974608079874706,-11.027455763182896,-17.3627217743837,Inf,37.73223861732856
14.511003582357738,-10.971498681075182,-15.860155075661115,Inf,33.05148954780545
4.346950764972945,-10.21631975701717,-13.113909876688892,Inf,25.728886408380077
0.46117919469591584,-17.712032732867947,-6.89760611263285,45.95520204945013,29.616468472705648
-0.5185560209341133,-19.654802982238266,-10.29960598611587,Inf,31.089336032131403
0.03258807461779867,-13.668814330910841,-8.156898842085809,25.88228593637192,25.88228593637192
-2.0496912118648325,-16.337953360857355,-1.6477510526930956,Inf,28.143336802810747
-2.22055826693234,-14.73198726548544,-0.961910317680843,Inf,26.549390071156004
-0.22951295992850618,-17.97520677082715,-0.17323563128272212,Inf,30.978528844744616
-1.6135856562685191,-14.16030893822029,-4.958241809175661,25.3396506069166,25.3396506069166
-0.18799550681751498,-16.88579986625177,-1.549236427167795,Inf,29.671168832346922
-1.8292055384712498,-14.928785993692237,-3.3125566498308956,Inf,26.31923747441945
1.4423200629128274,-10.833856110577234,-12.193804512717339,24.675947892854495,24.675947892854495
4.0255992208101965,-14.297337023643397,0.07191954657137956,Inf,29.783693463258174
6.116935229610174,-17.91242452607479,-12.181994402669565,Inf,33.15877155295116
1.9645079160836616,-18.21318027155087,-9.308650755268983,Inf,30.94961705168919
1.309809671019444,-18.568835103073695,-1.7081860129419724,Inf,31.548048618033345
3.140887188745989,-14.360719442576233,-6.993488498819236,Inf,28.58400933721185
4.5709401914490755,-13.887070614446477,-10.283916874586625,Inf,29.164513386161502
5.53553004564116,-17.34684286205073,-8.069577943607902,Inf,32.50179416218753
5.041287107316634,-15.127290665295758,-8.687701784024275,Inf,30.8657183558401
5.5103082171360285,-15.037519655701619,-7.131128708229522,Inf,30.256085700833175
2.4529131682358525,-16.93208980929466,-3.368296856442285,Inf,30.511411123382107
0.9310977484192691,-12.452321670344402,-3.207483572885799,Inf,26.14122840328482
2.322777528669853,-15.499741259420086,-4.507658527648921,Inf,29.522001543938053
0.8275181761581152,-11.537377716180561,-6.444744370015689,24.89293160688632,24.89293160688632
4.556484362166504,-17.391195250879328,-2.2997008345972603,Inf,31.985110200708892
4.552682682802313,-17.64844227497428,-1.4394925691849991,Inf,32.96249215593379
9.922286186130023,-12.792066132392064,-12.295937926567051,Inf,32.64760508333049
12.356824932768674,-19.899209386555626,-12.288504332522372,Inf,41.707924129253016
6.731543535079272,-14.840789112722108,-8.669555129683362,Inf,31.08897367307009
6.683200741191008,-14.823999473737492,-3.7380200953679648,Inf,30.023550832253157
14.6187998204732,-18.83164428998489,-9.63165887515327,Inf,41.593928612248845
18.853683256412424,-19.937950201960035,-2.5029769216545183,Inf,45.26519684357999
15.000751462054964,-19.337841981334698,-11.435031376963334,Inf,41.70908852629676
18.164459506501565,-19.32099819061987,-0.8056221880077707,Inf,44.46475341299633
19.096060225668126,-16.47719845401437,-1.7362769031440095,Inf,41.99176944997947
16.832374076661118,-17.856855141646708,-9.560350217508296,Inf,40.6466356398102
15.362537572411696,-12.98167839193531,-12.195199232414105,Inf,35.626253396806206
12.963019253528444,-15.125332965116423,-3.447551325666982,Inf,34.05561522768953
15.577329774859436,-18.258116672673506,-10.396960115831595,Inf,39.48327660106729
10.314509964127794,-14.792281840840609,-4.72549815766806,Inf,31.907249983301014
10.909229572543868,-14.94671485777812,-4.137913523148713,Inf,32.41183628152995
15.052228515355843,-15.361234380668476,-3.1694708859405267,Inf,35.89896863128588
7.23974533212666,-16.4459539621142,-1.12101931222778,Inf,32.43558627519542
10.294125985976414,-14.551510299287589,-0.19195311037990592,Inf,32.656967161516945
16.11148962008589,-18.18381854007571,-1.6633065413546007,Inf,38.704438834217015
16.31673557185377,-11.469952294667376,-12.549008730106381,Inf,34.031566591604395
17.70449515920349,-12.544735617549776,-7.854241140865588,Inf,36.0664858513968
10.332307940828443,-11.336343354970273,-5.373067618214362,Inf,29.671107010002267
10.236251181932854,-12.647497426346765,-12.217605630253265,Inf,32.518731403047425
9.657407351081268,-11.772347184843692,-5.898611208334756,Inf,29.52392453431192
10.117803248026771,-12.392355253231875,-3.0507647717065396,Inf,30.255156990744247
18.3466278611576,-12.625941757541028,-5.58244335772458,Inf,35.866890352574885
9.530255273779176,-18.489689872028254,0.37494513838829846,Inf,38.24641961459357
15.899214011669109,-9.794484828605103,-2.2590756558981973,Inf,34.56534328047695
15.696647288505467,-10.783083707746686,-9.194560549775579,Inf,33.38235762793069
9.121821119220819,-9.937644373430636,-9.892062495653384,Inf,28.178237952168516
1.1944802431881811,-10.199971434670267,-3.1166694552822705,24.747619958916342,24.09984381881668
9.291635927086155,-9.485563478250594,-12.659353540305398,Inf,27.42895287971655
9.251627465662935,-9.413071934827784,-12.583622811154642,Inf,27.337326759098595
6.063586042763696,-9.292949639149786,-4.550021780905222,24.954279336981486,24.954279336981486
18.08030989405499,-8.792198020161948,-11.604380614131973,Inf,32.91283694451668
-1.3182381300056,-7.0525546891666835,-15.78063612924022,20.778271447349884,20.778271447349884
-1.8813853195390777,-8.027196036033244,-17.476873444444053,22.699441530934482,22.699441530934482
1.5233996812456212,-8.419038341977059,-1.3075448002960854,23.24776814154925,23.24776814154925
15.546542549605682,-7.526003859354127,-0.2148765160020183,Inf,32.308344974276565
11.134272322230334,-7.710812522429427,-4.968503943183844,Inf,27.117405257869585
16.700468518915493,-8.079826751024957,-13.023434865410346,Inf,31.960019770833902
1.9137115951900867,-7.775353464893433,-14.126219184742235,23.419973025493263,22.62801482843717
4.605616782740061,-8.14967629528839,-4.186509277725152,23.207147346084426,23.207147346084426
2.9855390990975224,-7.770195954684809,-4.254804654003683,22.042578962558725,22.042578962558725
18.417530986793096,-7.170938608157735,-9.222940452558372,Inf,32.787678477125844
13.529119897957898,-7.029455308594219,-11.388792899674014,Inf,28.79104830677285
11.138830002344235,-7.506273117587545,-10.542855942294693,Inf,27.01658231939583
10.285784792755088,-7.312467857606517,-14.33975317069784,Inf,26.723298110534508
11.852630375309925,-6.982411531576869,0.2972726481848227,Inf,29.40381392383679
8.595593508419029,-7.578946332126657,15.834070488257197,76.97037738627886,34.82437947151649
5.501975185564216,-15.41588088180391,19.852022716152298,86.30482742734047,86.30482742734047
-0.2690544703785491,-15.557172250454014,17.943087120118207,Inf,92.38502328359641
0.30662911253807934,-18.775913702199894,5.669043544538592,Inf,33.86464515614287
-0.4807599498502739,-19.126051658220263,0.9786468352385285,Inf,32.21772818491787
-0.17593768466966253,-19.399169666663198,5.898937342011923,Inf,34.12730634297414
-3.568930192816051,-19.855517303803474,5.184033093665931,Inf,32.93258728982371
-8.902794075670295,-19.9682684667808,5.0773577307248985,Inf,32.01161375310627
-6.91008549605546,-19.63931135177525,8.629463444202852,Inf,33.375771758969236
-3.201421103490425,-17.71279896777404,0.7337992686687684,Inf,29.611304424609862
-5.47334550160528,-17.24751312149855,3.6994607289870345,Inf,29.612811727701185
-6.517636990617124,-18.171422908014748,8.01310766504529,Inf,32.81823803425624
-8.972561758159348,-18.18925950657058,4.839515111317336,Inf,30.215420689531307
-1.634870772529375,-18.68003159247315,12.038190788493196,Inf,36.06792606028934
0.15974619249383437,-18.387455700986006,3.37232077408812,Inf,32.69868742608704
-5.34028039707886,-18.11689115916023,15.377272948246052,Inf,36.44806977475661
-5.075606614166306,-18.10160798185681,7.485212874781624,Inf,31.69965899069092
2.8900879370724475,-15.640954958585462,13.514092887987132,Inf,49.65500265484526
1.1656865219438473,-15.862699473525907,13.471829112040425,Inf,48.50119006236545
7.93603711984143,-17.232469170066807,4.98836856830912,Inf,38.25429210822337
5.290748269879792,-18.288579246948487,13.453542908841456,Inf,47.18581483449068
5.612533499844492,-18.439638999042796,2.4266700091753464,Inf,34.80583203188663
7.101005608713599,-16.58994428628862,5.965759608880276,Inf,37.137967756998236
0.522338338922836,-16.447890988361664,0.7776912324322254,Inf,30.065877414037033
3.540723355496212,-17.870637955032038,10.350754592806844,Inf,37.892720358729896
1.4631430188102428,-16.099576545735445,8.926299538926354,Inf,33.538062274602574
2.7763565756478847,-16.90358512290637,9.169680747836473,Inf,34.65366159311736
6.5146482960631324,-18.132254486595023,16.211909341257467,Inf,53.80642505455757
-4.6754741504644315,-16.804876162082447,19.332186119294363,Inf,42.18905435460202
-3.5163009359117936,-16.167417178031744,19.078620018312094,Inf,37.461965452608595
-1.0190367031979264,-17.704952740629444,19.854041237843497,Inf,39.730278256577016
4.140926021531186,-16.432459487172302,19.850315364373152,Inf,41.10850195524708
5.513081984221042,-17.73788846928909,19.459013699656573,Inf,42.388894766005464
5.792921736571781,-8.996760252411322,12.592484787470106,Inf,31.56630238090942
-5.950490966406887,-14.584415055774338,7.344427048321222,Inf,28.072554173069552
-8.225370727696983,-11.594378247501176,3.4751750501620933,24.909704326284537,24.051765862177934
-8.201901622187275,-13.438867412070152,9.96457034974722,Inf,28.742868178813406
-7.678551805255305,-8.803582647276622,3.9786647649135247,21.163677756002244,21.163677756002244
-8.127069860130183,-10.359533025516265,11.064982379505643,Inf,27.508910694229268
-7.528698832017868,-8.50134015749247,10.41250019652339,Inf,25.47752727388193
-2.884273011751361,-12.21289864909977,10.608557745715395,Inf,29.32784704742604
4.688756748936118,-13.32359886832207,5.7284719603774725,Inf,31.161514722630887
-3.3226983441224966,-12.991614537024665,4.704406759583179,27.859584503933945,27.24970864051444
-1.1569540710642379,-14.852368070192057,0.5229415515574871,Inf,27.750342780355812
8.16131686130701,-14.707905454470742,7.133605310037421,Inf,37.06417114207693
8.080919803780525,-14.506238556718651,11.265891718212153,Inf,36.74614400635597
-4.967007863444177,-7.46352514518704,5.005229361645142,21.850913498857764,21.850913498857764
3.2807311662968885,-10.666291127138301,2.3414601463434614,Inf,27.872011643647664
-0.6967383217215257,-7.337340493558413,3.678511356336056,22.8524121860372,22.8524121860372
-0.8116172758090983,-9.060637689558417,2.226817841550872,24.638918902554117,24.638918902554117
-5.425528148618657,-12.060922253412345,2.401963694853599,24.450690207868497,24.450690207868497
0.541761490987902,-10.508168003443448,8.825342711388558,Inf,27.870347948028353
-5.151902828300328,-8.670798068058279,5.802582737483959,23.309497217500194,23.309497217500194
-4.779681069970323,-11.345320948529478,11.549970107131784,Inf,28.798558380194542
-3.348072655344609,-10.044225372007567,11.380860870187412,Inf,27.73955976226721
0.5029530749354834,-11.33122586464717,9.264019608973896,Inf,28.683758516723383
1.247039041397457,-11.733589702539584,7.947250116706918,Inf,29.163804701360302
3.1630816234143495,-11.48411517682022,9.996260070156737,Inf,30.902647336768023
4.5638548089828745,-13.389893207002457,18.694393748191033,Inf,62.60181373409355
-0.230149722014783,-14.430772796522522,14.956033136820963,Inf,46.010881965876735
-4.6087788259657,-14.950744595673635,16.5847863773541,Inf,35.13629413107531
1.7035404497204176,-12.987141314349984,19.866214327932383,Inf,51.481997836165846
-6.646796299059554,-13.328581355450133,18.031816533048485,Inf,42.262750074860804
-8.627401687530032,-11.86471724369051,16.94260316717881,Inf,33.25702454114936
-6.915585175206571,-11.754347803858698,18.635603399517194,Inf,33.90029604900729
-4.030746816568307,-12.055381567285899,15.513729243566402,Inf,31.99552806944638
-6.317007598934641,-12.787346947857703,12.621891016606874,Inf,30.25699828113238
-6.36119438642142,-14.265424932875383,14.585504433726662,Inf,33.23584453563848
-1.5787822518601224,-13.577017452656328,14.61685325386906,Inf,32.84667784629489
3.5167813323014663,-10.419718426723241,19.435185460997957,Inf,37.020924813904486
-4.104563209727736,-11.23497042052331,17.784176140580257,Inf,33.38871056589916
-5.900535205285475,-9.238293860982436,16.623432273337983,Inf,29.96490004005603
-2.8056435383377902,-7.326185329148709,14.333350863126519,Inf,27.9969595781965
-3.213482226120341,-11.186368378853961,16.43412084561912,Inf,32.02971315211203
7.889180954734343,-13.993940296164942,15.431980295141663,Inf,37.9624453392198
7.367368537905151,-13.998381547597427,18.950198451645505,Inf,40.17852589814459
7.694316580967133,-9.725285713263174,19.240562387860294,Inf,37.034719194307094
10.563366473872158,-17.572046391574673,17.939039405945074,87.37062129621387,87.37062129621387
13.159644183391535,-17.60874862837637,14.139045017513922,Inf,88.45809240021188
13.3405096185379,-18.124136285746253,5.00547344872701,Inf,42.65547490965894
11.167134276589987,-19.644761199432168,3.7488521832059973,Inf,40.48181493015577
18.36842595768872,-18.953844109806354,6.315135153596376,Inf,47.91699290050604
16.853354951792156,-18.820443357373158,15.227427139030638,Inf,47.30478435727479
16.844092248242397,-18.60109454430188,19.62742634699857,Inf,48.298969139954636
10.81108032388623,-11.186859663551063,0.9556075320755397,65.777513162347,31.276114991034817
13.257003848353847,-10.660186991579401,0.6366356098452641,Inf,32.83957801914413
12.486191528797612,-12.832704759458453,14.941162691531261,Inf,83.5685600832332
9.427170927641122,-15.816245161637141,10.749897204871395,Inf,56.75464760761747
10.816830598415095,-16.617603199779953,9.820307534057466,Inf,41.14186510505695
10.677818620961254,-16.109246868320113,4.814356736887817,Inf,37.21104757616583
8.604746690147476,-16.85682321323954,9.924982671641239,Inf,37.90164481343311
8.759485732327718,-8.138921688168148,10.727281918578022,Inf,32.2263416001461
10.74105491232352,-10.857695865483752,9.69988464834988,Inf,34.68485452739655
10.312960422664261,-12.729537444414207,2.2525589513900997,Inf,32.95448027507873
10.940598197622393,-8.997705863122043,6.923907122330135,Inf,32.18511449397475
10.9342102008996,-8.331810332595584,10.690504648775459,Inf,33.52934989563355
8.959497217388616,-15.143290614878122,13.061403202568293,Inf,38.33115064979769
12.180946106507193,-10.58079997893369,17.964953035576265,Inf,39.96310878915283
12.475091274403113,-13.661184993942417,16.980294165200505,Inf,41.1927616659885
11.854996226134709,-8.672033117539533,11.054441083107953,Inf,34.38985549188228
10.501282512317509,-7.097347835281811,11.231438845717232,Inf,32.693655173243435
9.998408992717927,-7.090770868544922,14.850702552655648,Inf,34.824331690316015
16.651206812907596,-8.184522792049735,11.625378532221653,Inf,37.876000400475874
18.312580007801948,-9.01940152026083,18.931475189602118,Inf,61.024482352127364
16.048178854393527,-16.859117976697373,17.24563352060406,Inf,66.08845283153542
14.264163087309257,-9.813143715162251,7.597143815411627,Inf,35.316874086381624
12.576762759317162,-15.338864190477102,16.35859294408388,Inf,42.132018750312064
12.709402078403812,-14.81870192708386,8.327531188615723,Inf,38.66972441382796
13.628347087795525,-15.262832055930025,1.1941394846228377,Inf,36.236703711625296
15.90440241003602,-12.648868057338163,4.044189995491472,Inf,36.87621019663998
15.53672872714504,-10.63627049723217,18.46340990713376,Inf,41.96472993284168
14.228641879117546,-14.799444222099076,18.369272853017577,Inf,43.70270899391954
13.043652972596334,-9.569406541589682,10.74549790429191,Inf,35.3557221599401
14.065199025221432,-8.29268599658767,18.375102470520694,Inf,40.14647303601372
13.93633576733383,-8.657497396606484,14.261002229693446,Inf,36.832488295372805
18.03717043195676,-8.253631283290064,10.207703312786336,Inf,41.67516573933043
18.872578376873825,-12.450941440204,8.503742395682607,Inf,43.765819633251446
16.635791859716647,-9.244696491316144,8.312808035193989,Inf,37.11921864207729
19.279217678338263,-12.770019822119432,7.7833636283964225,Inf,41.14169740401483
17.935035930733946,-10.940162536827058,2.0879727843003053,Inf,36.93885657798018
17.162787358267693,-8.949021246261681,6.453264081986756,Inf,36.355249876167065
17.49132216908278,-11.139601794898226,15.28731593287256,Inf,41.72972790553689
18.73323256170947,-11.671707179099187,11.79183472118952,Inf,41.510866724101135
19.86091227254518,-8.6371129862109,17.189062840640055,Inf,42.82711168428576
16.08406328905253,-14.833703054374228,19.25071878850077,Inf,67.25940862039846
18.584977544750956,-15.665200275999114,19.480937253759485,Inf,47.93275452016837
16.74254663627429,-7.350634625961803,15.077672249016928,Inf,42.56063544702151
16.105558516979485,-7.8013920388129065,9.999641911640431,Inf,36.58735154804339
13.86989315495714,-7.973920482473771,1.7611852235152696,Inf,31.579161394540122
16.817772351011406,-6.900502197505345,5.036923870242713,Inf,34.1460604208883
6.334412074616651,4.104515091745313,-2.917464886455896,16.903179706262847,16.903179706262847
9.637358480975013,-3.8289891193733006,-12.246359604022157,23.679863374932737,23.679863374932737
-8.834150502934826,1.482589980897167,-19.808998601039356,16.08458782379138,16.08458782379138
-4.096963037863084,-2.6555981886572795,-5.454536816126279,15.240645494417194,15.148759457476952
5.62492768580433,-2.5312189176059547,-15.750433154986583,21.78469197927774,21.78469197927774
-6.03021697173582,-6.626280816684451,-6.581340638711772,16.456933583206975,16.456933583206975
3.886707411494072,-0.3349820539958799,-15.636702598572398,20.729839759289696,19.40890312452671
-2.0832727539345974,-4.424412235537005,-16.58783043040077,18.983098283856236,18.639892338338548
-7.126980373040208,0.1317534899585553,-19.732018356544714,17.057567502208286,17.057567502208286
-7.888002978871498,-5.779375428489368,-15.89268392884808,18.572144687310328,18.32033723906763
-8.973499963709886,-3.2537684446343107,-19.89160235984624,19.004910825681762,19.004910825681762
-4.864975231848465,-1.4353341326153384,-16.861817972384472,15.664019029652012,15.664019029652012
-7.849129542616424,1.4553925879763518,-16.745430632635994,13.799722748103498,13.442792364860178
5.084856952254391,-0.8044656269461292,-19.82047298383062,23.165038402214293,22.54533672096415
1.2346855024788255,-0.8100910503816117,-19.341486390380762,20.05411219322212,19.825118181135785
4.238484989087617,-5.739568436624811,-7.611010750605924,21.593286498818856,21.5322935026065
-4.369542177002863,-4.0632995227703095,-11.404623156530338,15.89271248031016,15.89271248031016
-1.1065785750933372,-6.590902210463714,-12.184639318559158,19.72623819772063,19.72623819772063
-3.5872494753829542,-4.491318892677505,-7.870724570319014,16.756530735463684,16.41197502719928
-4.068498597400705,-6.534348200863187,-9.109441471943134,18.086061763916344,18.086061763916344
4.151542524458456,-1.053086235196652,-11.368985194925534,17.469420606104613,17.469420606104613
-6.218509424227294,0.10800672775179265,-11.957578992440903,11.2966015293625,11.230560559527483
-7.522939704754448,-1.6933682095597717,-14.961572506280865,15.208388950597712,14.072947787244136
-0.8851428615701735,-4.019919555604945,-14.931781287963775,18.667520982672915,18.339013229009765
0.032881424782846835,1.0603483416267778,-14.887567397727333,15.242354769119753,15.242354769119753
0.8755392311257282,-2.7251636035110565,-13.681017270001403,17.453034225729056,17.453034225729056
2.7354877332608574,-3.883191910814901,-14.169319792486705,19.697778608632646,19.697778608632646
-4.6386639294723775,-2.294407327088255,-7.232731297369526,14.730505479873713,13.066447278246416
4.263025781057337,-1.1191209375691358,-5.597848081994705,17.57484265526878,17.57484265526878
5.653683232261493,-5.226043836906307,-6.10594142962638,21.940492973101996,21.940492973101996
7.634241705967916,-6.223311243820806,-6.7065088855889154,23.791512525241803,23.791512525241803
8.755433323201096,0.5045694270319956,-6.870120887882827,20.593943409011732,20.593943409011732
9.581167603680374,-0.43416001068772303,-8.32372387626707,22.411299605981185,21.928444867061245
6.63560846133322,-3.4488622355979004,-17.062878507169543,23.67838089025166,23.52854585862589
6.0519764589913905,-1.8136176208801942,-8.215653304601922,19.333233447368293,19.333233447368293
6.957002851670417,-0.2854909162763448,-6.563938177155499,20.012607589307542,19.984784619509604
2.096477916085,-5.05152226657513,-4.582964813992145,19.220148969655426,19.220148969655426
1.2456627914320606,-4.981697667781173,-4.368219669791369,18.84561095879061,18.84561095879061
0.2903229703851835,-2.2659993130539675,-5.258319127853737,15.832312305688191,15.832312305688191
-2.9705992776328856,13.81467314638612,-4.864059222322874,7.799045584416238,7.799045584416238
-1.1808519184382504,15.523946531571,-10.52173725861401,12.652949660582873,11.932778800416827
-1.2649707159805246,9.52113381236055,-7.882102073490991,7.977754489207058,7.977754489207058
-5.115143614722761,6.514169804963046,-12.321096976061625,7.8248148779100335,7.8248148779100335
-1.3702534923714182,2.789988394836371,-17.950061241692374,15.543556220108623,15.543556220108623
-3.5859897862364853,2.887151402491046,-14.960511488738417,12.564021867773807,12.564021867773807
-2.5616517213154637,1.869438491643713,-15.056806506070295,13.789540894686176,13.587520841042172
-6.208465372705705,8.153009799139479,-14.039449962141806,8.552357199598173,8.552357199598173
-3.298321045917028,3.9471552347948418,-14.27100918388521,11.525161573585612,11.525161573585612
-1.6579889489714716,7.4063379230568245,-6.529368979312435,7.531607836655475,7.531607836655475
-7.513420154577126,9.08845361275106,-8.379490214534231,2.8070834258159074,2.8070834258159074
-6.35673245639941,8.911488394964326,-7.146204338584825,2.882443754363468,2.882443754363468
-2.281613915595191,6.6392807926293855,-10.798732992179856,8.587056834877021,8.587056834877021
-3.2223692410160787,3.6311709174585687,-8.455105647016321,8.260320008493085,8.260320008493085
-6.780366456317317,2.5893598075139224,-11.861469273356597,8.965483968434878,8.965483968434878
-4.013903018181457,6.0489123067288375,-11.461234818457706,7.962108227587168,7.962108227587168
-8.973760663340604,5.126060942486667,-9.399178008255715,5.153882367296028,5.153882367296028
-8.989981794563757,5.98775262907828,-8.097992669508756,3.6708728974696814,3.6708728974696814
-6.0686419993770535,7.866699888789334,-8.283892573516036,3.885021770498586,3.885021770498586
-8.45249051252062,7.242094368006153,-6.1828351344982835,1.8502506684994395,1.8502506684994395
-3.7581094111213815,16.934134622074176,-9.77901693115216,11.61706323910123,11.61706323910123
-2.3328627820494603,10.035824020388368,-11.165372595503662,8.497336296426958,8.497336296426958
-6.316541587603579,9.75495179235206,-14.983515078528935,9.40608549961106,9.40608549961106
-8.813819080237097,17.853863009525824,-16.41776845578707,14.538586311107156,14.538586311107156
-3.834628490512788,10.273452675636491,-18.303984404345115,13.583914161866574,13.583914161866574
-5.043659387912243,14.108828254404713,-18.070329682666948,13.75364928410773,13.75364928410773
-6.112031756505409,11.697929378366005,-13.474428448426474,8.454955005009229,8.454955005009229
-7.3979833692951225,17.177499191409957,-11.954927791232226,11.65184107596559,11.65184107596559
-8.16321059382135,19.729568052169107,-10.028069997931874,12.817340268871654,12.817340268871654
-5.43378321780982,14.223494716005888,-12.856356208232551,9.328044791910326,9.328044791910326
-2.0480679322007873,12.18560529192186,-11.04933171831803,9.163688741594626,9.163688741594626
-2.3371401884940752,19.661883951385796,-6.920843370624725,12.868716337501557,12.868716337501557
-5.029867469127343,19.746286811877958,-7.176248695476559,12.205473840484597,11.554779605483484
-5.734851112950032,18.806621995951986,-5.401732772699415,10.777284378593768,10.777284378593768
-5.807078177910734,16.404623643114256,-6.856511049489322,8.109057419702845,8.109057419702845
9.096474687999738,12.048696566547079,-16.579054684337258,22.20347072730482,21.36960873518325
5.54613959307126,7.349529625639466,-10.217264089297933,15.498397415574694,15.498397415574694
3.6803196510592855,7.607660719032392,-18.613497787121773,18.37300887412595,18.37300887412595
0.6715486157342028,10.241163178980113,-11.65450540746713,12.278867871238939,11.337592977638263
2.1645102067339472,7.124662163938904,-19.047147448042992,17.754860982146305,17.754860982146305
0.8797497969290724,8.673702808004897,-11.399659598916081,11.99464157046354,11.279770652832013
-1.071651369837305,9.465580177495703,-16.445228455361203,13.955606184177398,13.587275988236609
0.4349963250015598,3.789503335677473,-13.28170102629695,14.08186057541782,13.044657817728949
1.9633220585727145,5.6312096563472025,-16.785115550812975,16.239787055391737,15.977431126551277
3.1187574032661374,3.6048303477013803,-18.628716920712076,19.213019294785184,18.57107146854902
1.8171888856568508,11.852306574466489,-15.55082380099523,14.802470711302629,14.802470711302629
2.0438881490151033,11.157457395893992,-13.863972771392863,13.7600782671996,13.7600782671996
7.731136942918706,5.341977263779498,-11.811436609566268,18.866759915192066,18.866759915192066
9.259634657342541,4.63827274919467,-10.295405482003348,20.09699127888664,20.09699127888664
4.233324512047176,10.19753645064182,-10.464703155903221,14.08992262289766,14.08537649504827
4.332521549166906,8.21933419349137,-18.607331893155113,19.267184345440338,19.267184345440338
9.346219848457366,11.34195409850858,-15.849436382799622,21.24662936727482,21.24662936727482
5.576916099430058,10.495185625566144,-15.73246439371573,17.642495810153704,17.642495810153704
5.593603694031415,10.481828961435369,-15.940781621711384,17.761909819879534,17.761909819879534
4.948234453102145,7.686228640502371,-14.267161988527608,16.354240337777263,16.354240337777263
7.241388139815179,9.454070784942843,-7.338398708987972,16.501735471224343,16.501735471224343
2.8401267842423366,11.60939290429318,-5.601102879654256,13.117366229762867,12.590597397153832
6.170688811573033,2.1743673713953555,-5.117906378655466,17.052843996154422,17.052843996154422
1.1174326584385774,9.96514276888518,-9.855324781458465,10.90196152524842,10.90196152524842
1.4468092360407958,1.5906161319701972,-9.505288582743283,13.463009282482332,13.463009282482332
-0.7713604422133358,12.026543484228604,-8.70597063572851,9.175660821724128,9.175660821724128
9.182720595343188,4.399615628068094,-8.483745790033561,20.49157272523858,20.49157272523858
0.039575702736634355,15.891284426998872,-11.976929181526899,13.516934754903705,13.516934754903705
5.117425814419995,17.202198003430702,-13.5482398086004,18.260668719021414,18.260668719021414
1.2352947463471864,12.513182715225696,-14.975185362938843,14.275201609261092,14.275201609261092
4.899480304435258,12.075178701789582,-14.662864177300703,16.78577411075105,16.78577411075105
1.9636380431704836,17.468295068970285,-19.716338588903728,21.17173380365683,21.17173380365683
0.7450307773410643,18.40110973306726,-14.95622978026776,17.018480166298982,17.018480166298982
-0.18748175019269553,16.07324911450874,-6.573000125149928,11.76986257650756,11.76986257650756
5.888597161092058,17.35054725160449,-10.06096461383918,18.68441076165168,17.80908772380502
3.148607690684173,12.699895188216068,-5.000841210138658,13.873044188552939,13.873044188552939
5.749608394553924,12.09520302119288,-6.923987793725717,15.510890314538702,15.510890314538702
1.7753485188965534,17.02326754829872,-9.11083969028601,14.798551257824858,14.798551257824858
3.7902897747992803,8.736633841839001,-3.7660988991061544,14.54377162023357,13.783734660351936
-7.972612744716647,17.80548742383276,-3.3585549706584032,9.250371083725721,9.250371083725721
-8.704471783488241,11.115917444287629,-4.695936827098581,2.50300305966913,2.50300305966913
7.612589608043734,19.315826608927857,-4.304674747507233,20.516331693800062,20.516331693800062
3.7976467154193827,10.843444005037568,-4.6287498037309405,14.139158590020816,14.139158590020816
15.390686422041327,18.35627525542244,-11.63966632197682,64.31617734265859,28.369114589027497
15.08588911999955,2.2147994914506057,-10.035043686503426,27.053773547960187,26.412547624861816
19.364985978665942,-1.959158952937365,-11.015861277626078,35.72803115762838,32.4206366202967
10.752046925349134,17.256726474880892,-14.468863900310609,23.970263900482554,23.970263900482554
10.361838864117718,-3.802711824686085,-12.257636924718227,24.319086539974958,24.319086539974958
16.666379595794666,-0.07340894439044732,-16.131141563121744,Inf,30.725545690815892
12.257511955282148,-4.245851953192048,-18.205297739535506,Inf,29.061882417003027
12.164577680305648,-6.420427521945138,-16.238627092930813,Inf,29.068795512080733
14.751685808801085,-5.479370000576598,-12.584504158544005,Inf,29.029583437869626
14.522031294786814,11.607296266398777,-18.971018902950973,28.149308897113194,27.220601637766148
14.975846738852212,10.678106411507756,-19.465159186772887,28.810187796365632,27.970232870736737
14.111645605802579,-2.349439231212056,-15.281102416489691,Inf,28.784088857847856
12.931439176917259,16.889692841450987,-14.139154410962247,26.103222153511627,26.103222153511627
13.72708297044099,2.459669291047824,-12.262532772510166,25.24630450489756,25.24630450489756
12.114277489745824,-2.464659528431845,-15.888484121745732,Inf,26.733521093421977
10.745727451272149,4.55117841386075,-17.88990992614294,23.875129088908476,23.875129088908476
12.789531095077123,6.106211955941703,-12.456757778059577,23.18135851537968,23.18135851537968
13.05647976017972,-2.67047372001705,-15.375649011404144,Inf,27.3672589754895
15.261411805454024,8.407779251003554,-15.541963064466024,27.812206184714075,27.551229998182322
16.169660462054082,14.803244899366817,-17.95904955807435,Inf,29.08465114359977
18.419010629236126,-6.844322042662991,-16.236111644724033,Inf,33.80579675313358
18.90421678191315,8.126939646304791,-12.282876355312702,Inf,29.623637320008832
18.906998634359056,10.318910754132709,-19.162736425096583,Inf,31.79494655323
17.89305442857831,12.807326318673653,-12.587622930444873,Inf,28.850693928132287
18.212713142892966,-2.262777913849181,-18.36091720504683,Inf,34.16889820482902
18.202911243230773,6.2792451689278295,-13.579328187815971,Inf,28.71261419976826
18.1631784308875,13.933684429351025,-12.974346541088941,Inf,29.45820672335486
17.10560483175189,15.27495563473039,-12.807452484590591,Inf,28.673528620814785
18.383332131047673,-3.85578524467207,-11.029208226336173,Inf,32.028283998307785
16.882619289065573,-0.7772528934735767,-10.936927353584407,Inf,29.469790380201026
18.376697301666418,-5.403464015570645,-10.491932885459896,Inf,32.51783085869741
16.465671057525356,-2.927367909672114,-10.625056453123474,Inf,29.83112376353391
9.869707664395424,-2.123909775214887,-11.819607572389863,23.304412992433765,22.95505822016522
14.17810741155391,11.582305800107218,-10.999081680609022,24.62873112480996,24.62873112480996
13.007633698031185,17.027538381853766,-11.804826005416604,Inf,26.0210359052205
17.53971590683919,8.111834241916121,-11.78644697521964,Inf,28.38098283568362
17.298546843935156,17.047691564969256,-10.085735918105376,Inf,28.87250254740517
12.21166299769596,17.923275547044632,-14.34443734017191,25.43577042880645,25.43577042880645
19.472870391548867,6.688676015281992,-19.41660115210727,Inf,32.84809055487794
19.97607997400705,-2.954592641361451,-12.692773333139975,Inf,33.52575513663182
19.963594563766065,2.226709500071955,-11.144554796973143,Inf,31.414863803264637
19.63446722952167,15.26631012678844,-15.549713810635923,Inf,32.63198066015323
13.34667864390827,-5.057399966405507,-5.010964747099198,35.3998378969983,27.492867816082317
10.346915274894606,12.451481958169985,-9.150098948513898,20.737060848372252,20.48645814255127
10.321954587463075,6.516381709102941,-6.806558655267043,21.425914253949315,20.791579359692193
12.569063295343412,9.924277242371424,-7.475996772589024,21.851889665502025,21.851889665502025
12.2066154957027,3.228476348227538,-8.52127193692505,23.512223514618277,23.512223514618277
10.855293760939382,1.180229914338831,-8.772665343909356,23.077053148338152,22.908893820891507
9.786761132501283,-2.745012707006545,-7.640644579713323,23.658938713688947,23.045773618657844
10.319876955144682,10.961775728310226,-7.5266424208494165,19.93476667956176,19.93476667956176
11.507568155669567,4.974394880171289,-5.82563048364749,22.612805843679308,22.612805843679308
11.05374769954264,1.81356949713658,-5.877303690906528,22.007753025319616,22.007753025319616
17.05312364982248,-4.946757932160919,-3.9079459383539827,36.44822090650909,31.25831564073102
15.974352283668559,-6.496063822875984,-9.17440854808075,Inf,30.913104472932897
18.781023396064697,-6.300108813611844,-9.885397651878112,Inf,32.97458766830619
14.811691898719019,-5.263377951293213,-5.198191926222044,Inf,29.122884219306005
18.809229795100542,5.112447372359856,-5.956787556362189,Inf,29.87693678594283
16.683378256102934,0.5685503162149175,-7.2193447435048075,Inf,27.92754078765361
15.761465502406146,14.74614370981567,-9.633268378564015,26.63759297851491,26.63759297851491
15.539590605568002,-2.24447420539893,-8.138390582550068,Inf,28.022976922417918
15.870224190498874,-0.41753848039857644,-8.82166311744756,Inf,28.028931583320038
16.04899923767188,4.198549553112862,-9.610490797515938,Inf,26.934968759021352
13.878158119167281,13.263190564482173,-8.090055291390774,23.80529981346638,23.80529981346638
17.28204066563282,9.49905171680956,-7.6385514905335405,28.42455616434405,26.58680217544088
18.863032310372468,-4.922613597828125,-9.09941375191278,Inf,32.398049596393356
16.935195051373384,7.327372081559176,-6.89965388932074,Inf,26.43577980524723
16.68479066774178,17.769938740480278,-9.634371322844082,Inf,28.91910887825069
16.489780471476138,2.371579487329967,-5.0368591043173705,Inf,27.53660232239922
15.086228308908503,-4.1679663307132575,-3.345117145186407,Inf,29.215846154026305
14.07884834096491,1.717936231125492,-3.8899595523129165,25.065152360995764,25.065152360995764
18.008623363809455,7.315460997019578,-5.635003517291004,Inf,28.159344945289178
19.961934536278214,5.062501488240301,-4.607583322951125,Inf,30.785501193602414
19.041089445232593,5.773111603726619,-5.462010093435072,Inf,29.421970776181354
17.141770221402027,-2.400843857248258,-3.9986971874985855,Inf,29.646762158900422
18.005402316382337,2.502656172232225,-3.3391448656880307,Inf,29.107058882284775
18.255205159304893,18.65461338968275,-12.990510321247184,Inf,31.43107259483527
12.71423057370388,19.014719684501237,-15.230299674737244,Inf,26.24978649186075
10.647342988952254,19.43744349392489,-13.008348110315362,23.783020034744606,23.783020034744606
17.380363363321266,19.369511517229412,-5.079801724273656,Inf,30.314959558648226
13.573662601599004,19.98296956696204,-11.095233308346408,Inf,25.998079713281157
17.45721744519068,18.941090539488663,-5.789008888411011,Inf,30.479281669360503
4.080217173895349,8.788437773877227,1.5071815296248658,17.340739549011353,16.740016359888735
-0.586757025460038,12.990023356489353,16.61454778502339,26.196657073698933,25.622178543505935
-6.705956194417215,-4.179215241998513,12.221752307538942,24.03502222928792,23.739653832938878
4.014774001166881,-4.194934967552628,1.384989044997475,21.5159326633123,21.5159326633123
-5.974012211386857,12.806921368631528,3.6835143342995806,11.899216112898873,11.476859839966192
-4.8099598471137295,2.8683429426116724,2.9688372220790455,12.75267514618514,11.995074412709052
1.087526916229109,12.060395199235785,2.6882672257251095,13.759218625488257,13.759218625488257
-5.895585651021884,7.023632940156908,1.242625534210859,8.123979310299674,8.123979310299674
-6.005148439253372,7.007302552018597,-2.643091997643012,4.920244945771145,4.920244945771145
-6.660618271528369,-5.888148238299582,-2.3644628118263,16.554652701818945,16.554652701818945
-0.885960446908225,1.400701332192071,2.3620520415039366,14.013733263888636,14.013733263888636
-1.6935507646229553,8.681086197235057,2.088430950879065,11.53679507489913,11.53679507489913
-2.39665529419441,11.615024447721424,0.4511094029610163,9.594755165966639,9.594755165966639
-5.930392689496378,11.614635502422903,-2.550453728683621,5.3064279255616285,5.3064279255616285
-4.700082964489063,10.636041106336247,1.2757571660546674,8.6082843443566,8.6082843443566
2.296334301769214,-2.479437233814714,-2.9116702169160824,18.186310998779597,18.186310998779597
2.195676473242763,9.886363094374524,-1.4804394380994452,13.682874435633527,13.682874435633527
3.311428309907278,10.019842338687965,2.909652059605481,16.01123834500914,16.01123834500914
2.3630851095283063,2.807087676432669,8.610954404161298,20.25543974144467,20.25543974144467
-7.186463749209926,3.1484111839852957,3.734432868001882,12.908622840660332,12.46738823735761
-1.2086029280633603,1.4591310109765665,8.357932396441399,19.385773722641723,19.104780873187625
0.481327437173384,2.3111930455766867,4.151459727155526,16.569891141266858,16.442817697078926
-2.638293389614226,-3.5838966988516745,7.40146844288401,20.11885131345875,20.11885131345875
-0.7860355314538765,2.1251087609494945,6.08845937668071,16.702157857490402,16.702157857490402
-8.091162137563392,0.0804112785518285,6.428099971887022,16.649127715156542,16.138204386089907
1.6998458110543808,0.8640599245693465,4.644454514717982,17.50425457936967,17.50425457936967
-5.185086043731673,-4.2794152713089595,10.074435450184367,22.43602662542422,22.43602662542422
-7.993026281714357,-1.8410083980260872,10.266210665658804,20.726260562449127,20.726260562449127
-7.713157472151453,-4.35260424254122,9.614794203584012,22.01313536075157,21.603719949654593
-6.984529760653082,-3.6258617650641085,8.875643166165048,20.33667724056762,20.33667724056762
-4.468109903962407,-2.125340692807171,11.3966843345628,21.797234612669225,21.797234612669225
-1.5130723895344715,-5.276266989899581,9.95385394417708,23.381505332544002,23.381505332544002
0.9791756580567501,-4.805697637430857,9.455020661745106,24.454281691167505,23.62145540328809
-0.09454869580098446,6.497621127939787,3.0429472508801396,13.137665880413362,13.137665880413362
-4.313486493476599,12.801495353542137,11.35194564654709,19.745375293806383,19.313527832490948
-6.8603333326581595,6.831704935872473,10.924202180648777,17.855397542443605,17.855397542443605
-7.394886100282676,5.108134958041983,10.02723332464523,17.239151738092808,17.239151738092808
-5.939948867838485,9.651639805703212,9.616850068365252,16.90099615708755,16.90099615708755
-4.947318100532385,9.038919270761738,4.425629870104757,12.008835413677687,12.008835413677687
-6.771031136914436,8.19247270942741,5.417969506530554,12.547336462077538,12.547336462077538
-7.799946580534787,7.152049866562908,8.79443381707408,15.913259751904299,15.913259751904299
2.0655808221827883,8.00786036075273,6.349619678555641,17.25886049629252,17.25886049629252
0.7988882556883254,8.76223807844444,7.363532234415146,17.36000808608364,17.023201310710284
-0.21032716912412752,8.239752266323777,7.926286584774289,16.98244617879817,16.98244617879817
-3.0865109499492576,8.926665191812813,9.551131115191787,17.09859336418745,17.09859336418745
3.05028149601112,8.512339467579977,6.229030743768853,17.83576218234467,17.83576218234467
3.2426331066462737,-0.036256186908296684,6.698725451470764,22.090395188353266,20.171400671833318
1.740580783014618,12.928545701994864,3.482067269546654,14.888975224956006,14.888975224956006
-8.60285342757198,12.930169374121228,6.399185691982137,13.202599319533062,13.202599319533062
-1.1138350966298738,2.6838033370277685,18.870099017338198,28.68443587710052,28.31280189929925
-1.4910540693067809,3.650353825313026,16.13559520840829,25.986127644119186,25.68579964382821
-1.6311748401309671,-1.8853903369441483,17.959601926111347,Inf,28.95109119797568
-5.157207443876821,-2.72066626553422,13.375051929113809,23.975124944212215,23.975124944212215
-7.244890208648798,2.650337615347979,16.742924785469583,25.030998521586362,24.39203775299965
-8.8115819738199,0.3603839902875805,16.875238721147703,25.691568218628845,25.691568218628845
-1.4902393902193545,-0.2333621803503938,14.54021751082395,25.801730512943536,25.505026924658935
-4.919773963430085,-0.634629684537078,17.922398589470383,Inf,28.506270778132674
-2.0071075405925924,-1.6167060303561875,13.397223735275936,25.003376517025153,25.003376517025153
-7.165346571908904,-0.246965878838175,19.875044885346888,Inf,28.659457470771095
-6.314000495341148,-0.9469042961836038,19.286069981972318,Inf,28.89473611275198
-1.6104508366703314,-4.12404188480906,18.11073989394704,Inf,29.362917916527827
-8.108148862711202,5.771380798205115,13.70122177752917,21.079241322067446,21.019902857891417
-4.738207593646733,12.300017077036998,12.250434799546078,20.123324099218237,20.123324099218237
-4.558387201300045,5.0328865001786305,13.599001406456644,21.592117340965345,21.592117340965345
-8.650406621228095,6.898678960936941,17.46949623859811,24.641392105034395,24.633591575520427
-2.689481741739705,4.764992985923541,16.80808454933412,25.357888662468667,25.315394012078407
-8.018140650653383,4.429603434502745,17.400627106367146,24.66988434822821,24.66988434822821
-6.844963042046626,4.063719931385037,16.85619055212033,24.16936637636852,24.16936637636852
-7.148283740606374,4.427657520168697,17.709085915055987,24.955026379898037,24.955026379898037
-2.83475193529215,5.901789141502334,14.335611490478975,23.2133600703673,22.76467756606014
-4.553202644666614,6.591732051594494,15.75714754420801,23.216162402406194,23.216162402406194
-2.173780410216537,8.742980600851944,14.859918126894257,22.488401951024102,22.488401951024102
1.8591640279900545,-1.550197792023738,14.551658020581627,26.924307469223464,26.300631186814012
0.7313578747052496,-1.572503542959982,15.922440854152349,27.762888034365133,27.762888034365133
3.1299327763731384,-3.6083742593917734,12.233637441057404,Inf,25.974204491073717
3.4766075207031832,-2.3566334033312053,14.906459292305072,Inf,28.296130590948326
3.164900557817269,-6.388966361332216,14.085777979325087,Inf,29.404618367495342
-0.9369568260391077,-1.5915170394573863,19.06458349242824,Inf,30.255998544107225
2.938428914322504,1.6123502789950273,17.362365520386604,Inf,29.10674554724208
2.3603138373775963,5.150686177725284,16.07212796329499,26.916210079962067,26.065686583414653
2.269458829064561,1.6243460713680946,16.01594070613376,Inf,27.754870767672195
-0.7542449240526778,1.0563063713181897,13.528277747842985,24.591653085331995,24.218423325572555
1.8940545402696252,9.64383966573406,12.82268118561828,22.997287378527595,22.49375853532342
2.045916582646612,3.2590377738818503,12.806748570566512,24.31163862526787,24.08058299268089
-0.7479041647942779,5.918225760078162,17.312807329623965,Inf,25.745176918844805
3.4172566738614236,6.864909713774736,15.15055874912023,25.7917036473208,25.182425745036916
3.8712949382464856,3.6227287784732276,14.27676327381731,Inf,25.83146302208754
2.4431554138891514,2.8624092710230364,12.985384289807882,24.630952117944872,24.35322702859024
2.8888970764979334,9.972594785412568,13.456148666715265,23.913867652804466,23.554151343053654
-2.0587550843249787,13.387846352731984,16.35307407237743,25.262521907166775,24.73294748744241
2.3371025264644913,18.859516192247924,6.550314754905688,19.638942118050522,19.638942118050522
-2.3623060267992386,14.135881508491444,1.657843162889641,11.372537600077822,11.372537600077822
-5.616394744616917,13.433650253582826,8.652782157345218,16.25041287056487,16.25041287056487
1.4939842145669076,15.4711903720776,0.5288741342467596,14.99350770928957,14.221395562276026
-0.43421239271511425,16.331391440555734,-2.7938078148547163,11.928581913390083,11.928581913390083
-8.200949429170405,14.736699470985293,12.27150092354313,19.573082810811037,19.359641141189798
-4.30124856610731,17.186205198951455,5.301420280295417,15.836535235084913,15.07107973250943
-2.854230215911233,14.159913244686386,9.654015621193743,18.770206749828105,17.8829844450597
-1.0515586078359789,14.452250327136113,3.038800932557706,13.663573574155844,13.249654446189826
-6.504384119956335,14.707738171131354,6.9581959407973955,14.704043302321718,14.704043302321718
-4.2519354155133815,16.297302344841697,8.184425483753913,17.316775032317153,17.316775032317153
-0.2524191362703547,14.452225446380133,2.014170767899408,13.124809929274878,13.124809929274878
-5.076633644994359,17.120813679643526,11.880801277912994,20.960012523171173,20.36915125659182
-6.483028591165967,14.745988861668508,11.162918147678234,18.908993719505418,18.72383148797632
-7.552340623104623,14.271616128948821,15.335076064823426,22.299477537022014,22.299477537022014
-4.397742327835896,16.527972968891376,15.150806521964235,24.351957072387872,23.356792142657472
1.2820302629589904,19.158819820199795,8.329402798632366,20.48411288920033,20.48411288920033
-6.556026096580787,19.084346474608665,5.546024392261906,16.283811104044485,16.283811104044485
-4.456945517554134,19.91426024790283,6.650539183067423,18.118479887496573,18.118479887496573
2.0813639264055794,19.15480645772233,12.228245860632754,24.46405354638429,24.46405354638429
3.2303937572374686,17.385555660043096,6.180311736574762,19.483459372235743,19.265027382497355
2.386704627509566,18.963914985046586,4.325576339749048,18.651260685097064,18.651260685097064
2.6064857372736405,18.57134867248235,16.791649145933924,Inf,29.069502682055457
-4.905012773359827,16.76896210652857,19.715646999203393,27.96406610567638,27.838256033850143
-6.520504329040833,17.148392299315695,18.066883233613744,Inf,26.07128365047806
-8.197524754377374,18.34940445920745,19.69543125060732,Inf,27.829376807600767
5.752989393662887,7.371419146711176,8.523725942679459,21.19968546323633,21.19968546323633
9.892948705607942,-2.028342370918832,18.150277050214754,83.1231936259779,33.3582071303095
14.288796874431483,3.0193795630556224,8.162934021290297,40.52409606825648,29.104510117319116
11.0,-3.0,0.0,25.889471863878406,25.787218040670094
7.104094919736241,-3.4066885488910437,17.141090566311206,Inf,31.892368632311523
9.852047734031615,-6.623430460711264,3.940779104586003,Inf,28.335274114022617
5.403542530647467,-6.199371238469613,10.351581815428599,28.332068717137496,27.311432114839853
7.033713718462327,-3.7822291194494184,1.2488392752777067,23.54385653775448,23.54385653775448
9.137664249483795,-3.7607089602079213,1.1848591963415878,25.64888965025888,25.64888965025888
4.390315111176257,-4.6701193797809815,0.09042047695428934,22.45203396552784,22.37161923145358
7.424059444082136,-3.9551774447721577,0.9929911910246929,24.798251335474024,23.994524598973555
8.834984248430928,-5.516751114440739,6.893897423987401,28.357741401117607,27.337104798819965
9.418013977708064,-4.958354943323817,8.577761655169375,Inf,29.117237420581468
9.487738932848757,-3.2050115073106937,15.690519436082838,Inf,31.989620446162633
12.59361889651963,-5.526025601566245,2.2227854875899666,Inf,29.451643177817644
13.355302551885075,-5.993799310472037,15.737231626381678,Inf,36.75801302512227
13.78547992356345,-4.238504350950683,12.644776659733317,Inf,36.05280047834451
13.379746886815653,-3.7589516190843675,12.022451487560232,Inf,33.209636134294605
9.964900185680143,-5.139465172057758,17.717591093412466,Inf,35.28634483334674
8.545885976231329,-5.382398037789722,17.904855852703548,Inf,34.01425596491204
11.858966455294215,6.3288102906361665,11.235670746308728,27.96168470324411,27.96168470324411
11.585213034341358,-2.1912838397896373,4.525201218620687,47.4301425944367,27.861905235883548
11.102252584743042,5.504578714826884,7.141960556126925,25.141276042655335,25.141276042655335
4.192572767008748,1.2886111565571596,10.875113361120484,23.538610741052366,23.538610741052366
5.034405909320554,0.8522712819573357,0.9912207070450236,21.036129783958728,20.115429082224757
6.7366049845890075,-0.32841494407245264,5.992674801721218,23.60452691613321,22.632014326914327
7.645034216688789,1.5244927638500627,4.4587080041264855,22.445594108297914,22.445594108297914
10.255591157222,0.46833894602546877,-0.3700790288162352,22.82657375598352,22.82657375598352
10.775226416878894,-0.18663878991826266,1.241471183483334,24.348418647519196,24.348418647519196
10.5605625943301,0.7215612024889566,11.197779905582436,Inf,29.100761892850755
10.967106796575237,3.038022018000383,11.008565668439985,Inf,28.198692288878455
6.081063019468509,7.3544915005957705,2.7068066787322387,19.381494623865038,19.347294271208952
8.638783755344654,7.214253802451012,-0.3449336010060122,19.90990041558876,19.90990041558876
7.300586443755954,6.29982289694075,5.773905365389467,21.023430275556073,21.023430275556073
12.152699625154582,5.737575214321502,6.895801957759502,27.37504498089547,26.03519411134129
13.984788272701792,1.6912682839018522,-1.8270605468281857,24.998919187723033,24.998919187723033
14.089302832132162,0.1717212350771824,-2.5857087243995025,25.60463132832617,25.604280396790582
13.422407381057596,-2.8361450702342594,5.808201127980102,Inf,29.808632522685322
11.787706047219018,5.659217816212685,6.198270060338899,26.282946938866246,25.575869467852513
13.25970465015758,1.5303799684804353,6.488962678768768,Inf,28.416062496921526
12.75958544164564,5.638956585235178,-0.2184583245687861,24.039144946819427,24.039144946819427
12.845145664546145,-0.04155867948565373,9.482370937390954,Inf,29.843625296415897
11.968771135376272,6.2841816085993045,5.879483913643284,26.701167460267442,25.692834926561453
13.089288927909223,7.219548804872076,2.642995005925222,25.270380029223404,25.270380029223404
4.326051762788445,5.668950976723757,12.00549000525087,24.399292443041887,23.602691916694702
9.346158177131521,-1.158657630651554,16.149061031887975,Inf,31.307979514013923
5.993574132448671,3.1465436603546237,13.82834702633518,Inf,26.620725806067384
11.450841431210819,0.3524026763627397,13.92025058012618,Inf,31.465262682616306
17.805045139858386,5.607394268011198,5.216556500464922,45.791254929768925,30.879356555064426
15.275222003709473,0.06319370433821092,12.90317343115408,45.02672376324742,34.09749837103567
15.920264330676957,0.3354046902884704,2.1563118969781847,Inf,29.03051160128347
14.94681608888385,-0.4456850653884281,11.45182782039975,Inf,33.43351720094084
14.48980272767053,-5.716142186816091,-2.7156023722611806,Inf,30.019455042139278
15.28514402376505,0.07240443555122056,5.6228633943159,Inf,30.309123605277733
16.699139480567275,1.6845720612780042,7.014903010703584,Inf,31.8549819960676
19.567748951250422,-4.770561081991573,5.673237494232222,Inf,41.60465978734385
18.683234149790323,-4.022185322981349,3.439061651144904,Inf,33.408076884706524
16.63436494617885,-3.7628132778046464,-1.3207403845933925,Inf,30.45794374503857
19.167670032907303,-6.607080900998232,-2.0836369173936475,Inf,34.08921103441865
19.883186520987536,-4.101185164005425,8.941737131820709,Inf,38.402715984731714
17.99414184692843,-1.7195885507001734,8.108105902673106,Inf,35.3358553401575
17.93503556488848,-6.833728535614201,8.503323537183647,Inf,37.35119245507382
16.954262819347548,-0.012777893663233897,10.747272847561476,Inf,33.89799472820666
16.19681348444889,3.875520758521212,3.4047378201515173,Inf,28.98354287555475
18.37297923257392,2.6906692588339,2.9779409145337787,Inf,31.139817880195952
17.135708103026417,2.7100002068546125,-1.6140809919496562,Inf,28.317272815468613
18.989516800448683,4.600110512340436,12.7368297009372,Inf,34.853616660920835
17.47408504063774,5.05450043205375,6.129431544721182,Inf,31.186121464025824
14.65840801527812,0.23078800253180276,16.576347277803634,Inf,36.53755636086838
15.301379761401328,-5.214745262523879,17.35513167185467,Inf,41.458209686054154
19.754404131535324,-6.179217682135896,13.983430515707191,Inf,45.26175502698243
19.17765826415706,-6.076026073450009,16.5601406007708,Inf,42.165056581387624
18.85379866171018,-1.5086329993427867,16.20066625966021,Inf,42.177774876280935
14.498476013955148,7.165718713924541,8.871246994142385,Inf,28.907142281702555
14.495505509489128,6.452261855935404,3.3288556757788434,Inf,26.865369420784823
18.66151739376511,6.611467984369792,3.8713200552270948,Inf,31.00869640135729
18.731018616960526,6.343529663488077,1.6645659789703942,Inf,30.339955840471863
15.946702836556256,0.18256591473738482,18.55873397292467,Inf,43.199569702420874
6.679116193531041,0.18455577956619607,19.316399743013058,Inf,32.40749749580174
7.243022613159322,0.16924631033431226,19.12509152644327,Inf,32.40542311366646
13.182324651484052,1.5927545136900534,18.43634233194568,Inf,36.55374902406395
18.96660093509312,-4.10806409169405,19.97229784394313,Inf,42.843783917742314
19.4569800540339,-0.6279526541288831,19.697565594362416,Inf,42.32597003873841
11.227266207988151,14.869043062818335,16.679881331080566,71.8454814912826,31.599124948481744
11.545218760437422,15.829657502143291,11.927513281732274,47.22922854677354,28.98784253787181
5.039256787095141,13.848057177323916,15.577541005776077,28.644038035361227,28.644038035361227
8.520218164840347,8.816297455413444,14.11881434757629,27.441035886632278,27.441035886632278
11.189098695927548,9.42835862767992,4.988893892284043,24.681553753222353,24.18012996443519
6.409660329228224,11.913144272486473,10.622765381930943,23.314481462900105,23.314481462900105
9.509183943467221,11.219509784682494,0.17699621323663095,21.16061899758786,21.16061899758786
10.784831980908109,9.597852842214323,5.442907919319666,24.556470458634916,23.913593868246437
5.663675992240414,13.228407695103371,12.62301479718893,25.802459601762983,24.840734614062576
6.957385891394523,11.972363354643505,-0.25544897189820404,18.98224696799651,18.98224696799651
11.356068168474998,16.030896630281504,10.610870369012268,28.83715038273109,27.92242059552958
7.466712139699094,15.904546465621117,1.0544390397327597,21.00495469328133,20.654318834006546
5.491473305202177,19.90910810332469,10.149930835261447,24.484095636972945,24.484095636972945
7.251279687976417,15.63698784611256,1.5302378198246274,20.067477087651127,20.067477087651127
10.378148833295668,14.319828472059754,8.269725628194145,24.862185446777396,24.862185446777396
7.711324617289172,16.550338515681098,1.8741100557185746,20.673491507283636,20.673491507283636
10.235733407263634,19.86437463085224,-0.46410414124474997,24.05522760960921,24.05522760960921
11.030224709702637,16.897159088874922,14.321210426324534,Inf,31.051956156266666
5.416534262479374,17.474240783958194,14.44558609734063,28.03342051943383,28.03342051943383
6.347628567820401,15.215088683882463,14.210398581370896,Inf,28.148178540385068
7.141354398460209,16.694481768147313,13.316792273575217,Inf,27.432190336439177
4.225773643035389,16.17814503829691,12.740930946108378,Inf,26.009680519542883
8.696966657102987,17.215665610948115,16.381369794784526,Inf,30.90827973125308
10.464598575112252,18.57618425256188,14.195479879194352,Inf,31.032005838634003
5.453212987941278,19.408007331633655,12.135182216326967,Inf,25.93523866302891
14.47444762027908,15.982972293062076,10.158329361363208,Inf,29.669735257493876
14.52236317567062,12.206165194262681,0.17921524222060725,Inf,26.269969233727377
16.835450297259307,10.917690169896701,-2.763659980256918,Inf,28.005741914459204
15.902160688056519,10.89870864174399,-0.29833007078141804,Inf,27.5792637226407
12.280585238151296,14.460497985489852,-0.7491133267698729,24.80483207691256,24.80483207691256
19.78930706976267,9.417065705310783,-2.0742358731833193,Inf,30.88340141712566
17.119432342976978,14.196438962182086,13.64631076929929,Inf,33.485861931235846
17.002606683423174,15.676682268945896,16.549778956280605,Inf,37.039558579260884
14.700956495716262,13.235020515955505,3.247171066879133,Inf,27.520081189794208
16.412687528122575,12.002246302769784,1.5136823994201265,Inf,28.23577045606778
15.44217423086198,12.106958844853118,0.6878533873885395,Inf,27.181326151826532
16.91474837784898,8.574810078297041,1.8699793062666004,Inf,28.584492221517728
14.996525067107278,11.356744160062568,3.3972051628057898,Inf,27.524540081311528
13.037143267957404,12.667791585855987,3.662746743578591,27.336857417694738,26.24856156670601
13.585929383756948,12.12744016982544,14.209648329871989,Inf,31.340096053498954
14.499903404502241,9.340944516893952,5.5520247061218875,Inf,28.041045583630417
13.730585992542842,7.711116887376022,5.849136780418441,Inf,27.365737394751214
14.943202701139633,13.507684424086186,11.794498493393029,Inf,30.68655824753615
14.379748193069304,13.076369177875058,9.803305914980925,Inf,29.324343775261056
16.761631313866722,13.53229437446334,5.928524487166378,Inf,30.701428339826897
16.362579367359977,12.862640385783024,6.269173622381761,Inf,30.476386952673764
13.964954875182407,15.91750976282409,14.884464596379765,Inf,32.554554048593545
19.15908543433411,14.48885712614667,16.259053621446114,Inf,38.59250472466465
19.162864837107065,14.474149348119482,6.240348116944077,Inf,33.033988621254075
19.08612025240391,14.550195100845656,16.00602845659101,Inf,38.379367789052
17.22901866135099,16.20919278275914,13.86066388759329,Inf,33.904458696348904
14.493542482785038,16.191189275705533,10.6820935201673,Inf,29.986439050367114
14.198487773170612,18.54011213035224,5.920317168064038,Inf,28.5737621890174
18.14744029066322,16.977087633329603,1.0390008110929827,Inf,31.43435421902989
15.655933921170096,16.09018488535269,4.678909281537589,Inf,29.054007692379635
14.607215811446174,16.103276972990827,7.246692778797783,Inf,29.395128405125476
17.048126321236353,18.31852225320388,0.6806016288711163,Inf,30.25090254333231
19.59451901913563,17.706636693353907,3.8485721965249553,Inf,34.03357825580555
18.77862859488304,19.785361442839957,14.567574515418698,Inf,38.04833472648451
10.604823603401023,17.62256690166231,18.946964927583508,Inf,34.90384687415688
6.070493554327783,10.672077790810562,17.779518921168176,Inf,29.327125727168568
9.433531700592717,10.029086601885862,18.34835183841654,Inf,31.82201679772772
4.725909486662488,8.153162136277388,18.494321301764217,Inf,28.99725398455181
7.459555093704225,16.612975720812067,17.1307500152315,Inf,31.410440865368756
9.974008283333696,16.60116915460938,16.77344037201145,Inf,31.82993544181052
9.220005948471865,19.15455082106896,19.540574104162772,Inf,34.609798053960205
9.511070821554355,18.706552382366496,19.138043406319355,Inf,34.38188309755155
14.40841426499675,17.64425311305017,18.612957198066475,Inf,36.24221401622971
12.758246323855488,17.3150436184076,17.25512537284942,Inf,34.48248717819961
15.167234754864864,11.199126281932415,17.08099285487115,Inf,34.74698799959769
15.71088241044049,14.789835348295,17.165544100677295,Inf,35.85020616965069
16.448658452057884,9.200565410554582,16.699843527819304,Inf,35.653851776321446
15.076300969746015,7.516370221138171,17.875657131070867,Inf,35.10823226204133
15.217547034004966,19.178415854526193,17.861389771688835,Inf,36.719461456211874
