7.0,12.0,0.0,0.0,0.0
-3.256187182078598,2.087510849357539,-8.865376984686755,Inf,21.018309731936146
-13.977314768291622,-9.392408858160106,4.2796462899919945,Inf,Inf
-1.2238797638019676,-14.229960834675603,-18.539981589385288,36.499305182896265,35.618735273497684
-1.4462566619065598,-7.939490255642099,3.681047496455328,Inf,32.59767515415823
-9.339828970968078,-10.508752302153157,-6.357331271404103,Inf,Inf
-4.317774298086388,-14.219366015254469,-16.970176621839464,Inf,39.13011250347931
-15.642802724046216,-12.602478293421546,-12.4334351093077,Inf,Inf
-17.942158479583696,-15.275870477069358,-8.766076735988335,Inf,Inf
-10.676332672441333,-14.964900797230474,-15.244666290960307,Inf,41.25781364888809
-12.886421511094444,-17.962747043420393,-17.127845537216515,Inf,48.482089624382645
-14.941412420304916,-19.64403192064487,-17.140125201454104,Inf,51.13724635525094
-12.016738769018094,-12.990577131229468,-18.355167289446328,Inf,41.16381809750948
-14.475559900846386,-15.850054783337608,-19.63260389010367,Inf,49.78478688837935
-16.813040015745724,-14.335114673813596,-15.2073489972876,Inf,Inf
-16.423683290394884,-13.158879194527042,-18.268801837975197,Inf,Inf
-8.097672747923266,-16.47675394468047,-15.121581328837594,Inf,41.60911882902435
-5.178221742658913,-19.334693661200166,-14.726878982319676,43.00977969028594,43.00977969028594
-6.812284840274323,-14.074545376483334,-11.53936114303046,Inf,35.90104241019828
-5.133183595946402,-15.074357015120405,-17.849772974902383,Inf,40.24224068088466
-6.453548859747933,-18.04269963587324,-8.497624094275347,Inf,42.44160145295852
-8.469998974099706,-14.429269987106785,-8.55318399542825,Inf,37.56151278760982
-9.154517824009822,-17.273521186204526,-7.277452223531888,Inf,40.490831120057365
-10.040940476413098,-10.277419969368884,-16.709984634457562,Inf,36.82644821694099
-12.306694763155557,-8.26375542853583,-19.508468058746125,Inf,38.06304904029118
-13.842826039608775,-10.214376193515866,-18.012760085620254,Inf,39.883949663369584
-13.795908332976179,-10.511337570199464,-17.941148721310192,Inf,39.99849062077721
-15.284714580152654,-11.090725577113503,-18.049421377997817,Inf,Inf
-11.588185859201463,-11.117258138423631,-17.684042394884152,Inf,39.16106515772424
-12.301841330735819,-8.839546186818543,-15.896507753126157,Inf,Inf
-15.475402542240753,-10.877335196166298,-11.013407830134954,Inf,Inf
-12.583532493427914,-9.074002597718653,-11.835198790919321,Inf,Inf
-5.816735396245498,-9.108053656106643,-15.411586760805127,Inf,31.91640378625765
-10.22228204232385,-12.032121649092593,-11.65588420381658,Inf,36.14272946133467
-7.45057717669436,-9.146280170968195,-16.478541548909227,Inf,33.63488528511593
-8.927109081539042,-9.578891617009262,-9.445730504963636,Inf,33.68486019393931
-7.8991279486121435,-9.111339223074477,-7.865027234264126,Inf,33.18267530471729
-8.306944314200146,-12.451165437169918,-6.725089721832678,Inf,36.11538456092657
-5.108219868685078,-8.785878732141494,-8.622445216916388,Inf,30.992325567943823
-6.113738212994084,-8.754616183370985,-7.7402259521229855,Inf,31.947960159584294
-9.71140681378972,-8.914768444872063,-6.921736563843925,Inf,Inf
-5.181647185990386,-8.233489347895615,-7.484382706956607,Inf,31.409840910026034
-2.8450117774544914,-13.451477302714236,-11.080754554666292,Inf,33.17187686276647
-1.6691846383786384,-18.802779839729595,-17.972452310321838,40.35442893231409,40.35442893231409
-1.3141906513038215,-16.99723417777408,-15.269765982359145,Inf,36.37888780079393
-4.043430553092708,-9.44225672838317,-18.86685427161824,Inf,32.855505451619734
-3.1411884344553442,-12.496592100117816,-19.628084702660917,38.32018542047701,35.58171171232823
-2.9140012133268556,-11.296961133416223,-11.496620412294947,Inf,31.183086834540223
-3.2157163509373206,-10.964460363860447,-8.981978610058778,Inf,31.82572579095082
-3.4261393399901507,-12.236130899451396,-12.500089704598452,Inf,32.17175380645516
-1.7557266447670443,-10.933864436444667,-16.722672424857834,Inf,31.54862238459827
-7.9322852147042155,-17.321802710081933,3.8357320724411608,Inf,Inf
-10.348917173218632,-15.395238037531822,-4.459482695792483,Inf,Inf
-13.111524703651174,-19.09518267277763,2.0584866534137376,Inf,Inf
-16.857956493044064,-19.100158093543005,-4.130905302449399,Inf,Inf
-15.68479768919933,-19.412175518118655,-5.0513451544922106,Inf,47.0032045480032
-14.355055354874846,-15.64822526388653,2.5622692077265867,Inf,45.09086908207724
-9.973922567390812,-8.483426463814325,3.1831384379754297,Inf,Inf
-10.081436247995015,-11.02142114250312,-5.06232798521439,Inf,Inf
-10.467259406917035,-13.051676417774516,2.9343129549431453,Inf,Inf
-11.847324359641949,-10.555679648199279,-4.115897993765172,Inf,Inf
-16.838398691146956,-7.951029234446105,-4.147172828417229,Inf,Inf
-16.286817128641502,-10.39540516945614,1.6462659270937579,Inf,Inf
-19.46341028140185,-8.052396736545706,2.3847682931766734,Inf,37.522822289860315
-12.482611510881139,-9.10214658679199,-0.653448388222813,Inf,37.38221821231739
-18.742309800152867,-8.774311222582485,3.2063751328818846,Inf,37.65166966945397
-16.103885286886282,-13.646086135317974,3.6814929280734,Inf,Inf
-15.651215716010638,-11.99411344868401,3.5802582744098714,Inf,Inf
-4.011204782539464,-12.991565024460723,3.5035619374533233,Inf,38.26635396450957
-1.9940243811722596,-19.02979150484816,1.4588426673707744,Inf,44.732162098492154
-5.2056406605003325,-13.371024218443548,1.2278641198569318,Inf,Inf
-6.404098526462896,-18.068778500440075,-6.27588223586252,Inf,42.48288994376117
-7.925816378335666,-16.140504817931564,0.8842230537010565,Inf,Inf
-6.007637323901633,-13.499454188060085,-4.660822018167066,Inf,36.94211466978125
-4.210920539764329,-15.202587270172332,1.4277222334787076,Inf,40.689239857031104
-6.689175469286877,-17.806244856296285,2.978778619906322,Inf,52.40847623247274
-6.832884582553671,-12.233398490775844,-4.819166159691681,Inf,36.36088087692636
-5.96101030319244,-12.357453610829943,0.8287187889445669,Inf,Inf
-4.512465437345474,-11.22176046998395,-4.09737584984712,Inf,34.830404537462215
-15.014866223471621,-4.336438552488486,-10.104455379060955,Inf,Inf
-14.89535972259941,1.9382134311292702,-19.187481140495315,Inf,32.60253512863024
-18.851848355676005,-5.627636475158857,-18.695964211378175,Inf,39.20131822629901
-17.693428594331493,-6.462281469884568,-17.041780738029377,Inf,38.78041066951528
-17.41312257618648,-6.432990661309779,-15.454930823099922,Inf,Inf
-14.983599071019862,-4.2996708109895465,-18.919376155295716,Inf,36.70028406488723
-16.088906774701456,-1.1897928103710065,-11.8247595988605,Inf,Inf
-18.741014309971284,1.7642811325683923,-15.723359323294055,Inf,Inf
-18.74996491192965,1.1503457700497393,-13.554528651193145,Inf,Inf
-15.707062889795473,-1.4911544017873197,-14.66673826342964,Inf,Inf
-9.639845770528757,-6.674691610007404,-15.308411273613096,Inf,33.759579280219334
-6.087587279021767,-7.6911635757383845,-12.209705615262552,Inf,30.360725078200666
-11.382437327530495,-7.46927411850141,-18.393322295836807,Inf,36.597480843038156
-14.304797336582071,-7.218909097268789,-18.099538281454024,Inf,37.002921153112524
-8.437943272736694,0.8668365826387969,-17.187528239650185,Inf,27.352822884389614
-10.023230997942232,-4.248051812603366,-19.14215842840294,Inf,33.33567321722811
-14.011402011708478,0.3014874046372995,-15.603855737240746,Inf,30.946285482170723
-5.755167361877529,-4.597456580209238,-11.18163832612514,Inf,27.438690124321692
-3.5652226027338685,-5.809065234401718,-10.807028217529568,Inf,26.990493231422626
-11.403025766050554,-6.298881356099768,-15.615717233215962,Inf,Inf
-2.9048825676574523,0.8434070278544255,-11.219333270516003,Inf,22.246043722037264
-1.478448904905747,-4.3366856205506465,-12.75581443520812,Inf,25.269003263857552
-7.404617087889633,-0.571654609773109,-15.898985569192421,Inf,27.172310189117532
-5.163943274576139,-3.6650371279067073,-11.975347771343543,Inf,26.508839932513922
-5.81907927883174,1.0098927787044758,-17.09603684216974,Inf,26.299517551794573
-1.364187429124975,-1.6487765637734313,-12.164259411613036,Inf,22.6911089012467
-11.241724640562571,-0.7074704702272001,-10.263585808541889,Inf,Inf
-6.1663307678737755,1.0762401626845985,-10.332775137757437,Inf,23.01545217053014
-13.652374154987257,-7.108422959787797,-5.634862885815659,Inf,Inf
-14.163167839465682,-2.8458825585464425,-8.451490913485689,Inf,Inf
-18.8002515871121,-3.4705431288372957,3.6084654120236976,Inf,33.43481839481619
-16.692770179632515,-6.06184387660976,-9.71296802015356,Inf,Inf
-13.75416865157887,-4.181509149144338,-6.7733584515436895,Inf,31.332907422307343
-14.089875320478864,-6.134607931287848,-7.594854696408122,Inf,33.41970632099197
-15.081038837872862,-1.8329300117106655,3.823291270558311,Inf,29.779677310793765
-16.10514838409263,-1.925971704247651,-3.1208479749993856,Inf,Inf
-16.291347834986027,-0.6133216896433495,-9.685579331799987,Inf,Inf
-18.744933465304705,-0.3543703505090079,-2.275528237038671,Inf,30.422910706218943
-16.385801610807196,1.7813714470966424,-8.241426941984153,Inf,30.01971590539832
-12.240117094697762,-4.2837602130004,3.7262173925607485,Inf,Inf
-9.662155986713428,-5.401522176557192,0.5997875471141967,Inf,39.442456777701835
-10.351636399771191,-7.409862695566449,-4.809245209401247,Inf,Inf
-10.86760395427052,-7.536583628401026,-6.5220109961457595,Inf,Inf
-12.94245919132444,-7.307697547365315,-3.999451441728546,Inf,Inf
-6.813927626210576,-5.554693121904215,-3.872584118864985,Inf,Inf
-2.6681666213623316,-7.439586896497694,-8.46643846235132,Inf,28.386513334295714
-11.044094794943407,-7.713476816646416,3.4689029648969765,Inf,Inf
-2.8767724826668513,-3.139083254954116,-3.9058789534826133,Inf,Inf
-10.021013064788615,-3.0925718127612782,-4.222141793382521,Inf,Inf
-10.170007133638359,1.308249949666525,-6.154798917925506,Inf,24.91650104258111
-7.921113228027892,-0.0343586256695545,-9.53206953956725,Inf,24.530416771623436
-4.912335547627231,-0.8305334078170823,-6.973390087968427,Inf,24.681154054328506
-2.181349388390128,1.9477025181026235,-9.72097854128565,Inf,20.24903704055366
-12.717819004220825,1.330832592542322,3.6375888872272277,Inf,25.826363868450642
-9.153618984732104,0.9409357484656127,-0.6403079922479478,Inf,28.059240668670828
-7.9236408678444015,0.528372085421065,3.734977923732963,Inf,Inf
6.681591009650489,-14.7340845029039,-6.539170850500717,Inf,30.506853583820195
4.4070421573263445,-18.535470988664606,-10.01305532295138,40.73337518285804,35.53018047470148
-0.49381281886054396,-18.39373711310155,-14.20222104643278,40.090179216993434,40.090179216993434
-0.7008553832188902,-16.842413866195916,-19.39208813410824,Inf,37.815510566439855
3.0052050283396703,-17.71911107739154,-10.909224048044397,39.95673407234973,34.79877600001089
5.530797807501486,-18.582874453388154,-11.296926072114362,39.826350653446745,35.84168443862853
0.3968984251253431,-15.76462423087694,-12.316505555368993,Inf,34.065341781627225
6.584572157653923,-14.938259476561413,-12.84014821699083,Inf,32.55028165702723
4.5399697181304255,-15.459889683908692,-7.1494450856837855,Inf,32.281838198387625
0.4708702063521386,-16.95471961650508,-3.544470184600705,Inf,35.82721450845018
0.12992882450555854,-17.321601633660606,3.381593852361373,Inf,41.89071326979025
-0.2517094328293794,-15.144095488390619,0.7913661934502443,Inf,40.45156194193284
0.7773319200618971,-16.139730548422122,-0.2359306568349595,Inf,Inf
1.4846019503717685,-16.248080940988487,-9.541732094506186,Inf,33.62703887944195
1.683843048793996,-15.926464545893637,-9.364570149355682,Inf,33.26895651983524
3.6800615667631753,-15.582261137999849,2.594899903943009,Inf,36.067427077278175
5.880653808921288,-16.62930235267951,3.1072402107435764,Inf,Inf
4.882476823283632,-17.65332625385957,-7.961834001394417,Inf,34.9245346686794
5.279856870118039,-19.214231817118062,-5.710020379493317,Inf,35.34788992794897
6.432897701581581,-15.623414213418494,-3.9420028586040274,Inf,31.316086648985614
-0.07527702665933944,0.47404066991546046,-10.56303773963192,Inf,19.799062825576215
1.4056402344829237,-12.28409579969342,-17.04770266543879,33.08786499064938,32.629851414963035
0.42703377930407527,-13.01920435537209,-12.720505165098164,35.13118991489339,32.0478326016849
0.5340096073374738,-14.011781213860148,-13.384358784450816,35.675878900745005,33.07694528525709
0.4360246013133917,-2.39211775788214,-18.372026556236747,26.479344388278427,26.479344388278427
0.3249703494137357,-4.947478330122248,-12.574585433402667,Inf,23.974142581717906
-0.013114967245400067,-12.634164906988978,-13.144230613459689,35.040932276839484,31.689319043956854
1.0719724461779805,-10.273339537686121,-13.995809803609909,32.438360036586666,29.13130214733934
1.876084785019387,-2.421004228686428,-17.623980890922848,25.266526267942943,25.266526267942943
5.125912651933184,-7.547633675913703,-14.83632569517539,Inf,26.214351500879374
1.741287486244918,-4.089431523563567,-19.320183160863643,31.275039765160685,27.46918668913667
3.8532730848391417,-3.8940055844593218,-15.184493770044813,Inf,23.693629183069678
1.8355301592004736,-6.483510602199365,-17.92774181416324,30.33138501129094,27.83668911324677
3.0391079914043146,-13.96470772960277,-17.94586607386348,Inf,33.54970467102667
2.5739706138950496,-6.19720493285703,-16.36028201814156,26.469968958280393,26.469968958280393
4.473106049307766,0.4833313982763343,-11.443510092975222,17.960507915550544,17.960507915550544
2.2869648450243147,-2.313102550954376,-17.522068647432665,24.999551195531403,24.999551195531403
2.837459054615241,-1.6033662099531298,-17.507419599493595,Inf,24.490818145462622
0.08822391128633811,-12.953907101544173,-6.8201735561448995,Inf,31.31518694984394
-0.13789737179576989,-10.752361016535747,-9.082770642472235,Inf,29.096479091042085
-0.8384486920376055,-10.861875278932986,-8.449964845886155,Inf,30.32509185637258
1.157025973316852,-8.481006020879303,1.6041903832010185,Inf,34.08451098860227
6.551471197866068,-13.084250968576407,-1.5462723018184548,Inf,Inf
3.5622502086820695,-11.584863826659682,-10.007660987745712,Inf,28.574382602765382
2.880497434777098,-8.625884586450283,-8.214104355727097,Inf,25.979307135308105
3.7874109442889825,-9.82773166336056,-9.855309455987085,Inf,26.798997808180236
5.532275842965486,-13.652883469086339,-10.358240652968318,Inf,31.03329581852121
1.5740786878632385,-10.829086647315842,0.7473609598163762,Inf,33.459516300814805
0.20341644879218634,-10.713522218546148,-0.019622285229743852,Inf,Inf
3.267039286495745,-11.083900477130353,3.930998958796941,Inf,33.09482138751067
2.441298952686928,-11.566176948738338,3.3495204403265006,Inf,34.02090402412057
0.7967707012295904,-4.621175856575412,-7.084466171294448,Inf,33.41184325782601
5.08081809213266,-2.2901045744117425,-9.53073376756973,Inf,19.14432122718351
2.0961091632364415,-5.652916329209852,-8.39155938571106,Inf,31.535256780943914
6.729732857383645,-3.842221974990654,-5.6838187892650005,Inf,19.52499105063646
0.6245691079108084,-7.8676429904281875,1.561674190176543,Inf,34.51453610265292
-8.508664079934523,-8.330137799971995,11.276221720138004,Inf,34.66269195424532
-16.547029418330077,-4.56330309906039,5.926325686229099,Inf,33.1484735428098
-11.886682746705759,-13.519251175091123,12.937855997421401,Inf,40.41327938422697
-16.40720022098826,-7.339450380955697,11.79723879981804,Inf,36.55405021129363
-16.76421568238336,-10.373556607524135,6.214626568397819,Inf,Inf
-19.66664196045719,-5.119921111203984,7.078023488949377,Inf,35.883819362161304
-16.801087637305685,-8.917122733554788,9.247459236563913,Inf,37.87583670347301
-11.518499148771175,-9.05819880444068,11.619219624830563,Inf,35.29172012555187
-15.34876680708865,-15.911942716883942,10.841698489363367,Inf,43.48041734877046
-8.570917919436791,-13.035018216852992,7.751385307870073,Inf,38.41389749447448
-14.474543626843372,-9.623749080925386,8.660560172200764,Inf,37.36285965834311
-8.719048920369632,-14.066850742196504,6.837587224540602,Inf,39.58247134126162
-10.9879916916465,-15.289943716992234,9.120720003577407,Inf,41.44732154803316
-11.730184288845482,-15.653397758597576,7.765294259754285,Inf,42.82891799625472
-15.296897242741148,-9.92079568838073,7.118329882032739,Inf,37.711966416227995
-10.728756627110165,-19.889301758603963,7.338070647420043,Inf,Inf
-12.451340249169247,-6.879892091146775,9.367725854938929,Inf,33.881166623247765
-13.50967785176766,-5.924208787215637,4.302723754965019,Inf,Inf
-16.017786380447497,-5.066296234014667,11.986232491616438,Inf,35.08049619438457
-12.608135685985289,-7.533027356311379,11.27085872613307,Inf,34.2252685078293
-16.834284180089796,-4.864686025105991,15.14368257398749,Inf,36.345708569230155
-18.74731066649522,-10.428659716974167,19.73675263114312,Inf,44.89251980751915
-17.553058942048967,-13.262615782143481,19.620591225841324,Inf,Inf
-19.554391848813573,-12.8727401107209,14.691464288132039,Inf,44.0675103432507
-15.081737935263302,-16.038400990523883,16.377922390026534,Inf,Inf
-13.492724286549755,-17.92076400870135,19.16858983526538,Inf,Inf
-9.773871459867554,-18.95986549446217,13.5178307319364,Inf,Inf
-15.171697169367375,-15.845290056102144,13.205559654683313,Inf,43.95423672226826
-10.579812437802687,-10.908052258838623,13.066937258330462,Inf,37.111165202376554
-14.603620646473328,-9.467855683125741,13.031083900820434,Inf,36.9826702312196
-9.628231868836945,-7.303329646790466,14.450432223450491,Inf,34.141083710938695
-12.726066593012169,-14.316123562245764,18.56986727162652,Inf,42.844278733175855
-14.436007271410434,-14.862440169177678,13.731723379870104,Inf,42.839411848860905
-9.55894427115286,-8.180852783267492,13.487314397777013,Inf,34.56359833872408
-12.98925346184177,-2.870452183259662,9.295537480971888,Inf,30.727786896523824
-9.06020050335579,-0.05478068580152495,7.974816579018665,Inf,26.11542665596717
-18.998050769282973,-1.1471091784153487,8.58619126780047,Inf,33.12715418565918
-10.900289136858534,-2.299202927026105,4.694452063636454,Inf,28.585410508594524
-19.012752703174705,0.30647624676181096,4.662528040777268,Inf,31.263394710150365
-12.54092385645011,1.0175093776853998,4.495897292241207,Inf,26.131317775417017
-17.46356511601114,0.3780118363429352,4.756962099574579,Inf,30.327265243586865
-10.311564240009359,-0.24246732087025435,16.158940833431714,30.79989005755853,30.79989005755853
-15.979675226163659,-1.205378833743353,13.480042914716506,32.54756443979005,32.54756443979005
-16.38701308444574,-3.5516277028390775,15.484432754432675,Inf,35.31189153418837
-13.27665048207841,1.2227852387035298,11.939216130005875,Inf,28.600860661908985
-16.937149910698423,0.3402857065645115,9.774868146317672,Inf,31.230171194915407
-17.609253750899853,1.1470074999771356,14.977338379495109,Inf,33.15252352118774
-14.735626037683476,-0.31284356663284996,16.31408721140911,Inf,32.97509186659427
-10.138735948647222,-2.6231691926447276,11.74123561543687,Inf,28.70930107970932
-10.25764223326835,-3.329778683486822,9.746561508627003,Inf,30.045106147129182
-6.092383774617485,-16.82671001791985,17.003659170096192,Inf,44.520132351920964
5.239720854779648,-17.572927563398657,5.370633609760816,Inf,40.261785524836206
-0.2616028958061456,-19.382292427376456,4.898739086393746,Inf,43.95622572648925
-2.3857222845814086,-19.70765099254656,16.614920327191946,Inf,62.66064939297591
4.793743981675284,-17.91698869138802,17.943423250687836,Inf,62.954294634866066
6.135285838497619,-19.856164644203822,10.895111988501327,Inf,43.47305926555304
1.3265872694995267,-17.64160744456416,18.87347185976887,Inf,44.55665157745089
4.622440975853088,-17.497955295735565,5.977718793490467,Inf,37.926275576945386
-7.0,-11.0,6.0,Inf,35.77391277421086
-6.129327686875152,0.4595596891846583,5.825879478909641,Inf,23.837213618730743
-6.359841565184228,-3.4677549357044057,5.637525501197036,Inf,27.239205828512915
6.015747117493014,-7.7766761225232095,5.098079426316229,Inf,28.06633966517869
2.5619940536328834,-16.01131604742795,4.422349965032595,Inf,39.3861939514291
-6.099111718992649,-14.140422090501241,5.8784958796353415,Inf,39.492507972106445
-2.0409125586963768,-13.330422159783337,5.985548593213743,Inf,36.518349303542706
-5.493240863845408,-6.944030407471136,5.858880004176676,Inf,Inf
6.814830582661109,-13.068679479705843,12.96167929889996,57.051473596501566,35.455167026885675
1.7592262647386718,-9.291769049990393,8.737251141544633,Inf,32.53373130176651
-0.12031369372817835,-11.08312100519119,16.042302176022865,Inf,37.59339923581364
-1.5736014595893622,-15.383013071350797,11.521169376930036,Inf,39.234270965779636
-5.771010087686204,-11.02716054625116,11.14861683715717,Inf,35.79000766313667
-6.290018004352733,-16.142524177384168,14.815797713653822,Inf,42.801436249025606
-8.209481728001684,-11.693035329706643,14.41511710668641,Inf,38.3599039531752
1.2270307959355335,-16.493076145508134,15.585233414977722,Inf,42.18151551082355
3.6275781881394025,-14.689644057821098,13.196691363196294,57.0970632365384,39.92512097391888
2.0740703735207155,-9.873921204899041,10.763771687448582,Inf,32.83283090606267
-1.4187806596726986,-10.377314907505113,10.553786186791648,Inf,34.13360298754608
-1.4704752116582327,-11.935888723000039,14.293122022901287,Inf,37.51626884654539
2.3797981741259733,-12.345078703715062,15.793439261381437,Inf,36.709291137285184
-1.530214337656286,-14.668975011078844,18.899137728932146,Inf,42.40808679624268
-4.656618520728406,-13.352075119701832,17.942691030459095,Inf,41.14243754007575
-6.352935805653495,-15.999986446804293,18.152174608652068,Inf,44.21648714550691
-3.770935250620422,-13.5487340459626,18.321592675915383,Inf,41.1995418468223
-5.4986983684263,-9.50174644608504,16.279379090531698,Inf,37.84716438480939
6.498774264867713,-16.172234954694424,16.688222454668384,Inf,42.0790148050451
4.509912395523436,-10.71915883846839,17.61254600019428,Inf,38.31006929136483
1.4708664401882672,-7.071657952653734,14.673041883477424,33.5251036815943,32.7261251676155
1.0560369065321424,-3.497446806620701,8.557583799781632,Inf,27.48681174247527
-6.1889599447148935,-6.770413414916261,11.01571337933241,Inf,32.21543503330537
-0.11560941618584053,-8.503491383139163,11.469819740828573,Inf,33.09455908286278
0.6437519931338969,-8.972330112452527,14.012184359504886,34.59398378032262,34.59398378032262
-6.077630664672684,-6.692306426242789,8.676107932147072,Inf,31.536282637173695
-8.221183951604578,0.3512443448887552,6.151803729647831,Inf,25.487520798507404
0.5532030156006407,-5.3738821327905395,7.285465397904343,Inf,29.808909217509907
-2.0315635096847657,-3.96431302321389,7.544816880376661,Inf,27.023329274380096
0.2582160316605453,-1.3532452194013018,9.239464903641217,Inf,25.595209219889952
-4.7782322217782,1.0173487884836696,11.227593931359408,Inf,23.4180230486918
-0.6488107058990877,-6.539151017818989,11.02785796496476,Inf,31.155305099863646
-4.160190632390295,-3.2825476886202942,14.200790227601281,Inf,28.54543632549355
-4.2956812517934395,1.3693823002034762,11.922690534401337,24.234884809408204,23.370562269211646
0.42230390591896594,-5.58843463783103,11.267648668863785,Inf,30.293856219396318
3.9329277786192733,-7.428548724937665,14.255518633994917,33.716785281860155,31.32880059675718
1.83733287969007,-8.065539882201298,7.761577070087526,Inf,31.748943695937882
2.281833015590795,-6.293802602301168,13.223557902511402,31.691056369344885,30.823067496960824
1.5543382766939047,2.055431130319594,6.5047019727809,Inf,17.301177967729668
3.5800134506153825,-6.172202461670109,6.7850116566144365,Inf,28.59611973833423
6.48330738235601,1.403130880671739,8.431763892656683,20.830246987776533,16.419427940549923
2.8208703083538644,1.5692158551672897,12.736354028350931,Inf,23.096712496944665
2.3869341150119823,-7.286818964589381,14.300067556123679,33.15938901939121,32.06128594253947
3.8287730472245514,-7.169533442223051,18.90277245597772,Inf,35.14358079589503
-8.434267647405784,-8.150435769602726,14.94674332162269,Inf,35.32225561282918
-3.9114758440121093,-9.14948178238582,19.962289509503663,Inf,38.28678909742214
-4.747935930366536,-9.136398711289475,19.622080252895643,Inf,36.54564893949665
-3.8351210178053847,-3.7735901174284763,18.8805103456328,32.899383499073934,32.899383499073934
-4.5266709660547555,-1.924581395792373,18.830088356666238,31.8909737426471,31.8909737426471
-7.711330720937708,-6.597140270412902,18.292167425658434,Inf,36.746679374192055
0.4699747596139332,-7.172022102045119,18.232025260004903,Inf,35.22758908128872
-1.5472583576586452,-5.513401036316168,18.486217893121562,34.13470431539646,34.13470431539646
-1.8665890971360426,-4.815240802765901,15.729073983260314,31.892469714673588,31.892469714673588
3.365308133410352,-3.0375494746903264,19.62501384788618,Inf,31.36081082605898
-15.438195580620162,4.552135004414701,-9.314806174818191,Inf,Inf
-4.419214162598646,14.697995871409965,-14.181793096078437,Inf,20.537306686691565
-6.549367893035782,12.340855989716808,-18.446468331792538,25.258311741594667,24.64265842747976
-16.22462381333209,5.809856200002574,-13.626644612380812,Inf,Inf
-10.204701867167234,10.964611175579666,-16.09367345279569,Inf,24.312663191723807
-10.837344061682437,6.6301813866465835,-15.586092596252774,Inf,24.98278010231291
-12.415658938959853,6.516643289286819,-15.387188080716152,Inf,26.989052773902777
-16.59181617952153,3.218501912600491,-18.393139157752536,Inf,32.766371970083334
-17.720674501490514,5.958584424663265,-17.501051399167764,Inf,32.597623718970695
-17.94356584343971,4.23708437147301,-16.671870265790602,Inf,32.82744604091937
-14.885173866664942,2.127433162633075,-16.278253845925637,Inf,30.069763148269345
-14.15722905676664,6.068510155770575,-13.827539246176395,Inf,27.212516375625093
-15.444326118486549,9.282555265082884,-18.21402777755921,Inf,30.210025046281658
-14.60462112196728,6.7244759068879745,-17.391504973987367,Inf,29.83083216619706
-8.800811621253182,4.201325215033442,-15.877971167570477,Inf,24.74717696282089
-5.282536809657836,3.9023408053092297,-19.678778073953474,27.32603686472372,27.24753468761421
-6.613642149665431,7.099767113447363,-17.396846968415602,24.905379115245413,24.33280178738608
-7.73765012084545,6.77109330328344,-18.27147685797872,Inf,25.58926238067692
-5.650416733764914,9.408511039916725,-15.539283780090223,22.05826090514011,21.664798243259774
-9.37593357117863,5.153669259381868,-17.16561009131788,Inf,25.88610006012712
-4.621895151637494,5.468783106193342,-12.167781206918704,Inf,19.546543659251878
-12.515748367592385,10.165035716688713,-9.761918816260229,Inf,22.702282258860706
-5.541228022840841,6.24729827482966,-12.040378885547112,Inf,19.392334898182288
-9.264121235727378,7.771575732096451,-13.060068559402032,Inf,21.974964680353754
-4.72892539678667,4.436799942472778,-13.317924402647323,Inf,21.09550269494657
-7.065803783060911,5.460241155797032,-12.528323252485336,Inf,20.86368803607062
-9.249687394774035,6.518352290721452,-13.227591024122898,Inf,22.301531546636497
-11.063846861212223,4.12819249563033,-9.344973986822058,Inf,23.411691926135234
-6.276101112809203,7.6141490854167415,-11.142914971082396,Inf,18.48071669680995
-7.636700727045165,11.737818927385906,-11.6576596980501,Inf,19.128967780589626
-6.401489748390645,14.009904761413154,-19.072703750976594,26.049513833727147,25.515916432185268
-13.132303502393867,14.824146137104641,-19.33264876181619,Inf,29.06035855121182
-19.656952439197273,13.056261688730977,-19.777891767792816,Inf,36.299896026488085
-7.560571105212324,15.254857726914047,-19.837867011269232,Inf,27.41928474946028
-18.887887486426365,14.585189137432415,-17.40466572236255,Inf,33.64791008953907
-19.57433705008553,15.337332573654862,-16.45522512658171,Inf,33.84286293254266
-18.9222986457142,16.945085823184968,-13.069938600742255,Inf,Inf
-5.652639054275346,18.555743387756507,-17.4455993271905,26.273878465056733,26.273878465056733
-15.004859684212999,13.32718981128157,-18.48333504855944,Inf,30.172166192891122
-7.000539014418434,15.373780253827235,-18.918687244114423,26.37418567222491,26.37418567222491
-11.100787146547537,13.789137601443088,-18.572220392796392,Inf,27.130152232009728
-12.296036880612133,17.35868127904488,-14.805805920242427,Inf,25.961228462206854
-18.154761596816755,14.403305624471457,-16.38017699190902,Inf,32.37506589595951
-12.113877106827635,13.798119096419327,-11.005010701569677,Inf,22.747359076637025
-9.755209309458666,16.258780782942665,-17.705113642197592,Inf,26.715147881838085
-6.47497565040859,15.079552869311982,-17.81483136985848,25.11669436230767,24.50104104819276
-11.245303517992111,17.67657355556708,-17.95427030950373,Inf,28.506500815927005
-7.036374999273081,17.42334812283709,-11.614558699440352,Inf,20.941659588760018
-12.270790642394136,17.07520376535993,-9.611368689115265,Inf,23.571512415206207
-11.64818519338942,16.381240260361373,-12.295321875023442,Inf,23.597837410389012
-6.304632012177329,16.751521494874694,-13.163455115927825,Inf,21.89423534396599
-7.3548148466468355,18.65903273818479,-9.802387738268834,Inf,20.12241008973733
-14.05748492531016,19.651938629489038,-11.818171185516242,Inf,26.952162678338084
6.768899540881819,15.696454115036751,-15.379305811179078,19.096895932506463,19.030671476145997
5.8769140674565605,2.4984101322276864,-15.991117565032038,19.446435506282302,19.336264067839824
5.170315811040389,4.096842163520435,-18.813923685066882,21.466874228169868,21.03405133459716
1.84129754348767,11.840125746234598,-17.899192199773985,20.994505244179617,19.476813058977136
3.7238037749028337,2.6293126922843335,-18.733177550870515,22.236009636409566,21.801206605361614
-3.91272589499275,5.491991798317635,-19.556833343067666,26.24250817870265,25.237036044945636
1.6584642566742858,3.6362858959835265,-18.93610549015986,Inf,21.71835568863239
-2.231075104396041,14.166807296327335,-19.75122371787763,25.589183843492687,25.317549711332347
-1.9281297494618883,12.725339293058049,-17.759212806959972,23.121337993146703,23.077957921891656
-4.215068114923435,14.402247418883647,-17.58728796865606,24.07446793958428,23.458814625469373
-3.6138435487755842,11.851246119626929,-19.322612836423644,24.71509393511837,24.640359694126644
-3.4910536034610296,11.980859490614193,-18.673632552107982,Inf,22.764057250815355
3.4535469382252337,15.050033122900444,-19.56719363236931,22.536838006753918,22.536838006753918
5.5415251522568525,11.951597713936284,-18.35883937525919,20.451417324469265,19.51267910671065
6.308804556551031,6.492770336437204,-18.162662301932322,19.850672793864447,19.344250827510173
-2.900760905902146,12.181640843391868,-9.850128321492164,15.302704252963125,15.302704252963125
-3.365320751440617,11.026637155043684,-14.06813775805869,19.721929852742683,19.375647555540667
-3.2619345826986113,7.88279394947314,-13.543127561741537,Inf,18.984325214255556
-3.6710410679595924,3.2184748321255867,-11.687191470006404,Inf,21.223836982838527
4.800166379706916,8.279557283593562,-14.993066736599436,15.760617102744554,15.760617102744554
5.299757964413843,5.35326220841381,-14.43171418173372,16.906270459875223,16.297249226408134
3.924361802926988,6.952294101694925,-14.802786951722053,15.955151349841945,15.955151349841945
6.476488893434123,7.398820717163275,-13.749117718645367,15.366603524934797,14.999772945153724
0.6622815472435128,3.1564984285038307,-13.655357596686484,19.277827090183408,18.257943791400656
1.0558440484200133,14.128499605765235,-10.34120334677433,16.139315238134976,15.999341525136144
0.9830301162631905,14.646187061790954,-15.458442093775062,20.644612596418483,18.99936102461411
-2.375275474697869,11.680026056319129,-10.78761427226464,16.014261637971707,16.014261637971707
-1.4159688421824868,11.047598066574071,-15.861405760662013,20.537001327197896,19.146658575162046
3.017941559860084,15.489078165233934,-14.78807004236903,18.90228417084781,18.45912144248978
5.452326369264206,11.954394699557511,-10.86885350542814,13.090186884479078,13.090186884479078
4.86484362859585,16.38564588838132,-10.449613789397292,16.414663293092893,16.414663293092893
4.270600060844949,19.710893490889283,-11.176384600848905,18.045260771219517,18.045260771219517
0.5152473553262311,19.746705611289386,-17.778803895371247,25.253817724195244,24.675962264602735
-1.8690975914934143,15.99716990298765,-12.924443734996336,19.847189413423624,19.44473677939085
-0.5543552766522026,18.60940508007736,-15.403818984168725,23.089231268431575,23.089231268431575
6.019628660259457,18.35406514576208,-13.229845792489483,20.01159154275256,19.935031534940897
3.8901323460299686,19.402541970580202,-9.774797780032234,16.5605783276039,16.5605783276039
-10.462052611867678,19.65197514705377,1.960637542312142,Inf,19.252763019706897
-12.735903819678516,10.953345065371927,15.64151231442061,26.823480158541415,26.823480158541415
-16.48949496849677,2.9509703389677533,-5.9852252883260615,Inf,28.017947390387796
-11.588557250026197,5.100606947965886,-8.033763504307672,Inf,23.43058199687645
-13.167714287016832,6.142295433860738,-9.037646223930835,Inf,24.561758890617636
-13.346590514547279,4.18646593351604,-6.6659651423997435,Inf,Inf
-11.755799101037985,7.566505319791439,-1.7303172763877512,Inf,20.155677876127914
-16.045344010842495,6.6384301396834005,19.798246290507933,33.308388731419114,33.308388731419114
-13.060578940232705,2.7111103455606838,12.412714071255202,27.76253084340584,27.76253084340584
-14.789632666405765,2.6345725965716227,-2.375022937079141,Inf,25.464273439185813
-15.185288191556978,6.534407595294791,4.215876160017853,Inf,24.143180914569818
-15.732167888271915,3.8760956668440727,11.831514633860696,28.98608919442634,28.98608919442634
-16.30337639064953,2.910173790613655,5.291220915401169,Inf,27.78997233612537
-13.356090301532841,3.7734184809245974,0.1721360213372165,Inf,23.743470109443315
-13.867000683851911,3.314256951025591,-0.441370693133301,Inf,24.244411288276947
-14.153702699739057,3.221977896250756,7.800460455694591,Inf,26.42042787608597
-13.514772097442895,3.3695505137170016,1.1016801664840798,Inf,24.317029934579622
-13.602936937693002,4.472013353076392,13.678810966686868,27.786667413096254,27.786667413096254
-11.78243752201106,6.1811354814249775,13.52439790770849,25.709529365214998,25.709529365214998
-18.438616793827975,8.812881213525596,6.658605334565316,27.150543406283155,27.150543406283155
-17.32386842401617,7.626244804295084,-2.91697341209618,Inf,25.849105453248217
-13.624052326344831,6.865233983558532,1.6394455669990933,Inf,22.25259993696293
-12.862518567861585,6.802381777134965,19.49369684969409,30.525913482827526,30.525913482827526
-19.93192954846829,10.151614821885762,18.699502312036557,34.68330588804992,34.68330588804992
-18.591667163428262,9.416986352793728,13.460818365529008,30.137165069907187,30.137165069907187
-15.06012052013375,6.784915746625426,10.402921522025874,26.57668831236263,26.57668831236263
-12.667687611912006,10.559932710267113,18.589956560363284,29.4234360536298,29.4234360536298
-11.842509277974793,9.709261935759052,9.773035489303375,22.440652890916013,22.440652890916013
-11.885981076153156,6.823872951329754,7.835943303494073,22.860267545206973,22.860267545206973
-11.211677033259209,10.046118019647452,-1.5604977619183735,Inf,19.209905036474687
-11.565564109873767,3.532914783750549,4.985559055277811,Inf,23.63457631878874
-11.257789847930217,2.5233129387172504,5.251778221443413,Inf,24.460688724674178
-14.505056169652555,15.132411731236814,-2.4300595024414235,Inf,23.227414663746735
-18.64281885424426,19.537355794396916,-7.7607507826561495,Inf,Inf
-11.280224623817103,11.25494379820596,-5.109744611877707,Inf,19.47715531364591
-11.336725191319283,14.876691457693099,-6.827867658914473,Inf,20.092717380645226
-13.012632970841018,15.535111572331111,-5.155238400672291,Inf,21.43115386377339
-13.419823371238166,12.439478574832819,-6.172112506217546,Inf,21.76922804142101
-15.320139787033451,18.70538785426205,-3.8998576442595123,Inf,Inf
-13.462518842515365,17.463051299883254,-6.673757780975764,Inf,Inf
-16.18418603834491,14.097704474606644,-4.855752999864276,Inf,24.926090133561317
-11.789240288483969,15.91944650016326,-3.6590889271821503,Inf,20.266044320007097
-11.58043756867757,16.468492149477136,7.290827451930284,21.424425748221775,21.424425748221775
-12.70098299201865,12.86265521961495,15.279460366977403,26.36704740074574,26.36704740074574
-19.10633492458974,11.648178023815163,9.476287775997505,29.96465567044076,29.96465567044076
-15.362193171454068,17.164053714548857,2.385186768171579,Inf,23.723294402808676
-18.8628246355033,18.404629913061527,0.2883277801448969,Inf,26.70766923494487
-15.419257257444325,18.594561828044142,-1.4865379703828019,Inf,23.670369672918714
-14.919307481737976,19.505609524434988,4.262933120635033,Inf,24.27163827223432
-14.990103754498598,18.653250972528888,3.9241985581395156,Inf,24.01709734696739
-16.67596779642662,18.228362607014915,19.133239267252094,33.8855448745885,33.8855448745885
-17.256489757765287,14.961828277574043,2.5380082103652057,Inf,25.705483910320623
-19.932518301836755,16.435583992338643,5.6412739767107745,28.19414950354763,28.19414950354763
-19.646146387303148,15.022881968669836,17.29997319224661,Inf,33.915845071342645
-18.315153605738086,15.480014170371092,19.225749218143676,33.711615138461376,33.711615138461376
-15.03545696945185,19.355147521147202,15.021833687085405,29.317769063456414,29.317769063456414
-13.158562294719527,18.356264548986815,5.09740871718213,Inf,22.56862147286601
-13.162523578016181,15.852385012987384,4.141016139341886,Inf,21.235433875742345
-14.239166942908117,15.147580173000172,10.172355210697141,Inf,24.884277174305737
-11.21561213274978,16.759125505410836,-0.09198743102119877,Inf,18.876182563966495
-10.986055112872526,19.095996774022396,1.2480525712265162,Inf,19.480599927779878
-3.2733832231469933,10.23517649111918,-1.9150441167098293,11.261448907200458,11.261448907200458
-9.105158598878917,7.196465793286588,15.431167295909717,25.495719070432735,25.37881677090055
-8.18498244684073,8.415072252864366,15.000847004979285,24.415882861615323,24.324669407369058
-8.462290654904825,9.313128372130926,2.900247740826593,16.750558702469743,16.750558702469743
-9.210372255012782,3.232552319967887,-7.429859479747902,Inf,22.61250681446514
-9.508094971132905,2.511749804295455,9.30554547823295,Inf,24.31789900106997
-9.794849481495103,5.786668701925848,9.171181485600162,22.227950316849412,22.227950316849412
-9.103966670447425,4.968916197425415,-1.0157337121515013,Inf,19.1695434956975
-9.038747666011941,2.3662055106632884,-4.519579319995088,Inf,24.098671094680576
-8.276562970248795,9.273608470522738,12.745277166985218,22.000708598054324,22.000708598054324
-8.21482993297134,8.679950946186015,9.467065432001611,19.756895540198677,19.756895540198677
-9.994317012933402,10.128503589414002,3.4866785308653974,18.034723055180116,18.034723055180116
-10.013033017800232,9.39295216498504,5.549986472737196,19.23570496719602,19.23570496719602
-0.567255593871792,6.99758209013261,8.806296627928269,17.62318223509716,17.62318223509716
5.636590794944087,6.912415394562483,15.00901608536509,22.23187329386218,22.23187329386218
-1.2330824124915836,6.291537828212537,13.646912113907874,21.74487716603636,21.74487716603636
-3.2092764640297773,5.94126217734668,8.76649264514974,Inf,18.574147570318317
-7.278538520598676,4.363365833634969,-5.2380438984789635,Inf,Inf
-2.3037247712669817,4.709030021683613,5.512066754485776,18.11080862076659,18.11080862076659
-4.734476605430968,5.271363068383739,9.94865109471646,18.975698564037856,18.975698564037856
1.361790028365153,5.046668289823906,1.6557635612554904,18.477576965719667,18.477576965719667
5.398028546156752,4.068201171082446,6.0758016617157935,18.54375502212075,14.083999148968896
3.804026029056196,4.2222880260393225,-0.36999578216682494,18.975825581703916,18.975825581703916
2.73432363245103,5.011624713688747,5.759218377944535,18.790220278351743,15.557720439991208
3.555043289291042,4.364907360695653,-6.173347376199931,16.76241696201167,16.76241696201167
4.993801830647129,2.610022154370082,-8.165652182557546,14.056860021274971,14.056860021274971
5.548112141448591,2.907403901888781,-4.267419329143589,Inf,12.527858464726744
1.714178386120551,2.7254999459994593,10.737967482512751,22.318318777150687,22.318318777150687
-1.1110444391586505,4.818564876280654,8.706894405737415,Inf,19.250940512674973
5.777664425976845,4.113653885770525,10.344789654455866,20.479753277709545,20.479753277709545
0.2911903866192205,5.94395193711869,10.9979667713095,20.202035472129083,20.202035472129083
4.976880269811819,6.377815085702512,-8.352151005772752,11.72027171237475,11.72027171237475
2.744936910601872,5.853123733964765,7.2000847082589985,18.274680933522564,16.625826911728186
4.417231983683287,6.084202708473796,10.990777732576184,17.999604151190002,17.999604151190002
-0.6902212389065632,6.086212616092361,13.306483639609539,Inf,21.538150901085235
6.950719758418735,3.7523916474200014,15.38335741673363,23.58088172992227,23.58088172992227
6.102235835998869,7.188359062022265,14.648644473098983,22.032062762440248,22.032062762440248
-0.8270310463743229,7.721280413830769,11.51138641375658,19.22368463660287,19.22368463660287
-4.126613011637792,8.414923701875658,-8.744757057728343,15.234801424223797,15.234801424223797
-2.395214823992138,7.480145067708513,11.029672958735325,19.015783942650458,19.015783942650458
-5.942608565108092,7.382049538525539,10.096921840561805,Inf,18.903199194621223
-6.903104425935984,7.8350694677024,10.00760169391522,Inf,19.65080281827162
-7.4495355371595195,7.120729477259733,11.357436667499812,21.555306906361857,21.555306906361857
-5.553049650657016,8.546713527749965,7.256020763275348,16.81698424434515,16.81698424434515
-7.5265595409096875,10.174226804558089,8.358571900448155,18.06661570101806,18.06661570101806
-6.658661567900799,8.804926427578927,11.421051344993298,20.413585328717097,20.413585328717097
1.4523271773265307,9.798746898773942,-0.10672716838032059,7.636839166991952,7.636839166991952
-0.25888309581262803,8.293503563568862,-5.299443999959461,21.682187439471498,21.682187439471498
4.835845033344526,9.103047232523068,-8.815805848608242,9.52860613190865,9.52860613190865
1.0516822249070579,7.890585979725849,1.5903043867916722,14.858214183249316,14.858214183249316
5.4510109845979215,9.930588146179453,-7.485641290114744,Inf,7.91938494548914
-8.350560233685203,6.451593050699202,18.566872906589268,28.470656324280085,28.12484105448505
-9.576437936549338,7.290207519370917,19.95408699995133,29.589548658887974,29.558009301669784
-8.469913141518042,10.138045985469084,19.207095214327722,Inf,27.397926414807145
-4.675373192103125,3.6689465567074038,17.64909884032116,26.987054561299157,26.841328060343187
3.131727882089468,2.615245912824218,17.953058094177266,25.883735674625797,25.883735674625797
2.6569083023241973,2.2329750249626983,17.201969398746762,25.51689063284698,25.51689063284698
2.002591888430196,6.756528538504494,18.27218648164515,25.700345815623916,25.700345815623916
-2.895433628355299,6.802814704778459,16.98830237183897,25.03361243434822,25.03361243434822
-4.6497962788740566,5.354493854443216,16.396458188580695,25.212873123906455,25.212873123906455
-7.820556725080232,7.752326035443737,19.720809911946304,Inf,28.800203418540825
-3.668278613837721,8.055650414103297,18.45356511448908,Inf,25.8701154086958
6.28522938541834,12.17464993023082,18.82874934879485,24.050733369528146,24.050733369528146
-2.512259875368894,17.846841464247348,-3.224499320085883,11.913962650825738,11.913962650825738
-2.5579637977144642,14.915671926033376,15.9859114738261,21.43503980048194,21.43503980048194
-4.258539043850309,14.435639353171759,10.490645925844497,17.195281260624512,17.195281260624512
-5.282485850527738,12.177068723207647,6.640365257888625,14.867578036056866,14.867578036056866
-10.011435020685227,10.520395698685022,-7.6983550952000535,Inf,18.780121572439988
-6.775294916105299,10.37842265369133,4.18730974224216,15.770060433686755,15.770060433686755
-7.385306049738034,11.212643327862885,-0.609094793105676,15.278176858528123,15.278176858528123
-6.779757530011574,13.528795744359911,-8.859876580729784,16.9917559697395,16.9917559697395
-7.295326512992126,12.819874336500561,1.49498102634076,14.927927871931429,14.927927871931429
-9.455653834298667,12.349411015432253,10.41700231162583,20.49856554466677,20.49856554466677
-7.917601325984505,14.715725564653319,5.362581941829426,16.92924045850513,16.92924045850513
-9.787737088244581,14.385260660498965,5.302654455173965,18.606757207677425,18.606757207677425
-6.984826169174223,14.72786684535059,2.7033735643252115,15.018012758548307,15.018012758548307
-5.862579035325766,11.747327509995664,6.906382654631386,15.54380268506976,15.54380268506976
-6.032098610162242,10.852400112115745,6.349107373656892,15.600263957530098,15.600263957530098
-2.6777954959380708,13.066898780619375,6.082612030803681,12.50721844295532,12.50721844295532
-5.1352407145720935,11.186598100212333,1.6319200954048618,12.727151546383439,12.727151546383439
-4.687694026240337,12.22332804745757,-4.004862813485293,12.769573871459539,12.769573871459539
-3.596863689627085,13.6311989534843,-3.9853186791944566,11.753845014100417,11.753845014100417
-5.862063940311568,12.432170724081772,14.641790027440145,21.66156021119265,21.66156021119265
-9.221300103130545,11.362722138190993,18.12986182675477,26.620877982078937,26.620877982078937
-2.6905072039331657,12.614454475216235,15.028538828820302,20.316388888990677,20.316388888990677
-7.210519209869801,17.777182101846748,12.011744060154314,20.78663400603298,20.78663400603298
-4.700978388008581,14.928830987352114,1.0030334953765347,12.163629528500522,12.163629528500522
-7.0021144699742255,15.749201742982052,9.136491213598674,18.11250417923818,18.11250417923818
-5.418203114108655,15.012209438016853,4.146915051198576,14.451889026550923,14.451889026550923
-9.984137054952615,17.08155389574921,7.181854826841139,20.311991301995935,20.311991301995935
-5.207584200345741,19.109717835978543,1.486446223586995,14.562472467863335,14.562472467863335
-7.015528811782579,16.229053295331248,-4.216906056252645,Inf,21.46828237280783
-2.86883382153043,16.37279967703283,0.8732822863180871,10.910562781528984,10.910562781528984
-3.785590576392856,18.45004968753868,-0.4051446906109213,12.711069980642602,12.711069980642602
-4.231679426416033,19.624306743258046,-6.7077246480598784,Inf,16.185805941028608
-4.489583844750955,16.62656670442758,7.323376334558532,15.245136285710373,15.245136285710373
-3.2292861517153,15.605890194051483,17.83526613240206,23.482957188891376,23.482957188891376
-1.3203403068685944,12.722249140485502,3.52128002574765,9.79564431390698,9.79564431390698
5.175019437452775,11.701855532776637,6.383816902276074,10.695060827243761,10.695060827243761
0.22847738036070808,11.305448950585486,-3.190232407046807,8.507955548531477,8.507955548531477
-1.8267307029268487,10.573474374518455,-7.8121234494277125,12.964986681555871,12.964986681555871
-1.3919153332169358,10.925872222301855,-4.4552198524417985,9.561745519323122,9.561745519323122
1.1262132408517829,10.739073084851043,-7.244849507131379,11.547956935389301,11.547956935389301
0.721721609005705,10.592888590546643,3.527411342213071,9.009703741774356,9.009703741774356
2.4144297054384296,11.43999525220157,-7.238507873367945,Inf,8.587028384530472
2.0347381119507375,12.673062218384068,9.32234255419609,13.372039749777379,13.372039749777379
0.37124121114045394,12.169574727009092,15.715511013815956,Inf,19.997243485969552
5.66863584534957,10.367603400318917,14.249224207839177,Inf,18.688090164955362
-2.08654509676661,13.648661638186525,11.795351387007909,17.031820012378372,17.031820012378372
-1.8579816785680414,13.94474196628557,-0.2658162594541835,9.102942626058333,9.102942626058333
0.5119257047052805,18.51762013459797,-0.857116737830026,9.899441891507099,9.899441891507099
0.6051137667076674,14.652364521835004,3.0735462605556023,8.323108138710737,8.323108138710737
5.5401318770770835,15.92004324788266,-1.554758532130009,7.482068480547573,7.482068480547573
3.073491954676477,13.220305699179193,1.6752850784190727,5.647369900143219,5.647369900143219
3.440303960161451,13.144589518128498,-0.19081562784991846,3.744052839488732,3.744052839488732
2.989573812514756,13.540046012768343,9.8636067426554,14.770731651700403,14.770731651700403
0.7642114226349861,14.037532750675311,6.500120563858669,11.005419515774388,11.005419515774388
-0.5842731801765844,15.93036532504128,7.869239122321563,13.17391236021723,13.17391236021723
4.001293599087514,15.155034224373239,9.728266292099956,15.711631942300219,15.711631942300219
-0.5680763768138064,19.275423392267612,9.34622097490081,16.20317771355126,16.20317771355126
5.7518167975771135,19.04415990869655,14.637146654675767,22.214457210673647,22.214457210673647
4.845266417251153,13.193337495860305,13.470230120672433,18.409373070431954,18.409373070431954
1.777868655969364,14.95428875084432,16.624770317468318,21.026804778674467,21.026804778674467
-0.5559601613873255,13.350260570470624,14.105697566069964,18.755258068770743,18.755258068770743
2.262656306824482,15.443311522104352,17.171676743293595,Inf,21.69900048707236
6.4015883455500955,14.051586105122936,15.480806464836817,21.046437889544475,21.046437889544475
6.392180820413735,14.09330717504077,18.67343379609526,23.911756016219137,23.911756016219137
1.409110230343309,13.501866063034129,19.660342566702546,24.412098461777447,24.412098461777447
-1.1813338167008958,15.740243692497629,19.92105006551897,25.07359932460538,25.07359932460538
7.414514063083981,-6.24589751811075,-16.41362719555798,Inf,24.545707483481813
19.11177763386459,-13.072748783433443,-19.150432544463627,38.363159374512506,35.05126993427563
13.075754337948027,-9.262797110977594,-19.257328939552636,31.562684340503726,30.001977673844294
7.537276805198935,-15.882125659100073,-19.745194506584667,37.583646981553244,35.89266092227599
10.10539931143585,-16.691575045422145,-19.723389886308908,38.00785449576942,36.10213055672899
12.707364803503026,-14.544232537876978,-19.163181465401344,36.12142881040422,34.21570487136378
11.445415069194212,-10.980827924226206,-2.020303739321463,Inf,27.0616587734774
9.240937771172526,-12.066814560291252,12.12957284787506,54.586537758356684,33.929139565304496
8.705965886044229,-18.64416906664929,13.0601621929031,Inf,42.36143096263574
11.1998537962059,-18.51291978905642,-16.736062658826665,41.01162038497721,40.44858843850332
8.206168250933146,-17.545121298465027,-7.53552028679886,Inf,33.01443279495656
9.168451972790443,-17.77638116702958,9.072852516065943,Inf,39.99408115489084
10.023154352031376,-18.021972693201675,8.885055120424372,Inf,40.04655858807047
9.537628597094052,-19.295410447156502,-11.52032542759355,39.44798736880673,36.40219953460862
10.449602673583573,-18.573688361563903,-0.6682465314614738,Inf,Inf
11.035659882932684,-12.958205966693992,-8.600280920667434,Inf,28.383465180717998
7.179180256579141,-15.492088730894134,-8.955209059563387,Inf,31.441743213587177
8.465673523638735,-15.20177195581935,11.60695769202201,Inf,39.042464346200845
8.453129566074445,-14.424571308297347,-4.410063148784333,Inf,29.566252679169605
8.378945887652407,-14.763986962688938,6.567369650920742,Inf,33.84487329699793
10.627642873781422,-13.069498381918772,8.746436046112631,Inf,32.58825263996709
9.590756184947999,-14.988303087308203,9.573941071629655,Inf,35.71898599842803
8.736993876807084,-13.901989512558606,-7.123861568561587,Inf,29.133886992877056
9.926983988022869,-12.229171131227394,-1.3201314605698222,Inf,28.46907932797002
11.440127838446912,-15.540099341105327,8.861830786613769,Inf,37.658732105951465
10.658493871792416,-18.08450153890215,15.220874398707629,Inf,42.8560278144153
8.853945999988877,-7.281657447824417,13.009099126484934,32.342529937008294,29.954545251905323
7.406841622410969,-6.939581216429387,-15.13835451394967,Inf,25.377457045356497
10.346111666333975,-11.480574722005459,-5.589742373085116,Inf,26.558566178435342
8.767284935751356,-11.497664909202179,-4.090309867162887,Inf,26.726345895638797
9.448639374705312,-12.001792438516485,-11.888802298504713,Inf,28.60288091199156
10.610291425836138,-8.016873538873242,-15.449734444161685,Inf,26.418665623498732
9.989936888588282,-10.80287039688879,-15.517730022493286,Inf,29.273703564302526
9.790882231959479,-9.096033185973393,-2.3512395913347746,Inf,Inf
9.371794512214386,-8.453390065626083,-4.978015797350608,Inf,23.498178773298903
9.765705777131757,-9.966132534532015,12.643661859799437,34.29174090050407,32.30565500635498
9.40082040356943,-8.593965001613242,-6.504701223291356,Inf,23.44049545036446
10.391913914538769,-7.229536428543097,-6.432373132098439,Inf,22.22457829030513
10.334655231599985,-10.821430904569551,-2.6547635465829345,Inf,Inf
11.322730638849183,-10.87027555852293,-1.525372880027824,Inf,27.117426772189113
9.87209520859232,-7.237490106364088,15.725655277971462,34.47238712383296,32.00370786374822
8.511360889246706,-9.309636053591701,14.025975942298217,34.447938531630406,32.059953846527435
11.299006434583355,-7.439324441805235,13.350814994674835,32.9691454286264,31.08020543070849
10.267586871965754,-8.376858673844154,14.861755910396298,Inf,32.34160155613725
17.305577800478147,-19.84081986796599,-15.40509473579271,42.100228767749094,42.100228767749094
13.717718591606612,-11.655818693183857,13.49872888503598,56.12686726067665,34.763214759982844
16.931958053184466,-9.057396731162424,4.044194116492736,Inf,27.512854132537154
13.123075532252606,-16.96491046855682,12.427188333985306,56.234129040065056,40.96720217893169
14.886416836943859,-17.643375509662018,-1.224436369490192,Inf,33.671041016835545
16.19941363219489,-18.23286366000735,-7.9510167349913985,Inf,35.80141024387375
11.517377827977295,-19.591562087379472,-3.256518623180522,Inf,35.079359189052745
16.323288711321382,-18.78264737611122,-16.258100138701845,Inf,38.44005739381869
11.50228113917742,-17.80539361773492,6.917007023212236,Inf,40.203122688339676
15.1682975848869,-8.355498055545887,-2.095293619625835,Inf,23.858633123636576
14.882978587081091,-7.461587114834662,-4.397938287655219,Inf,23.054686719385955
14.537363840910217,-9.538168774509863,-16.199037073896044,32.39555384525896,29.024463907275063
12.022884488739088,-10.190103569848503,-17.830007470127953,Inf,29.807001890196418
13.622448506394853,-8.39526177442747,-4.5417055828990005,Inf,23.84179340633684
14.900354959469773,-14.936806801242888,-14.35941723167808,36.538944517136585,34.63322057809615
15.662843396786911,-15.659763156403725,-18.908741181640963,38.11758979202702,36.21186585298658
12.822676918791068,-7.591411250884308,1.4766453037244176,Inf,23.825136954889267
12.227831103503952,-12.533989830494727,5.634835846291164,Inf,30.791078738421085
16.748942392121236,-12.142132689052332,2.4782296046357466,Inf,29.329478133251346
15.264777112574713,-6.710947493567367,0.09631704817939735,Inf,22.73651312583663
13.243125865472756,-8.70968522114266,1.759440108393484,Inf,25.532388068485535
16.30989489569616,-11.794525590171618,9.977994743092466,53.30345723653868,34.148053419639254
15.381511138688367,-11.052114492755303,13.151602624972924,56.360183265964,34.44796768055876
19.506335965082783,-16.852895352781374,13.202658035764358,Inf,60.100720915141395
17.74893745085896,-19.10833535651524,8.74082256245579,56.696199960719944,43.859444912922555
19.393534763304444,-6.718173080960694,-14.984158758285995,34.011339362381115,28.33164503904506
17.355910590019462,-13.872791401457887,-16.271592161023296,37.294930350490596,34.37144532493113
18.89316271944756,-8.6478453420077,-17.342835166948998,36.844243588841536,30.626466366985216
18.449283902583424,-13.291098060927986,-15.850310071165907,Inf,33.2501229929101
19.29031832545207,-9.153058031890016,-7.162312446688821,32.86438241260401,27.109832968434876
17.312516517176988,-8.800209554747775,-0.5123822841392567,Inf,26.20415244475352
19.17127698048504,-15.936992974924857,-8.153777353173108,43.18628069671343,33.902127418427725
18.047039835006956,-11.283672775092892,-11.4140000957795,37.394359566997935,29.477779502965795
17.60429073296926,-10.166745665340331,-11.129790164427158,34.01470519219319,28.277493145956598
18.76439853573092,-11.919447382846275,-14.289709425456856,37.43840094125272,31.148647989467705
18.997119735842546,-14.11553443467751,-0.5374076283471467,Inf,31.42794292334753
18.351388717255887,-16.801324054763054,-1.8915731021335986,Inf,33.36621042281651
18.24148145378848,-10.118646611808915,-4.847317476050668,Inf,27.840199913402195
16.94834062265692,-9.500942779466328,5.716084633468171,32.83073834740155,28.574731792558534
18.960294751392198,-7.491992452682501,-12.2946553801515,26.68348916474085,26.68348916474085
18.819420523153838,-7.564913467901837,-7.037839558382428,25.448676324328776,25.448676324328776
18.72431888478725,-6.478050863965157,12.406031706658347,33.17470118340282,29.851217027895505
17.574309469056985,-8.290868170179628,0.6560265228968447,Inf,25.59017108468769
19.875367094462064,-8.81187250141867,-13.336143911878864,34.5779267589812,28.59500893544564
19.87683075007527,-12.525322007502755,-5.2972514435113105,43.51067397576685,30.702815335662592
19.192577340474813,-6.52140239263832,15.287281431234177,34.93830125622297,31.551349687354733
11.902394305289377,-9.117847104342856,17.357540376599957,Inf,34.32852981145575
14.887272823704656,-17.726402300419917,18.467179368032134,Inf,62.572405902472305
14.89974694060409,-19.550657627516124,13.66631690307586,Inf,44.24569927574708
14.866498823427335,-19.236383509886572,13.604420126123458,Inf,43.97719656156917
18.513715693937172,-9.750915550817085,16.16453741339103,Inf,36.40763960716892
17.57348717008138,-19.405689435456246,15.569465176029084,Inf,43.41641417709997
16.330672154313213,-15.079253283633172,18.33082972148341,Inf,41.07450564334742
16.69685794326991,-14.396629331494744,17.258784851284815,Inf,39.35719913909705
18.854694694135333,-11.682466363044908,19.110429476932104,Inf,41.370035623300815
19.765115029500322,-8.039053622812657,14.574818794671671,Inf,32.471152755697396
19.73822400199502,-18.15797028124824,19.791517718446343,Inf,66.20493283295112
9.739420284887164,9.983172536142291,-14.21695189631004,16.647586021036847,16.647586021036847
7.338065371010643,18.746982246433745,-15.546106332870329,21.18376297232974,21.18376297232974
7.318177327839699,3.8372261606119977,-19.01773217556336,21.781562098574465,21.781562098574465
17.151391903248687,-5.8483920622758045,-14.238782412279738,26.098128068521465,25.637300814439854
18.08400267084871,18.484046984667877,-17.6793082364182,24.493835963309532,24.493835963309532
14.06767984869056,6.3002644116378725,-18.06944609605992,22.077194082288727,22.077194082288727
11.047650171976109,7.651487768955114,-18.264551865067435,20.545404206305104,20.545404206305104
7.672356793400166,6.740716399035669,-17.91835107741452,19.530960045696034,19.351168708662392
13.588796262050515,5.801375462502712,-19.54414616109963,23.168854101139615,23.168854101139615
8.9489095248301,11.393536730104962,-18.59226030652775,19.85128192493228,19.85128192493228
7.429927600005648,8.60114853550888,-19.35542901566306,20.969954401145984,20.864465617629445
17.01090233882592,-3.9608298018886785,-18.975894589367968,35.02057379673691,27.063617130685728
17.518101929335927,0.5998609732503191,-19.537694748105814,25.989804044622538,25.989804044622538
17.706711528203982,19.345809213175727,-19.784516654998274,26.39709316097625,26.39709316097625
12.003150081682215,14.244146183601828,-17.259087948093985,19.730250060405254,19.730250060405254
10.16308178484623,7.133974254801004,-15.972203041893493,18.13652480105003,18.13652480105003
11.42938731951503,6.518931934523486,-14.481198188748277,17.618054479249288,17.618054479249288
11.748003757144396,-4.677542963957135,-14.993556442817644,23.601412612733952,23.601412612733952
9.5596426959709,6.151903906267037,-16.149503387020793,18.26953947585413,18.26953947585413
8.267860879214304,19.87350713549057,-17.634820376271023,22.90124166348252,22.90124166348252
8.357538939892546,13.66796403690499,-15.03725693151039,17.41887387453539,17.41887387453539
7.424487344817532,11.632753980463171,-15.287239539104043,16.83476792750934,16.83476792750934
8.998604982293852,18.16747236760648,-14.36841456866551,19.752549150487418,19.752549150487418
8.956259691631132,17.981199578221343,-16.486775777259453,20.6165781210223,20.6165781210223
11.926700204577891,13.848909940944203,-15.882306221062885,Inf,18.455356222256302
15.85648665328091,11.647761813451094,-15.92066658339963,19.28271998963462,19.28271998963462
12.383029955538845,-3.923495044066758,-17.316340507620467,24.510761731451026,24.510761731451026
19.543534383070778,-0.2854257452382214,-17.376708803076852,26.42182655936525,25.96099930528364
18.07912572779351,0.3865014002737155,-16.97309451890094,25.022688819448422,24.596792257651128
19.165931341663835,2.324939015554204,-16.443675684702423,25.188671473081623,25.06187257563343
19.859274862707906,-0.08474137258734515,-17.136044308896004,Inf,25.912575654161536
19.473661863759887,9.401653669521643,-15.69661029556329,21.078328509887445,21.078328509887445
13.487805660300168,12.932512180978513,-14.500426701911433,18.739847349839863,18.739847349839863
14.41804797285183,19.944816665767064,-15.76920672097077,22.663950339296214,22.663950339296214
16.36203272010927,12.570585461075751,-15.112271283522452,19.06940411404373,19.06940411404373
15.72955824951702,16.866195243580577,-9.736740092578593,16.66242181570929,16.66242181570929
10.701252208248519,1.2843717987157177,14.392949518285448,24.1555087889629,24.1555087889629
15.25860820296969,1.2520764016051977,-6.05106930412564,15.888738548733638,15.061082056972062
7.648355685996762,-6.243942951730643,-11.04274586214209,Inf,23.60861344274334
13.560423563056403,-2.5170623898735727,-12.685242569868791,Inf,21.098595518471356
9.285993775871304,-3.1349551085127025,-7.415050887442032,Inf,18.67002082460716
12.244358446469015,-5.295966332950046,-8.960917609827108,Inf,20.85953828403079
7.72977872105794,-5.5024196509379575,-6.546478203650352,Inf,Inf
11.725895606286354,-1.14112772722833,-13.5485418013708,Inf,19.7810999539457
15.31666569166265,1.2748233072562627,-6.886291919880803,15.984379829984388,15.321968284807959
13.447727339980617,1.0188172241633175,-11.427524793924793,17.343998457855832,17.343998457855832
11.601161565454632,-1.9182874218058572,-7.107551365950906,16.953468201649446,16.953468201649446
12.007891350393876,-0.8420934692342996,-8.643788669541221,17.30829677837606,16.630253446938752
9.125669941341059,-0.44148456087280863,-12.313362381687796,18.086352089161373,18.086352089161373
14.51984004882835,-0.14377869433363344,-13.526521631674031,Inf,19.972085719546335
14.135302637629003,-4.037827789267068,2.110204485180791,Inf,21.268693785389548
7.097497424889454,-2.7002302641955893,9.64169098525156,24.00357690839124,24.00357690839124
12.463506666559077,-4.167248497331242,15.783114805252211,31.99208270993922,29.53559745021476
7.623282093897579,-3.721184138292301,-5.244561118525866,Inf,33.72054498090414
7.434744296216927,-6.23899327894657,6.945342987658165,26.33238185879897,26.33238185879897
11.155686354250243,-3.2632299592650504,11.008482310638037,26.289920660965016,25.8141342457455
11.034663254779716,-5.233661522213513,14.82335821372088,32.06100088848275,29.75036496515902
12.89481387224366,-4.275639757232028,10.611194553734773,26.795651279328297,26.312541292313288
7.680971136950152,-6.078312830102224,11.610160070360234,30.344630519503067,27.956645834400096
10.36301694583834,-6.231973149363981,3.2268564890508067,Inf,23.990327598877702
12.615901154106702,-3.615645863734045,-3.972053448604367,Inf,19.063985852069433
9.080704110174107,-5.7119627590191335,10.468367403987404,29.46482742167428,27.100101008536853
10.748123252044,-4.1569178498731585,5.150442571313938,Inf,22.976812772156464
13.889321140979511,-0.7817786199411891,3.3879069171641873,19.08810617786857,15.547183007666494
10.242073101930977,-0.24718600637081423,-5.763471083385996,15.208660699718411,15.018746949119311
13.143828268728498,1.2624953033015274,-2.7520696818576873,14.007966798010647,13.960808340020929
12.946439345166965,-0.6265489101193538,18.200409079249418,31.423379342151758,27.861862685432023
10.870821890091928,-1.5332394229167363,13.920666762884935,25.937909121328296,25.937909121328296
12.272076011489204,-2.2127837060941324,9.039177675377754,Inf,19.147910145833016
10.881334137155143,0.2771772681946949,4.788358958962789,18.651754265227158,14.028971938125157
15.674999936964895,-2.2529912336025326,2.625011835759672,Inf,17.983394045786806
9.78044635887624,9.06032265975761,0.9637917783608501,10.16166054099898,10.16166054099898
12.508866826493716,12.786686161887005,-6.188382742612415,10.369085063793404,10.369085063793404
9.852443117561105,13.473792920198917,-12.81834797083837,14.736338152737005,14.736338152737005
7.289834392285897,1.4226206620471693,-11.44526117860047,16.383413664556205,16.383413664556205
8.464870649696472,11.456252492051135,-13.662490648821448,14.89740911898754,14.89740911898754
7.658341583753234,3.12832536126475,-13.483192321857418,16.808362891584782,16.808362891584782
7.7779712257070415,7.791598640662436,-13.97786312743671,15.520668183681085,15.520668183681085
12.017039059214873,3.576228248178303,-13.686727376826067,17.42509307249587,17.42509307249587
9.11751904603479,5.623027682666695,-7.70453667647593,10.469289035059976,10.469289035059976
9.016944865009897,6.4345528112915495,-4.068475437365251,8.207262049135323,8.207262049135323
7.20025054866089,5.337190763151494,-9.181439458052543,11.950996170681602,11.950996170681602
8.802256650743622,4.707507371400759,0.5109847343131868,7.529255153866484,7.529255153866484
7.254242924720764,8.02357395042641,-9.248715746883933,10.756957568563575,10.756957568563575
8.892670449344209,9.570689891932478,-4.025496146033207,5.06836938794994,5.06836938794994
9.96505481038735,4.596212463899985,-2.0757486954319226,10.517860100020279,10.367507424730958
10.12600387547976,1.6745705273684237,-8.058702639970097,Inf,14.020272369003823
11.441954206208838,3.360551788996318,-5.224494886737752,Inf,11.366556738751525
11.009076165145089,6.41730834010616,-4.435676698254785,8.18012014818995,8.18012014818995
7.1311647664172995,17.053164202944643,-1.9644592238792242,9.404902701804192,9.404902701804192
12.694797445065035,5.090606783463247,-0.858289780117456,11.743585527872126,11.673353570995145
13.085438176135042,3.503984298510705,-6.19651724346161,12.755862514682024,12.1675122279414
15.173095026286063,1.7203153199512116,-13.102746830123548,Inf,19.471613018434084
13.53923757846799,2.1421059631915256,-3.8966793654791516,13.831419030326405,13.177078249453551
14.845368139026654,10.563546637914946,-11.845523084045224,14.946283925646004,14.946283925646004
15.163896290043503,11.54361775187919,-9.133095740958703,13.393529537021642,13.393529537021642
14.094488099829803,15.424654718130462,0.5302235323088311,14.549556939356954,14.128302767555972
13.627785927273152,12.098779220306852,0.6434606882726897,12.1825602879873,12.1825602879873
14.41151063773043,16.142521579431197,-11.678712289603768,17.0791821835561,17.0791821835561
12.770939118867652,4.660385590344038,11.08595110702425,18.996311998634305,18.996311998634305
12.221958145141976,3.9893076453754546,14.063513290623106,22.097537929606446,22.097537929606446
9.673113821049988,3.3764978901778164,10.127838341272781,20.666955666080277,17.276760052448026
10.909229581030793,7.247036277683687,14.860462369117833,22.607253448548555,22.607253448548555
9.896456455967318,4.150169444040284,3.608980771772856,14.485102689983258,10.861743447490612
8.0581704631225,7.339725636699619,3.574784015450021,12.062759253030919,11.63645654725786
8.78194935203733,6.245475033682915,12.271317603173053,22.55114771669369,21.966358831730513
9.829734564185824,6.6534040926720905,4.793963254735409,14.404937799936015,12.34445296069272
9.678537923150444,4.4785851325157395,3.604093143839666,14.274766690880334,10.752234193964398
7.6115698611763065,4.429249128852941,7.968999809352447,Inf,15.086844156975133
8.238972157493691,18.98930670654839,3.099362354406658,Inf,7.745418468304993
11.083957429016309,7.453906802072865,14.276416512435084,22.031453853289953,22.031453853289953
12.151516940136673,16.713137425866506,13.219627222290882,21.021695668945306,21.021695668945306
11.132494129102959,19.25558232041115,6.3047228153593515,17.46357523639646,17.46357523639646
9.019848196583169,19.04513120674654,16.313902895512406,24.859820519965226,24.859820519965226
7.817764829678815,5.248094585420127,16.72000367683438,24.714269470510988,24.714269470510988
11.666869049006003,18.261844780396302,19.087628889895868,26.936666799063968,26.936666799063968
10.407501584525136,7.161561228107452,16.70293120225189,24.216616291580117,24.216616291580117
11.24086755714833,9.663829751703624,17.025535940640964,Inf,22.93593497430307
11.004640246620554,14.064654671045666,18.98225499743888,Inf,24.54700929918918
11.679811612268686,9.69260964701811,18.111917541540635,Inf,23.65443242637233
14.832737393152385,1.719753388232192,19.219215522493116,32.01433495083754,27.315027866793088
15.433637756466709,16.090754886653578,15.674668519297079,21.45692744648075,21.45692744648075
15.169396584593684,3.1297742164330984,9.94151826614516,20.51737408999858,20.51737408999858
12.815537890413815,16.368297205865183,1.4190971175206997,15.354570096597119,14.620329917609386
14.708860784622203,2.261013991731655,3.942182838771096,17.668750830837627,14.785040616733468
15.064290952488804,12.187327581074584,10.577015612112255,15.025813471928734,15.025813471928734
13.2171898932978,4.245282239451704,9.667326818818793,18.38889222581679,18.38889222581679
14.80758047341002,11.91393281524465,4.651771006357546,9.088712444821535,9.088712444821535
12.869013850001721,19.49691502917674,7.534583494840554,17.429591754220315,17.429591754220315
14.204728287683466,17.59333063327989,14.927891254041455,22.018226204792345,22.018226204792345
15.282980675937317,3.625114994622159,6.58994260114526,17.614380474182866,16.480516846764907
14.435352796067455,4.5904974747787435,16.271925418016615,23.18155413536725,23.18155413536725
16.03014763108571,6.702664282858279,18.02500906915575,23.83451206216024,23.83451206216024
19.087475361195303,-3.9348717960387773,-4.3517430622645925,22.072758978902407,22.06392859341885
19.237819561444,-2.4044319917466623,-13.729637597784947,24.687468206706278,24.453395513090257
16.89948894160178,-4.628938772687032,-10.3077639049652,Inf,22.634818432961154
18.766600751516677,5.780487935069097,-12.906430136348872,21.167280059231544,21.167280059231544
19.349151295402834,4.87511746499105,-13.277169854070872,22.290641753414043,22.290641753414043
19.445306681454483,-4.5577156634516225,-12.418536524963475,25.02152084016464,25.02152084016464
16.378084268952698,4.278809594946935,-2.9671681224994906,14.29634182688832,14.143000520867755
16.270487507024754,1.0869925189588798,11.122607423899147,22.676548209171717,22.676548209171717
16.1745611435865,6.537444427941786,-3.438222863806395,Inf,12.978577984171032
17.009482232009574,4.493279397067997,-1.6418779863843298,14.934694254868887,14.934694254868887
17.754565103317802,-0.46858181043893055,2.6925130120807417,20.057070179157364,20.057070179157364
17.919556075409552,1.8838188631895925,1.1771767833761615,18.203052660854,17.097022784649134
19.519867202072035,-1.689749347575706,-2.1819797361313675,21.086851134097486,21.057408159165732
18.11096058511484,-5.350801582438969,-0.7923147884229849,Inf,22.460734127330824
17.25103564071062,-0.29156210143833405,9.362321323639105,22.80087096391774,22.80087096391774
16.47757288247442,1.3638034397822452,6.288142985202825,20.189582116026607,20.189582116026607
17.164979915570626,0.44334731092363455,12.536123838461258,23.79327274451532,23.79327274451532
17.18946919595504,-1.0048030399066192,6.563432700345668,Inf,22.535981029967168
19.006359053781097,-5.196330277433612,5.079015323759499,25.49894365666813,25.49894365666813
19.77294073682095,2.0240761167030996,8.321382288684845,21.688925265259694,21.688925265259694
18.268966546898717,-3.616955630599339,8.068148185166528,25.58612998799154,25.58612998799154
18.85763562998391,2.4752618470931225,5.927531217313209,Inf,19.38936934578973
18.155571445977813,6.36380640375571,1.4531300271811531,16.31673090423135,16.31673090423135
17.242738676029745,5.273641251121333,-1.396912773713737,14.820175218514589,14.820175218514589
19.084083021544842,6.271077125102636,15.540981982191973,Inf,22.17616609616315
18.242932649287056,14.60724554947636,14.305169995961691,20.490143359502692,20.490143359502692
19.69271450496607,12.886541813653594,-0.09138619796564385,15.966796700991715,15.966796700991715
17.095773866734945,17.773483483749843,4.44058169160499,15.382738498843011,15.382738498843011
17.2744879015508,15.5152760186133,14.196111052093634,20.416366612400807,20.416366612400807
18.149746748405548,14.280252697330553,-11.473856885467208,18.07152446220136,18.07152446220136
17.720574819917104,11.62523546279995,-6.577143353016677,14.484523408974539,14.484523408974539
16.175909474784703,8.901111680370562,9.048126413980071,14.591198820713696,14.591198820713696
16.670397989190576,6.767600252109727,2.1928153212445807,Inf,15.088820027926282
16.606297419345665,9.153130153683797,-5.187289120822252,Inf,12.880165601600764
15.920982327489916,10.665515544374351,12.857557429605578,17.46326557886024,17.46326557886024
18.141307696917536,17.669236902241224,6.669238015154669,16.039067505258334,16.039067505258334
16.8747046264646,15.438289593208488,7.899538960735775,14.308107969976476,14.308107969976476
18.263382400237532,8.061683317123183,10.040343683439588,16.55993113051378,16.55993113051378
18.89470802845554,10.82044893090968,-0.5560096685795131,15.798503664729987,15.798503664729987
18.90786808764227,17.228195439108553,-9.3594276109945,18.779183003598757,18.779183003598757
19.622030714096027,17.473231070381047,-3.28947187745338,19.36711195169267,19.36711195169267
18.685748047871826,12.699201891170766,6.8758461023982065,13.627802804138156,13.627802804138156
18.62633087584571,8.07563181771063,8.135263321967763,15.526889818635404,15.526889818635404
18.315020131151144,15.85453157466074,2.1818926000401184,Inf,14.913723249738545
19.322580973264813,14.98268574288928,3.7013509041473185,14.629991396047672,14.629991396047672
18.131757877437863,19.254415767902742,8.159526056865651,17.877181645204416,17.877181645204416
18.155264600279907,19.114918849426473,1.1728707667386296,17.758426151455616,17.758426151455616
19.957616838540737,12.410399017081737,-12.293486168235077,19.2003474359755,19.2003474359755
19.755540591293183,9.763188876835478,0.23442952898503222,16.061582337805465,16.061582337805465
15.97510061622657,15.594920693637384,16.123185214251947,21.59858018922837,21.59858018922837
19.561828706836444,14.458678933518776,17.6357353459815,23.698322168917606,23.698322168917606
17.835665684841928,17.088116393137646,18.145416230232172,Inf,24.45867819076817
