-9.0,9.0,-6.0,0.0,0.0
-15.747864656630943,-11.22646128961227,-6.2748776674951845,21.324140579551624,21.324140579551624
-11.103148235065499,-15.594531470414665,-14.14557127708922,31.45336787669918,27.899912401204908
-9.55794618267598,-18.167205524944883,-18.455966395112988,36.70558714545071,30.782468534222293
-17.063978979843526,-14.378980193349484,-16.450011418383845,31.076237545245245,27.80914219881786
-16.608178146926313,-17.23112887939199,-17.348363111619626,Inf,30.635257337335126
-19.311734310516798,-16.934364298519043,-15.625194144615753,Inf,30.583906198615985
-19.781080305805794,-18.348891417997333,-17.08407107365194,Inf,32.4938805408593
-15.317997902881455,-15.996023500579302,-14.982976465112134,Inf,27.8074956925718
-10.816073709964504,-18.75222420811843,-15.586750053270588,Inf,30.661220800621017
-10.718261549029444,-13.546469911394281,-19.611039746897532,Inf,27.54773324811405
-10.00235316465167,-12.023265679595934,-17.018813005387177,24.45705121561828,24.45705121561828
-9.079503998118268,-16.741349637048344,-15.149392082640647,Inf,29.544725848766642
-11.624755126242219,-12.497498023863827,-0.8733509112609816,24.417579157340786,23.829626213202353
-15.039656428608987,-11.31415379003017,-12.669623058701944,22.930618275592025,22.930618275592025
-12.894597545160469,-18.94020501480413,1.2784642346385233,Inf,30.564806072921165
-13.323801185907609,-13.3844621190112,0.7067439629424221,25.231547655779437,25.231547655779437
-18.000088610246607,-15.406968239889078,-5.659211982131476,Inf,26.112480097034407
-11.778517496451526,-11.948061146701372,-0.3846024042713658,23.291464255515073,23.291464255515073
-16.94649123202728,-13.871273614039294,14.738315462225287,Inf,36.63890443285933
-18.462381768315915,-19.48486186351337,17.006353064800763,Inf,42.35066738991872
-13.379485860724536,-19.059485381265038,2.5531361926828637,Inf,31.150583952489857
-13.823563764043234,-19.90250403871154,17.337946338655108,Inf,40.35718241163219
-15.87892835104376,-14.813593952842483,11.620149327579831,Inf,32.90487087687593
-16.432920036448337,-11.369025119357161,4.653486633703885,Inf,26.345923276199734
-16.830574770149358,-17.480045745506423,3.720311799904678,Inf,31.408347581365895
-12.855434370420591,-16.478593717091616,3.405815377168942,Inf,28.95966312236
-16.108280980466834,-18.607658079549687,9.961465234312648,Inf,35.200819221611425
-14.249777250340694,-15.659967398367183,1.6912456636499869,Inf,27.794902981489706
-16.570034727144247,-13.726062322748929,18.149670041965038,Inf,37.747954128582705
-16.16605940775825,-17.892619485783854,17.960652152709223,Inf,40.84740644917893
-12.097376231827495,-15.326602975347257,13.264519839370749,Inf,33.033623852275426
-10.713237732003158,-13.915207453519889,8.850090046901428,33.578024790923365,29.172302623066727
-10.763864369990133,-14.198350433122249,11.161260200023449,34.953589373978204,30.47580489362325
-10.295307631802988,-16.63512264043711,-13.336225386263791,31.458715441109142,28.035704862543735
-11.353202528717885,-18.909762408077498,-12.098248885343903,Inf,29.488033519069873
-10.474006789447907,-14.286697845078766,2.8850292751011075,25.910035005846,25.910035005846
-9.745619417089548,-14.313041726527489,-7.197584516245099,25.31823948710189,25.31823948710189
-9.140910558494237,-18.792751933708686,1.7649894800194303,Inf,29.62939845136788
-9.7536912719261,-15.103900256633844,-12.907989941059652,Inf,26.012061754255654
-10.535438696325423,-12.251445389971778,5.250497410085806,26.067388102769463,25.523462727197973
-10.605455684142981,-12.30972618013257,-9.862995063212967,22.479755328022648,22.479755328022648
-16.415964737425107,-4.7717026592872624,10.046078781691605,23.676837301090185,23.676837301090185
-14.367127372238144,-7.803476526050606,5.632163746180883,23.56231984089168,23.56231984089168
-18.944279684607423,14.687193608263193,-8.23956805420889,11.672554761190826,11.672554761190826
-17.549521987875004,-8.325687300315856,-3.415349531805319,20.633350355916612,20.633350355916612
-16.354275061576622,10.596050085031976,-4.356821409056453,7.702776995148803,7.702776995148803
-16.987326084052803,-2.8860737884107124,-7.663574020967214,15.867381862574092,15.316499701935415
-19.365573291299334,-7.976786180433084,-14.749122573991755,21.785753352314916,21.785753352314916
-17.55411007223943,-5.256954001441647,-13.47164107029207,18.277071966355372,18.277071966355372
-19.116309201390962,-9.972813254343942,-10.181284637169163,23.132720791366197,23.132720791366197
-19.152740218516104,-6.464304943228045,-11.210906180652378,20.251209649991303,20.251209649991303
-18.70438926415476,7.29443104555747,-18.73361238320861,17.814933594839935,17.687564315923563
-18.0416709299261,-0.17983628608345015,-19.94457745992282,19.406614091115795,19.406614091115795
-18.770477344101906,-0.3525422410477148,-5.950493089842261,14.678986644375351,14.678986644375351
-19.103259400183905,9.397047927029885,-10.210812841450654,11.971799950856994,11.61435492543606
-19.62214127833203,4.992393056826305,-5.04991846345364,14.226602960576159,14.226602960576159
-19.979673298246414,-0.27021189594978523,-14.517137090682377,17.16450671930756,17.16450671930756
-19.48233074545599,13.994437685411434,-10.764401383840605,12.64721497661058,12.64721497661058
-19.522370546299914,13.728668956380602,-16.322968557713455,16.341605505493554,15.918677054850848
-17.243958188938578,-0.19424702982651354,-14.780131964110685,15.547087036158167,15.547087036158167
-18.142936583909687,13.91721708722627,-15.446374497890893,14.273439807534462,14.273439807534462
-14.471882527693722,4.145220160920111,-14.755940005136186,11.766492289488902,11.766492289488902
-14.512393070928944,3.0599588198457113,-18.120630064600913,14.660832170540715,14.660832170540715
-15.880394702487175,1.3454116706670405,-19.396059513696493,17.1981182541984,17.1981182541984
-14.811702442956802,-10.195043129497412,-18.505068863028463,24.295491033228377,24.295491033228377
-14.71419482504726,-1.66989866711587,-13.766590577924793,14.714255467876235,14.714255467876235
-15.554220264193086,2.255477392176239,-10.631766807795984,10.813914461475907,10.813914461475907
-15.633547685899014,-0.31798992249633073,-7.9757409435140225,12.464798504457782,12.464798504457782
-15.46571707721867,12.116672750946663,-14.1167673630373,11.450563403248594,11.402180568195162
-15.772977548095346,14.300623008337261,-7.214293962594596,8.685870075652277,8.685870075652277
-19.631160281636795,-4.72714894794847,4.997896520690244,23.37318885839227,22.427891136174573
-14.761843784230892,3.351018525377043,4.939593244168677,13.94077494937318,13.94077494937318
-19.607640616582344,-9.187108056932178,6.372485830631369,28.04023119797474,27.547033419300508
-17.140500009020787,-1.106065081709513,-2.906029770903338,13.384236577155416,13.384236577155416
-17.88383674335006,-10.524722820762866,2.3439534209348594,24.566193026262166,24.566193026262166
-16.241215275745937,-7.248600944029997,0.3873640146009727,20.411746981117325,20.411746981117325
-15.005615289376184,0.9253640596486008,3.4303654071315677,15.208982638444425,15.208982638444425
-15.709793228919322,-5.242945597092694,6.539720917453362,22.733683231551133,21.984261963308363
-17.657827313882855,2.2354398554160255,7.164794394823577,17.673047344665697,17.673047344665697
-18.541008874710407,-10.963641003436022,7.722201746378296,Inf,28.94933550436754
-16.634089896584427,-4.529949100917676,7.0830486964746875,22.319877377912213,21.973187428249073
-18.66903556713673,0.033418948888048305,7.172089609948074,19.531540067095897,19.531540067095897
-16.815124487511355,-1.5941196375374922,8.680061754798992,20.47234886197607,20.47234886197607
-16.768868451190873,4.267344742838866,-1.4627646755507584,13.45987899094586,13.45987899094586
-16.371434116258623,5.58649180836867,5.430547885400188,14.76780282144877,14.76780282144877
-19.045992462256294,18.81078603515705,8.28598558804341,22.979133273473437,22.979133273473437
-15.016274815580983,16.758056731326093,-19.315962104297117,18.434550055398823,17.55188619183772
-17.654809756409094,18.14885438735849,-10.222885468066387,13.738150359080356,13.738150359080356
-19.98759025424804,14.880730288609847,8.067491307634373,22.606724028523864,22.606724028523864
-17.863132214942343,14.731739231188037,-18.99294388042522,17.432377038244375,17.432377038244375
-16.54133046963267,18.67972672663584,-10.923015450877118,13.81458691680415,13.81458691680415
-16.542102763410753,19.93707165158846,-18.010160235090744,18.0369337535319,18.0369337535319
-14.414708285838893,15.070011198676447,8.300017774050481,17.0257824185158,17.0257824185158
-18.329156277893865,16.298248500653074,9.937802140047125,21.44322597582053,21.44322597582053
-11.883380582733887,5.880708914201087,2.184251322124055,9.220945188348141,9.220945188348141
-9.025420188418645,-8.728143134897355,-8.908180456059567,19.43301071694519,18.450373215130064
-14.043602899667915,-2.919965125290549,-13.90539374381901,15.654093688008704,15.654093688008704
-14.129294890444015,-9.562525452632062,-16.87718626293516,22.81203038694177,22.81203038694177
-14.102569920683221,-6.66925635763703,-12.839343777635799,18.795446727449054,18.16068214521871
-10.288167857468311,-2.8909913882933402,-10.976887266402322,13.112692682563441,13.102215932530108
-13.927511063276539,-7.565504384246262,-16.353138431758126,21.11269063956224,20.90632810569321
-9.253861334722346,-3.025398149796157,-12.182050101131336,13.835372141707243,13.835372141707243
-12.109880839914675,-10.488359134638383,-8.922734759055375,21.1804692949258,21.1804692949258
-9.92720167691762,-2.8572576652456227,-13.760464065263669,14.72883511600131,14.72883511600131
-11.580897094197473,5.010449935399038,-14.63716779325706,9.857900740911907,9.857900740911907
-9.60644548241258,-1.3452244031382392,-17.593068500607068,17.14009851744431,17.010183644261566
-13.455018634754357,2.866014376459738,-9.457192648013386,8.332175686534999,8.332175686534999
-10.407692743968386,-0.30130980500165094,-9.111656643808432,9.908499887419804,9.908499887419804
-10.878466173466386,0.36497724704353374,-13.655353944482016,12.754203889413152,12.754203889413152
-11.471110588580915,-9.155910248446517,3.076893122928883,22.170931340591583,22.082972584794607
-14.208756819966206,1.7555024538905144,-3.7638396324428136,9.198603453490334,9.198603453490334
-12.476150210708052,1.0075238155429034,3.4006213968050147,14.278500427414954,14.278500427414954
-10.181214229664919,-7.138656750177077,0.028827782251880762,18.206911876541774,18.206911876541774
-10.188770350798606,-9.224367495741728,-4.333479606222417,20.643650224552488,20.643650224552488
-10.829408264094509,-10.659546287624408,-5.5220678202048745,22.406121380405544,22.406121380405544
-11.012781726388585,-7.874404614188215,7.1083198162005985,23.776711556723654,23.776711556723654
-10.47907448729986,-8.916575407181115,7.963271209674527,Inf,25.226506460848434
-9.437577745246344,4.279019438080542,-6.916400349443119,4.828966902932314,4.828966902932314
-9.702381595662679,11.47153722419337,1.8724709156616903,8.281161420624423,8.281161420624423
-10.123768407115596,19.87403356502375,-6.186159477284416,11.98943381425065,11.98943381425065
-10.836568539926095,6.980026313151324,-11.443951158720145,6.090146296759849,6.090146296759849
-13.794184603363568,6.675602649305841,-17.307610939061597,12.664541521068049,12.664541521068049
-11.19692532451972,5.989618678621493,-13.701834285502388,8.556116405412023,8.556116405412023
-13.13547144976095,11.419744210629013,-8.669238739011025,5.484717094116862,5.484717094116862
-10.191635606511866,11.079914797503516,-18.383307794239077,12.976793195218118,12.976793195218118
-13.254967838144003,9.118823393759634,-9.864535889801394,5.74921802909817,5.74921802909817
-13.78755137001666,15.245698467243507,-11.7694643839799,9.757874601689082,9.757874601689082
-13.14765476930579,11.102765648007129,-17.545456264111632,12.958716992323826,12.958716992323826
-10.141413920502895,17.274145856422727,-9.724505314241227,9.145285956550858,9.145285956550858
-12.630442600011875,13.814068260229007,-1.5046465421145072,7.520875573857633,7.520875573857633
-13.33257675793174,16.91999770093696,-2.521138766611184,9.674712420914258,9.674712420914258
-13.91871627188717,11.895000425972057,0.21021041355957237,8.434542703098359,8.434542703098359
-14.324215358052408,19.074766135707712,-4.894550278582166,13.030223756894223,12.941755414077342
-10.283594057803773,14.552171858576976,-2.8123470186293105,6.529575605048517,6.529575605048517
-9.595069600799855,11.610070292328558,-12.354352611348256,6.895242698414653,6.895242698414653
-9.777191441766089,11.348477590266146,-10.22600188969431,4.896781136709769,4.896781136709769
-9.847801693889151,19.64668472636572,-19.606874589739967,17.99925846608364,17.99925846608364
-10.126647140781664,13.99580961018772,4.726344599149588,12.114769033927264,12.114769033927264
-10.89629968491911,17.021238994431144,7.405745124232077,16.20844050046413,16.20844050046413
-11.706790011813029,4.07743497269383,15.37852864761394,24.041182440295206,24.041182440295206
-15.617244928701899,17.044497664440286,12.057461876919362,21.76808159808219,21.437480205887113
-13.661011148362707,-2.5530345582187586,14.026260400035646,26.94578924831421,26.753255542992022
-12.907980248218065,-8.58156286321294,13.410483282474189,29.852613170959483,29.771113659957216
-19.228476638115417,12.23997341581412,11.561464930483261,23.492506253349852,23.492506253349852
-17.848868065807324,3.1644904572220796,12.76503837097082,22.355173505885908,22.355173505885908
-13.449377061452132,7.38803457821632,12.827004372437408,22.12019166688021,22.12019166688021
-18.378292071271165,15.30896724492689,11.32759306914279,22.0191088231918,22.0191088231918
-12.516864517201167,11.176344195453723,12.419894192252187,20.65017937397232,20.65017937397232
-17.507517593470627,9.0957459403851,16.46214319119447,31.050161224877385,27.401126285045045
-17.543867661143526,14.749954503776841,15.668477926327668,25.03754125785337,25.03754125785337
-13.115202001897908,13.096603529522007,19.939183877154143,Inf,27.027366660977705
-13.670073126565185,-7.335555963139866,16.29978511393402,Inf,30.97218564042229
-11.831819382838988,9.135783321565487,15.084082417542973,23.18263873608855,23.18263873608855
-15.377274272755699,-4.559601531562212,18.441555348423563,Inf,31.89783517712383
-16.41160071078529,-6.378569084304395,16.473797134435564,Inf,29.62636978804185
-15.06308323699101,-6.961729240051895,18.345743724201995,Inf,32.366540572008496
-13.960892905567635,-8.453758319116105,18.275733857792147,Inf,33.02093352561854
-12.575022192210481,10.095375392951116,18.23068396371645,Inf,25.62575829518569
-16.74608553131521,18.828390621950106,13.730318042466365,24.46159286417523,24.02927417300293
-15.650746021738584,19.979475686550487,12.659165486559125,23.706560787967497,23.706560787967497
-10.003330821959242,-8.332461008874636,17.86785538543829,34.3997596171782,34.3997596171782
-10.9046352641783,-5.429394426369063,18.65998813983751,35.41059943474431,33.05663917877628
-10.529692509812385,-3.1298153875733874,18.01073400440969,32.991885570499505,29.68153736787369
-10.916634131333511,-6.583002158252382,13.368195218107424,Inf,29.50892634779502
-9.728988129989276,16.011129619289605,14.495117758010949,22.09718239229111,22.09718239229111
-9.08384835291658,11.023142076377574,13.610578979436305,21.54099850824043,20.59502552645007
-10.230792311328702,-3.890708993614986,12.039208640843704,Inf,27.527289700148124
-9.762466159228245,12.654234513980988,10.71815566320015,17.205763467039958,17.205763467039958
-10.518447986136978,12.36995553273158,17.037787594089522,23.576797198210514,23.576797198210514
-9.85483651362637,3.7386086664221985,13.911775739637584,21.654574152719597,21.654574152719597
1.4091138143136988,9.100872788330435,10.228468220097096,19.280119462530912,19.280119462530912
4.845694510430789,-3.2089614260139214,5.586287115676978,23.900140919557888,23.900140919557888
-0.7251299287693058,2.859861599438034,-11.210335852300739,14.492046518726776,14.492046518726776
-6.819658043382315,1.296894114610847,-2.22716456359219,8.850198786440842,8.850198786440842
-5.37404049084067,-16.398354576421504,-11.352014934544306,31.14724680624182,28.27252677902706
-4.773927249742673,-4.4274410442230305,-15.620470561156496,20.18027814562385,19.454647343743254
-4.978647277860988,-9.218277032354854,-18.855578626940456,24.263558521836025,24.263558521836025
-5.28202960222198,-11.276149398187663,-12.977077286376968,23.081296155344464,23.026803569913106
-5.876989271731441,-9.449190629908193,-18.58197985531077,23.51150130660493,23.51150130660493
-6.905446628583922,-13.475838355235394,-12.107592377442895,25.53801968027266,25.53801968027266
-1.8511865743986533,-17.230930906575583,-14.948911583612832,36.25031926959212,30.230998050525713
-2.923853162134016,-3.6149211806505654,-14.955489157745774,18.926269469464607,18.926269469464607
-3.422907426882702,0.5595839711934829,-18.667810319035087,17.505680664471935,17.505680664471935
-4.560313251752799,-17.171895109449373,-12.110803077817094,Inf,29.083889177265196
-1.1597446479439384,0.3282805505999349,-13.285480411409694,16.531587887224596,16.531587887224596
-4.406060945717787,-16.868117965093976,-7.313817960429212,31.8019216953065,27.772812089870033
-8.5811427397294,-12.396531797499097,1.185116896629772,23.182598915571475,23.182598915571475
-8.586060858810463,-16.624430720415397,-1.8630619245735787,26.88651169769298,26.88651169769298
-8.103180799330598,-19.182058816097836,-5.024030836543485,Inf,30.420287255116662
-7.519503202836608,-16.800952822922845,4.908162633676028,36.53181969829315,28.4660768398301
-6.367919002689524,-2.717663720139008,-3.2785418961093704,13.02466127456652,13.02466127456652
-7.244525968994955,-11.347952597395219,-7.7978394879620705,22.805989231546242,22.065377153969052
-5.432134668155308,-1.8274238681799133,-5.938233507416033,12.19707619007178,12.19707619007178
-6.7690783945893696,-3.6779740832990804,-0.4787235725586285,14.123614926532007,14.123614926532007
-7.781142910626118,-8.296931133571759,-2.5004664957541145,18.49595588418741,18.49595588418741
-8.151683084539885,-10.619285231502298,2.3105591136299886,21.731077978582604,21.731077978582604
-8.889007228694839,-9.641741478549894,0.44896993380358197,20.520585697770144,20.520585697770144
-8.742011224308701,-10.834865103797124,2.9330254459860043,22.293901604208017,22.293901604208017
-7.203311704052151,-0.4265816915713927,1.3867659846495606,12.863862655028852,12.863862655028852
-4.660972419784164,0.4653599873782781,-1.331886358055403,11.33070189903533,11.33070189903533
-1.2317091485076226,-2.4731123602757137,1.9089588940962514,16.758778869468294,16.758778869468294
-3.7369050024831907,-19.73117748115561,1.5610994780620935,Inf,31.980611728774345
-3.572357886631252,-2.523089621982244,-4.7583673059192755,14.466623038457008,14.06620665687515
-3.711202614603053,-5.98985264676525,-4.101485265932618,16.990975875414243,16.990975875414243
-3.6731512457809785,-14.408525659920466,-10.998721052645646,Inf,26.361382698157303
-4.3683707680763195,-5.968473578052871,-5.4102039616960695,17.152374213734603,16.505057333937593
-1.3428363186756513,-14.364161282390944,-10.991993661929165,27.998725381953825,26.55027934621758
-1.6411288177634304,-15.915517635365912,-8.851586265238502,Inf,27.130065193291152
-3.3195410214674226,-7.39799253115538,-6.897129345204398,18.231458376565946,18.231458376565946
-3.0482023464440466,-8.760427616521538,1.7982039575418796,20.821424378909448,20.821424378909448
-0.7854424651550289,-7.5981066479974935,2.9916255377070655,22.01585861615646,21.267098716888647
-1.3332402092632805,-13.683522388939782,3.6890787903846523,Inf,26.366996026959235
-2.1690603632140153,-4.936717263361681,4.842710841916578,20.702746023180445,19.904949090628516
-3.026757216929397,-0.9836078791350467,-10.75446995159969,13.968148726114958,13.968148726114958
-7.970407904000876,5.622838178832694,-15.227607246506558,9.879980634913931,9.879980634913931
-6.246283206969432,3.2576765001950463,-18.68296282456467,14.408344346877351,14.408344346877351
-6.463306913636382,8.713197593703068,-18.29574205893212,13.361543702508513,13.361543702508513
-4.949517480068861,4.35138805633299,-16.718472686758705,13.480681140141613,13.480681140141613
-2.7861271276423523,2.2772734958515244,-15.960979873612171,15.013816413107442,15.013816413107442
-8.376938144977375,4.951385272447428,4.6268707718289726,13.594178634723816,12.174886871726914
-8.558383213727074,7.278899095114166,-15.140444422106043,9.311548632978637,9.311548632978637
-7.062879571015559,4.056560517069407,0.3184512052027628,8.253051260613507,8.253051260613507
-1.4048460425737908,3.2300074567491066,-6.322958986402103,9.543766556924776,9.543766556924776
-3.0917863141777886,8.762330334709905,-1.642201771838046,7.345330572854258,7.345330572854258
-3.6604404555697485,7.541008079217413,-12.957245209624846,8.89060259264089,8.89060259264089
-3.4869166493808557,8.142753731407872,-1.8761096494633378,6.937970223281341,6.937970223281341
-2.362058130788867,4.557467479997463,-13.153512734707329,12.150331432575149,12.150331432575149
-7.936003679899715,4.174868494961743,2.026119937573398,9.42510389663758,9.42510389663758
-2.0787069863684593,4.786247437573525,2.631990251764236,12.732118450156378,12.732118450156378
11.0,-3.0,0.0,25.961421693108154,25.166731556808635
10.382309881583438,-9.812675227428338,-10.633952682700532,Inf,29.93196884247091
11.756349609497512,-12.742667612993719,-17.81838919804062,Inf,33.891639754175365
10.872489192550905,-6.136368708369879,-14.133803716895654,37.936898368853505,27.078015440556282
7.384270392191354,-12.34129479668515,-11.422747802659128,Inf,29.59087822204251
4.11469015323604,-15.914181352226233,-16.709156555542783,Inf,35.28661496791686
2.6152056493181703,-18.503831470879213,-18.905468283522318,Inf,36.33208617169568
1.7354974242097931,-19.76945401027093,-11.712232457166767,Inf,34.26067971177967
-0.11318685640250692,-18.953800909013225,-19.604385021398354,Inf,35.490499642405
3.2654775105109124,-10.400461411748498,-17.297864698111923,Inf,28.404565390952683
7.739686904305827,-12.672205557274898,-11.660344033946322,Inf,30.11135347056145
10.470706251404156,-12.741287141668698,-19.03507170340709,Inf,33.801288123732164
8.529214210092313,-16.029675234640408,-17.920421066490945,Inf,36.54103442440892
11.616181592092161,-17.30524017862283,-15.345745620426667,Inf,37.230182695747345
11.705987410439676,-9.114187430625016,-17.916836997126335,Inf,31.613014706156953
6.562010867216792,-7.094302384434279,-19.56314091452097,Inf,28.249680224859027
11.174298947624788,-9.372780997298591,-15.083364348806816,Inf,30.153403271213037
6.997714499898997,-6.165554639344197,-14.712292140150902,25.19963986304078,25.19963986304078
8.554597889803457,-9.092480943665482,-17.60034257269868,Inf,29.596413541731515
7.4779558905771,-6.275963945905376,-14.203581531662062,Inf,25.43779061044309
9.775566911872549,-10.806574310344788,-13.285780064900754,Inf,30.16873960254641
2.3632254782124136,-11.661584873164133,-10.75857513941287,27.765868694336177,26.31742265859993
10.23424746320628,-5.463205570103646,-18.63410187883052,Inf,28.835606452230344
5.730413767078453,-4.929912528380624,-19.15315090323439,Inf,26.441712411373324
8.291982592879421,-6.055993113641955,-12.708487567231757,25.158518972085737,25.158518972085737
14.893744803989648,-12.642328872138764,-13.691068958558326,Inf,34.53554137828046
18.635520319442385,-17.711871771653634,-17.399617299486696,Inf,52.90935824821546
14.006483154992814,-12.667784765727657,-19.490386545591853,Inf,36.0876932079138
14.158575992591395,-15.060490999469991,-19.292628743781552,Inf,37.54080117630444
15.902255158833107,-18.957049638090275,-15.833824100957932,Inf,52.34229801862172
13.703884238713755,-18.227074819790772,-14.28562292139719,Inf,39.39643914828949
13.864258238047078,-19.204962707997453,-11.946230775679245,Inf,39.90041010767567
19.245636892355684,-15.133717738025592,-13.997474356777504,Inf,46.24673579537505
16.268669932272708,-13.685307336795391,-11.006155159185003,Inf,36.87022798379843
16.738256984030606,-14.883291247160564,-13.709797228406941,Inf,37.43803828554399
17.346393738990507,-11.96370633350389,-10.813631734503808,Inf,39.95322315809397
19.29415585783041,-9.815623427830067,-14.730535023564846,Inf,36.28765565959357
13.986033247742213,-10.976860790165306,-15.432652185721043,Inf,32.97814489019647
13.584441542007227,-4.045141099204894,-10.738713677317193,Inf,27.867387720843944
16.517099083007892,-3.1204414162900385,-6.051231924104252,Inf,29.72237613495644
1.520283610934115,-8.858250761394046,-6.2554304466664945,22.73163738402364,22.089965587413168
3.7948690799589357,-12.39875762633801,-10.269297718580255,Inf,27.55851590650918
14.842200892044218,-17.274388998582026,-10.424596272829234,Inf,39.341107767103686
4.888639297478381,-11.748062969702255,4.658325387118918,Inf,28.394792920448054
3.125536534587681,-11.661619052744223,3.7486793404591268,27.916233589884815,27.237130857530012
0.999569530500743,-18.55308036396454,-9.061353023319647,Inf,33.17185610808841
2.4421240537553324,-15.809868231098605,-1.8186453817076682,Inf,29.001043917840576
1.4680380539008837,-18.770945784965534,-4.783118306761569,Inf,34.76265599672904
0.3822326176279063,-17.70828351031134,1.4409221281762967,Inf,30.410984298131552
0.4898370286227305,-13.295729166591217,-8.60566789696164,Inf,25.457367491155708
2.4683142427730154,-18.673419978209004,-8.383116921215494,Inf,34.31543472762985
3.8558988881206986,-14.97415270141568,0.9842851215788784,Inf,29.92251746725082
14.535507748811263,-9.467005959633816,-4.409073090326041,Inf,30.74354519558902
8.328160732718839,-15.026240143738745,-8.67402266148872,Inf,32.231156962804214
9.287383805319813,-14.866688563971246,-9.880893446496097,Inf,33.781028796641024
11.646658980722087,-19.170610543536508,-9.773398410002327,Inf,37.20169914685584
10.370851588204488,-13.338057189847623,-7.353921942535129,Inf,32.62917182434612
10.365795338701993,-17.919064952300864,-5.69941761982145,Inf,36.85378233313706
7.539098758839469,-19.167988675931397,-0.40336245401344684,Inf,35.266756154425835
7.9945555222235924,-15.631603216875076,-6.39791222071918,Inf,32.10259258205014
5.859353502757738,-15.131878383544075,-8.379474262646331,Inf,30.00814045285636
8.3759588403285,-11.763755667507887,2.53249696791082,Inf,30.346553999534244
7.978604468234831,-13.196597144290072,-5.936157784944385,Inf,29.439518168477186
8.068004621368736,-14.886228339424195,2.491290913004029,Inf,32.32628464884829
8.565320349894321,-11.670946838749208,-0.07624865092042299,Inf,28.558413431862462
9.686030409099935,-14.852229977996636,-1.7694089031108433,Inf,32.332449081993786
15.158108555188974,-17.739701114989217,-0.5375423025278536,Inf,42.13301798350723
10.92756301662363,-18.052375615592275,3.565087454385967,Inf,38.038674066343525
15.927025479350775,-10.53438675201031,2.9657272889799273,Inf,35.43971806722732
16.177712436897956,-11.337844358901226,-7.0299699909335445,Inf,34.55452851239019
12.423922875013282,-17.594679411685547,-1.8545170303210767,Inf,39.963040008497586
13.99859187264289,-15.825984167651539,1.2484355713743795,Inf,36.51627440013041
11.215962464145566,-16.70200712978854,-7.225386232450424,Inf,34.38223968096182
15.760847576668631,-10.356744573726848,2.439401501699024,Inf,33.374272051556154
9.89828357035714,-6.621096469007686,0.6030712816016219,40.7518641643438,26.184221136045622
3.4026716028236947,-4.893215030788705,-3.058356308580432,19.53158914930639,19.53158914930639
-0.3910842283475091,-8.25911039554395,-3.814797813629987,20.69287699652541,20.64028412714209
2.0314966820187585,-6.168055863907407,-9.8420043065137,21.268630009324756,21.268630009324756
8.831185991229049,-7.176970337608584,-7.312585694617626,Inf,26.79676460730975
14.30409367872165,-7.292229869356213,-8.018270164777928,Inf,30.204006392670305
8.859034752708776,-6.053961462970205,-6.0334223098881345,25.85379199446906,25.70629388138311
14.437746077528438,-5.224395004162412,-9.940249408084734,Inf,29.220803295299007
15.2684021838731,-3.2176050999024426,-7.745259106454405,Inf,29.352706473746313
8.215494635740257,-6.790692302316108,-3.4798665698000235,24.722095525610023,24.722095525610023
5.950789247820456,-3.084325197517952,-1.0998710365329245,20.63017308092458,20.63017308092458
14.892640606875922,-5.026212623975734,0.22617220451876818,Inf,29.32431690917818
5.261488515323897,-6.075458511700935,2.201513361730374,24.19007093833545,24.19007093833545
1.6516917641704865,-7.258545205345808,2.242321803246263,22.35569759025615,22.35569759025615
8.75589852689832,-8.315715915377142,2.1185831696652784,Inf,27.31588747449264
18.115231681681784,-19.765648972968528,-9.40949561271693,Inf,66.49927257844337
17.534939971583945,-11.600196853635252,-3.103739892458144,Inf,50.593124790438964
17.587050173169658,-6.949964994252085,-8.879975079934415,Inf,35.07788751546897
16.604919430218537,-9.700103202157724,-3.58967424822751,Inf,32.981449012568106
17.498465451412372,-19.020804420920463,-3.7143171752570296,Inf,41.39852995321988
17.553744951737627,-3.5918912024371537,-5.752503345264373,Inf,30.674627084687923
16.97288094327356,-5.868965774886332,-6.0226288794234595,Inf,30.762875734512804
19.90435211709319,-13.694754784206262,-7.051598589478969,Inf,40.955178359058685
19.124485348955503,-17.260069667963016,-5.42524228539321,Inf,39.84426809048625
19.24822878711774,-9.289555935677987,-6.648865359866418,Inf,35.70937222111422
17.657005266862726,-7.365360983529197,-7.999320229548914,Inf,33.546837406238375
17.893256688616894,-4.0187325760815895,-9.72080368793769,Inf,32.29488431872237
17.825917416354358,-13.552321269946086,0.11027484692015577,Inf,54.364775404568405
17.62088567325919,-9.16324714600738,2.904572892906991,Inf,35.461857797379736
17.582228298798398,-3.187497789450397,0.9159485513779764,Inf,31.583692950106126
16.583612777950414,-5.87150742203808,5.0716867729108195,Inf,33.16534259700362
18.95537186051569,-13.126740933400969,-1.5388075035151232,Inf,37.159718773585354
18.964208388462687,-16.400398311781608,3.2021961041526197,Inf,40.25679532442443
19.596017609730453,-12.80022202523,2.5543320071388287,Inf,38.70393872822325
19.568415081562904,0.6879169619271934,-17.716054284364525,39.11275366526959,34.742623894052244
18.128901287638413,-2.7530051067545784,-18.63535212139512,38.87947781164061,34.70530772917722
17.030310417303426,7.243683181107301,-18.21516946511438,Inf,30.67208949716904
14.513404403900651,2.402467390369985,-5.244240900959447,Inf,29.49798308111459
9.250857454374064,-2.614361671043799,-3.666374903925682,22.058047911234894,22.058047911234894
-0.6769492467821507,-2.819694231901888,3.6973043823579665,18.22699903827336,18.22699903827336
8.271066491907327,5.894337917585368,-13.950479991470699,20.977502786250753,20.977502786250753
10.18666109652587,1.6279156812081474,-16.941143442144757,25.478066036635802,24.570889259035635
6.015927043197216,1.9088890469915825,-17.368669203100666,20.929350019632288,20.929350019632288
6.556348887796464,3.853425855421868,-14.563623925464286,21.79565787868984,20.331008064015055
2.773650111675103,7.797880039551561,-15.249832013949156,15.72576600596738,15.605210232125174
1.3422301352477888,4.655583310084719,-15.049842610523907,15.033187799278618,15.033187799278618
0.6222482169176828,2.23006595119136,-13.972224403704656,15.788262436175433,15.788262436175433
12.194533808977503,6.462307073489917,-15.686684992340965,25.159511356566977,25.159511356566977
6.910695250069992,5.3326183774357645,-13.217542009129275,19.87537221100303,19.87537221100303
1.532839193693178,6.195982534556606,-11.303134051935304,14.50445429652759,14.50445429652759
4.742976667960672,1.8698329058890266,0.9890640171475695,18.68363769908927,18.68363769908927
2.918284016180941,2.136166524296641,-0.3957425040746365,16.377531463250907,15.842866198411642
2.051980200633132,1.5544132984467822,-11.063478912809455,15.645388688106461,15.645388688106461
1.5839610094195749,2.2624140020692423,-5.56903926778368,12.774493971874275,12.774493971874275
6.296065034539559,-0.6123049265407587,0.7938792448842875,20.89180879518878,20.89180879518878
3.20000484139646,-1.0007236363653504,-12.712664565128335,18.484240516880824,18.484240516880824
5.722206796353177,-1.0040750757464139,-11.635640938308827,19.389929595538145,19.389929595538145
4.203411678374714,-1.0927624187592322,-2.041816604661129,17.818249873357267,17.818249873357267
2.1377987486668637,-0.7836150227726364,1.550309312150624,18.791720769220117,18.791720769220117
5.829941387007391,4.439510675840673,3.2187406686195352,20.781659738419897,20.67007924165172
5.259754213699015,6.296846693316187,-13.620286823576846,17.92151808740944,17.92151808740944
0.7987908241085577,7.38312074467963,5.460368145744454,15.468400298161836,15.468400298161836
10.20020941260352,8.505805331665826,-1.8231585513800113,21.512655283025655,21.512655283025655
11.72343058975839,3.5445334646094473,-5.6981546215506285,Inf,27.37983997287668
8.152011592222294,-0.12703323778287867,-12.3117680462983,22.094874806655618,22.06019205412255
12.079795158040064,4.709124054145324,-6.274594128517226,Inf,26.658009102061083
13.67531323010732,3.822049384126398,-5.844937294663302,Inf,28.410324668276985
9.327404391536103,7.881160737234492,-8.637027669902286,21.839444597163308,21.839444597163308
8.372899431380993,5.188811317890387,1.6475428492915327,21.367302907059674,21.367302907059674
8.161235003364837,7.170890192715376,2.6214649987315113,20.02384448476549,20.02384448476549
7.576498441023041,2.4738173836168613,0.593427283548273,20.61690291793451,20.61690291793451
10.851631500259458,-2.037986075743021,4.537709074618952,Inf,26.757025760943296
9.256579408795265,-2.2344754663067157,2.139309535399974,24.4832694763442,24.47556379068203
11.472587576373712,-0.4130628329196,-1.4371413269784483,25.364143239886488,25.144131523676275
9.125594013272853,-1.6368158009433103,1.3615289666506847,23.851091260857093,23.827129477611038
14.931436748026186,6.18315412195944,-5.247429680554996,39.06561794448155,27.79794394047827
19.02148430023246,3.730462001874475,-7.281316157635072,Inf,32.21764243618994
16.581554971857464,2.2118781645885477,-12.816187147586424,Inf,30.137816583469295
19.326645227263427,3.3560912126683036,-11.407435709861664,Inf,34.03800023015711
16.274384494849713,5.598061604313287,3.3931552365507756,Inf,28.323994499242445
14.667299509430798,-0.27332511791066594,-1.7958095435202281,Inf,28.248145765585942
15.821062967346677,1.6486650197318014,-3.2154784292754286,Inf,29.736194742496338
14.623600325165462,2.0417776107586576,-3.091728744432576,Inf,28.581115263256464
16.717572744362776,0.2537367721099031,4.505928887410651,Inf,32.28314800559471
19.136449169289456,0.5014160386829758,-5.23209315454408,Inf,33.74487018355429
15.294165629482706,9.04078792327736,-8.426352197367715,Inf,26.363004146528855
15.140380146335197,7.580007238344891,-14.673517472395154,Inf,27.683754739921582
14.560494529361854,7.575854322806322,-9.917751693600074,Inf,26.628418467288743
14.862197425133246,6.288823519898578,-5.089737387238689,Inf,27.62163865782358
16.911686327093562,7.5726966665139805,5.31162020518164,Inf,29.12331551210411
12.379620146336087,-15.902492402693333,18.621797620781557,52.57051711065591,52.57051711065591
10.427348775267966,2.920985816196932,16.547363871717693,31.907391814681745,30.877676085166406
-2.3457290000959645,-9.897913922062838,9.095822720644087,28.171596213758306,26.523866438329815
-2.2919174329352288,-17.458966448171587,8.013507028533144,Inf,34.59428107153856
-4.553953250224865,-5.629200354478279,7.819957325002456,21.551341690404108,21.551341690404108
-8.79964043261638,-9.303854602026611,7.317268638581655,23.949662369804116,23.949662369804116
-1.6213747070376883,-3.3352568011493133,6.890969003941283,21.82982974862854,20.88576299422928
10.406367018734528,-15.563800256010394,6.300075398915304,Inf,36.56187599106656
6.789174545400858,-6.230061061805774,6.0855058875272405,Inf,26.55126494632706
-0.6497119090174834,-9.32853228035488,8.498546245316554,26.2854868279792,26.2854868279792
-1.719772953767933,-9.293085369254515,8.167193318281527,Inf,26.02785305350966
0.2966780876423769,-18.847731827613543,7.838038407386652,Inf,35.87439107456933
4.9564544064781835,-19.58303091253665,6.306992502226354,Inf,36.22955279689545
9.888986713272097,-7.070546329559111,8.636609056453366,Inf,30.946494455459266
-0.42942503128959686,-16.374291982132114,7.399825331847552,Inf,30.629945532751155
5.151727895766012,-12.142175634474324,6.948377322676844,Inf,29.98767358882606
0.79542397259128,-13.808640438669233,8.97125481685076,Inf,30.397988199419878
10.872745829428823,-0.9554219821193577,7.277555301675278,33.878448188028564,27.90867199662346
4.641215344380399,-1.2412549132221358,7.759406394282227,25.139497861384065,25.102682135735634
11.655028191217689,-0.923145822081608,8.212823435840242,Inf,29.128398985280004
3.366829377542846,1.1247604203666768,11.391944154997855,24.465371450411347,24.465371450411347
-7.405390858363896,-1.389236411021173,18.557801572846095,32.87740643507972,27.748886431590236
-7.381976755934945,-7.036828782535789,11.90110355519666,33.17340784598949,26.71224173715494
-5.587446104941067,-12.337090708480547,9.987008046266894,Inf,28.675947596038387
-7.411929494662708,-17.34727999857678,11.539217358186633,Inf,33.13918274619802
-3.755966713587835,-16.080795061779973,11.709911787063056,Inf,33.47126309704331
0.7094119280011029,-2.609925153113039,9.800128189637086,24.886338258659908,24.48882455453099
-1.4486393730725844,-11.61110427270085,17.807717296940275,Inf,35.90365118826401
-8.933759221977784,-8.339128038262835,17.22885539902377,Inf,33.90899152905288
-4.627969392905236,-13.146389423162548,19.78844518326443,Inf,39.95192524369793
-8.204948106346679,-16.602634679192025,14.13330423268252,Inf,39.17884362761396
-3.4930695215960554,-18.114209252562866,13.90463478249039,Inf,37.760578051077175
-3.3782770597874823,-18.948708811623955,18.778540714143794,Inf,41.44267798978939
-2.3564376753740035,-11.863770593423766,14.71223276906477,Inf,31.101336536626867
-4.8559643345208325,-14.630365495460644,18.054209182202534,Inf,37.488727556720995
-8.312302802845144,-15.461518835717705,19.95567325140093,Inf,40.50876165416517
-8.271671178893572,-3.996717246874269,19.327192761456608,Inf,31.228936845986585
-1.3913122569310659,-11.877716309623674,17.112395472051745,Inf,35.068659358162115
3.067618784218709,-8.26807361276404,18.402000675100005,Inf,36.342321902413595
-1.17113986189338,-4.475497166233238,17.70296391079369,Inf,30.288759352135504
-2.958244553944489,-0.46866781547119274,16.2410822950918,28.22327141283867,25.66431100829962
0.09328555114944947,1.9448378723766702,15.903035627202733,Inf,25.871091439537377
-1.1029528978520098,2.456941290545771,10.256697959446328,20.764174898876377,20.764174898876377
-2.985361644925966,-0.2927724301217012,12.559998005696869,23.52480578603666,23.52480578603666
2.038485200770914,1.0063684293569786,13.088637629061488,Inf,25.235492070072922
2.312851482726515,1.846260141943148,19.91848038478861,Inf,31.13929045400849
2.380291483791872,-0.5817960814051837,18.018709445196166,Inf,29.79831783237358
10.633092787932448,-9.185724646623168,19.105997796022166,Inf,49.35818470291815
7.164285918407156,-17.789603874605938,18.950672596760853,Inf,58.12651023216503
8.678730403282657,-16.613253836552317,15.085495674451224,Inf,53.74129856724131
8.032615839101869,-10.94902615261553,14.862086680175508,Inf,38.512556192174635
6.297897156676093,-16.132382538695538,11.975844037092429,Inf,37.08413394053258
10.286421648501012,-14.146792431485373,10.942182241683458,Inf,37.864684573018046
9.208050928434481,-17.35405583757575,13.368795399850598,Inf,39.19849440363604
9.634614624200584,-13.020637665857011,17.919359602741366,Inf,40.34467665030257
12.184319334366698,-5.675391683712041,10.014787719424547,39.49011285651914,32.819238974853036
4.107117529437616,-0.20972644116026729,9.7834026666576,24.811043470504288,24.811043470504288
3.8275462763830426,0.2850803629699783,9.829482382987528,24.33658478362127,24.33658478362127
10.63493271743754,-0.023296483540498514,9.848533823859142,Inf,28.99778520010228
8.594449418875378,-1.5072724385004754,18.256281884854594,Inf,33.17360657026657
4.953396943835244,1.806962705594053,16.236675982190675,Inf,28.33876623205549
5.63138128844421,-4.847901466276943,15.738381501667014,Inf,32.191457327351415
4.207070481317423,-2.822388367020416,15.219560413249049,Inf,29.74736328919463
5.388872542401664,-5.048142904869346,11.288475858411076,Inf,28.196254870331735
8.013034543613735,-7.322643679692975,11.384251032686361,Inf,31.670265933538946
6.277401893327202,-7.6967291523875225,16.155654490269256,Inf,33.80819939539749
10.576395222850763,-8.700545139838765,13.674725481971286,Inf,34.97450102343983
9.848224464408617,-6.480269891560262,19.031130656858807,Inf,37.24531618066891
12.368843220748417,-6.154881585792484,10.454287320247193,Inf,33.33272477007516
-3.063888286354917,8.29138005268976,6.557753253336969,15.558845951970817,15.383743500047267
11.913844795733127,8.233653898138709,5.5983663462357285,24.073809815103893,24.073809815103893
-7.563007601939331,5.55316227124381,10.886698755431006,18.94233916380058,18.399995360904914
-7.645122580707531,8.815336068151023,12.997858500451827,22.828920723470013,22.147152961207766
3.1021444409530297,3.993331421797439,7.9123761736338665,20.244219903903947,20.17203866504661
-5.574609903375016,2.9608458542393805,11.457307402870107,19.22292653973364,19.22292653973364
3.3894042697814086,3.1509932374666505,12.71378249652173,24.25669939447572,24.25669939447572
-1.34326850494719,3.656607721589431,15.351708354036319,25.01556785217064,24.320109307939806
3.1182859732473105,7.05537485753629,18.757928267402484,28.21639497038852,28.21639497038852
11.735959904319877,4.317657924732849,8.093409649165846,Inf,27.155588363367812
8.746084694467442,7.85470917320362,7.945638191675162,22.999307603296355,22.999307603296355
3.8929283617487442,5.854280929064252,17.374686439627915,27.512866771167175,27.512866771167175
5.937595794657142,5.668305378657514,10.605392253160577,22.939623847940915,22.939623847940915
-4.09284409527344,7.355337455922246,10.633858871884996,19.690663839829423,19.373894173138623
1.922158247977201,5.239341012701875,7.225076931096382,18.463720482273406,18.463720482273406
-4.032799631124462,4.21158350690142,10.144445540192464,18.433075945251936,18.433075945251936
-2.3903750783998774,5.070816162348155,16.273179370545023,24.83598290466393,24.83598290466393
0.392739579963024,7.554877027892228,16.87962477682867,Inf,26.183814344092397
8.399133048250988,6.495200839037079,16.777851125373402,Inf,29.20706822023451
6.116596780657257,7.3547733257363035,7.845995693836095,21.296872016020586,21.296872016020586
9.868067161766241,8.9125399702952,12.744219420336279,Inf,27.66026439855426
-1.508345422244453,8.7970748486688,15.728058469808005,24.69878180335022,24.69878180335022
0.8896164564083797,8.875434612078948,17.622793127847522,Inf,26.6960982055938
9.953008115298985,9.006166739679138,16.203842414050612,Inf,30.595177307628404
1.5615269268311778,4.901825723306715,19.73600301737938,Inf,30.093095689882816
-4.984312290400892,8.073149014504814,19.03918944981106,Inf,27.856547329303275
19.204505578435942,-12.074456324072242,11.653073855546474,Inf,49.12935684330237
12.904195244135863,-12.547822967779583,10.730098407059216,Inf,46.43706920153389
17.466419832809457,-18.141887820673233,6.569793929800902,Inf,44.6721560321465
17.650457666046265,-15.809516306304578,6.053260308427902,Inf,41.79031413869245
19.64965642485808,-16.432437026072265,6.813245885545413,Inf,41.81034861162531
13.56410197629532,-19.036011812480638,15.953191294064133,Inf,56.85343677182323
14.598996623654202,-15.051611065957111,19.93737568573102,Inf,47.77037008471043
15.255868015374219,-19.55843016001903,17.698969097094434,Inf,46.9564427096529
17.03164808761484,5.411054555146002,5.80675375155975,Inf,29.611717773216217
17.310225174381145,-0.19531112978360454,6.776288370503618,Inf,33.77004999461407
16.98946324775448,-11.412902829948788,11.718467892527855,Inf,39.821779289125274
15.255173403069449,-1.904666164312161,15.342303973647418,Inf,38.8389844910971
16.959298638707914,7.8843591197503855,6.712146343894627,Inf,29.252527533514836
15.063950604979375,6.688101668956634,11.99150436666664,Inf,30.591766746295697
16.39790631362107,3.1432173389904783,9.92882052630435,Inf,32.12192670445076
17.224194056195508,-10.335554072955242,17.68232830377943,Inf,45.886712091846235
14.698672630198999,-10.989895347813858,18.909219092118093,Inf,46.311098632467214
13.547127338550865,-3.534227800146841,15.410617465486595,Inf,38.78219185753125
14.535417530159279,2.030968495886711,16.237984761822474,Inf,36.06625698634851
12.387639544828282,-8.697020484940623,19.53333730694701,Inf,40.653368947764484
17.457449674944208,8.947939160213174,11.566253405732443,Inf,32.25044937224092
18.81349912785933,6.456712661519202,17.187968599940902,Inf,38.79297472498783
18.585455855257976,-0.5647775896963836,9.131958010457186,Inf,35.63098534718032
18.45213442028775,0.4985337803953911,17.177172463944117,Inf,39.34857517337388
18.42817080461043,-6.890296803841638,13.352788315223108,Inf,40.00282607399323
18.805238855014075,-4.205301941595865,10.831451740431444,Inf,37.188561287416185
-0.9922765093519388,13.463201726543481,-9.238787222941127,9.722836408681584,9.722836408681584
15.96062700395273,16.198981677216445,-9.655616789636818,27.62256353143291,27.62256353143291
5.394835145013666,15.192104714645097,-18.1774432954085,21.515329953315202,21.25771456109215
6.792729000770681,9.938056112866185,-17.098182123532304,20.640005201321852,20.640005201321852
-6.878370766904212,14.37161384202171,-9.886322189356012,6.96125319393044,6.96125319393044
5.023467547466165,13.563733596413392,-16.407422782648453,19.08171556175874,18.517129278114894
9.368988265471849,9.791397511434372,-12.307495090272562,21.065803916961713,21.065803916961713
-2.2609275156713693,9.930953314527997,-12.782585055699967,9.606520288880382,9.606520288880382
12.734890378934544,9.829004306052866,-15.274904989531048,Inf,25.55314531456357
-0.8522165817302785,12.458951531143342,-16.34637036417213,14.197359776762482,14.197359776762482
0.34296882637808324,12.099586331048265,-10.258315430260483,11.526626812992195,11.526626812992195
-4.172525121932562,13.875059717600173,-13.82366304307415,10.511528343868001,10.511528343868001
10.948896987024224,14.452829381942074,-11.865806351273811,23.919499026018276,23.919499026018276
3.3215593640542806,17.742967200450906,-14.6678454628689,17.871471007610666,17.871471007610666
-3.8228107638308444,19.68636398382393,-17.892056807673058,17.614019824378218,17.614019824378218
-3.0660508659271635,16.34078762284158,-18.510109667759657,16.593549850446248,15.92141571311286
10.783199347351538,15.801678747839418,-19.71830594322916,Inf,25.527468514586904
7.9309570051319795,17.337556645264556,-19.6563842503329,24.675618534366823,24.675618534366823
-2.8368198755945144,19.93246143524081,-12.380531178456238,14.274134845055752,14.12003290442027
-5.035234592725049,16.907174732325828,-10.21266094433856,9.797412373387761,9.797412373387761
-8.70030472258164,16.1146945593171,-11.227398802054811,8.83370783801498,8.83370783801498
17.789441511229583,13.629994239832257,-14.217356698148675,Inf,30.51495356486644
17.948089935065497,9.439668152316418,-13.406062910190917,Inf,29.722105104781498
16.733811631191493,18.75333648336173,-17.515257710403198,Inf,33.07787767230882
17.471059569612805,16.83101849700953,-18.751639145762027,Inf,32.36277826389977
19.461378681757743,19.928323864437317,-13.166623052146837,Inf,33.82662836301104
16.49874859367059,17.78212860149766,-13.970894987060376,Inf,30.14509140585525
10.508822761424426,13.292168511584293,3.22002813988248,22.82867778403412,22.82867778403412
4.350466095774799,9.190121570374082,2.0794075837359287,15.677227263899574,15.677227263899574
5.342731838904122,9.13538872801346,18.669747740126667,Inf,28.59299990033025
0.3623072120307569,14.69986795175673,3.04332735312893,15.536873580017692,14.809429903937225
-6.052387551905829,17.45761968655423,1.6571812426393073,14.143927907217506,13.335559623170344
-8.246505759949692,10.613395095762883,-7.6501304867451125,2.4277001314219957,2.4277001314219957
6.04337109229472,17.96508970095573,-8.287985248152099,18.129462182675375,18.129462182675375
3.554935393107179,9.687198485597001,2.3707099609995907,15.164393887994024,15.164393887994024
5.441123145817855,15.744017455068459,-7.49173852931035,16.768610365355382,16.281614689118975
-4.901487703589611,10.009843310495057,-4.245849215232722,4.5710645949579884,4.5710645949579884
-0.9507200648919856,13.291359913081536,0.1356545652918868,11.32195279776379,11.32195279776379
-0.197066359557585,16.854058249404943,-5.689974505539164,13.000795086870765,13.000795086870765
-1.6944071171880353,10.795603604703885,-6.924933131634514,7.579668922361559,7.579668922361559
4.353196302662681,12.19462731135149,-4.539751959256657,14.084677789161598,14.084677789161598
4.827051840027387,14.622144375400524,-3.1401493562784992,16.9265549175406,16.035225049941047
9.838942847952666,16.671910866630427,-8.316272544045766,21.338255937734154,21.338255937734154
5.635198658326086,15.152437920845102,-4.210256684523266,17.325162440819607,16.528109808642043
6.265367451341195,16.734455727474582,-6.375331707283038,18.18297092823539,17.526026921327407
5.00983272960071,10.371883856044768,2.4233281582833044,16.5516016573525,16.5516016573525
9.071587222530617,19.791031874721398,-7.576331709894308,21.73648429403979,21.73648429403979
6.536293528461368,19.80306648577742,-4.591339766151412,20.433276721585035,20.433276721585035
8.335219349609932,13.919456112034787,17.389746351466613,30.34689801856853,30.34689801856853
5.560243691253241,11.102184280313764,5.05968801134803,18.80500498025853,18.80500498025853
0.24254674913544605,9.956064793714717,16.625762301961103,25.83890011547884,25.83890011547884
-8.65328747053395,9.983377388834569,12.875891813761136,21.317242660732628,20.814029039560463
2.457662723766152,12.770682132229602,7.289773380158977,19.015897000492117,19.015897000492117
2.578957392308048,16.599555044584314,7.12367554445386,19.7710758950751,19.7710758950751
0.13083537678541646,13.60359338164551,3.3590558548194878,14.372793844619748,14.372793844619748
-6.36419105698093,16.01591845450784,5.861481911872897,15.18819591937081,15.18819591937081
-5.358296351100824,18.303738831015075,5.281250414654856,17.065797615768375,17.065797615768375
6.544446154545778,11.463756703629517,6.305884931164194,20.41595896334309,20.41595896334309
3.2663885574010294,11.528371611288843,5.771162379740069,18.57805927515113,18.57805927515113
2.3314630724740404,19.002685432531443,7.705963170070209,21.64524600577913,21.64524600577913
-8.387699237097754,17.400777311127875,18.083160187958313,26.172010619434946,26.074976750361053
-1.7506912956732918,13.787702121671764,8.997651524590601,21.195265746935412,20.233815659406446
-8.69123523290141,17.146948723151574,16.935202719788364,24.981802078281685,24.950677331417953
2.1916920284308183,14.341435369536583,16.812826571653602,Inf,27.73172876079244
-1.9063406368445328,19.866961610309147,10.137493011499679,22.46742903009654,22.46742903009654
0.09501057600158447,19.863750226971305,17.50578260399054,Inf,30.102683348647606
6.851715878344493,15.915838647007504,7.83508403105899,22.772290324642576,22.772290324642576
3.5383469832384407,13.39445052081988,14.866317057078675,Inf,25.94930872864639
10.080656186892128,16.279953647442284,17.698438752499143,Inf,33.2988108502866
9.516444127904453,11.382933018172821,3.817668417057547,21.37611732846392,21.37611732846392
9.632297255997202,11.15416536560911,13.574592157143826,Inf,28.243644441508383
12.50677442515348,17.475480435384434,-1.1879105358793929,26.39459807696948,25.183257393531058
11.056868380544138,10.775468914706092,11.961084136735181,29.22423321244751,27.633872086776513
16.62438317088209,15.15159790750586,0.00921140842651269,Inf,27.804050286860566
11.49906878684634,9.829467803544905,-8.265697316218086,22.483495673878675,22.483495673878675
13.659802976429077,12.739373377102524,6.3977852533765684,Inf,26.36094929641961
12.509127392291191,14.220434413538328,-2.9831249143693412,22.631384412821625,22.631384412821625
15.362097519377507,11.475297259578305,8.460108843562708,Inf,28.841534117899073
18.93171595248873,14.809481707136094,4.148083123605552,Inf,31.437316183588734
18.86766625729937,15.137656755691935,-6.856427239037597,Inf,30.133036512262503
11.459272566713548,13.251610612303672,14.696361148190007,Inf,30.302921662219788
15.550917201358843,11.574415163925718,18.714676641361677,Inf,35.785301509372
12.643559828248087,13.951783161197511,15.841624047181398,Inf,32.09300686238866
18.56240242491377,18.816994908638932,-4.170169459811781,Inf,30.32421105577648
18.332447975864852,19.60660295109973,-5.312822904834027,Inf,30.813104576303452
18.2296989255789,18.108672489563,-4.739191258862263,Inf,29.7677072060794
13.854831949124517,19.927939931807543,8.748724630796538,Inf,30.89481028865623
12.925070356777326,19.13458928430306,6.660506557580899,Inf,29.745497802338395
