-7.0,-10.0,5.5,0.0,0.0
-16.18590029053447,-10.402160217354046,3.359287385969232,9.440611605395805,9.440611605395805
-15.005694600088324,-17.063490856720705,-16.205162502185885,25.65475065100675,24.82816694896544
-13.79977530774645,-12.504959138464828,-16.786302883038182,23.703510414400142,23.703510414400142
-16.74765433532322,-13.383441923474617,-17.901534495149072,26.086139669348483,26.086139669348483
-15.921703652784158,-18.384382629211366,-17.516967750312293,26.60619712838696,26.60619712838696
-17.92902865552886,-17.875785295620812,-19.97978231562403,Inf,29.600672841614596
-9.925383013643021,-18.938796779707737,-19.249519965894592,27.93031923651398,27.21403883819448
-12.24237261285194,-14.56742714951858,-18.457619877316517,25.90799741478135,25.703666891442055
-15.564918014121618,-15.995321840080496,-13.614335098553871,22.797111326262677,22.729511936620312
-19.61527390552468,-12.979733320768583,-4.039056059922528,17.992802683593638,17.45495103546026
-17.090848317719917,-14.682847628579747,-12.949333161487528,22.250827197590688,22.250827197590688
-18.97318605525907,-16.104907301408016,-8.573715417265628,19.90092077614056,19.86974182527562
-19.287988816704214,-19.557263749906994,7.380519261655401,16.75907951068614,15.78530668107694
-19.399546886310652,-19.71216958478302,-0.2333338091755266,18.62433468782946,18.15395604701402
-19.034804235368448,-14.639899335826918,-4.938135436975655,17.32407865204371,17.32407865204371
-19.549353850074684,-17.336362693186224,3.6645350667421717,14.678271849432928,14.678271849432928
-17.263479093342262,-14.349540276920205,11.60304273617518,13.20605483185269,13.032661182469726
-18.79006836733982,-18.02892187559504,18.27441272418612,20.976222222397404,20.479607374359464
-17.383447565403767,-18.25412786872586,11.629052944653033,14.71895383297095,14.71895383297095
-17.687449222093328,-19.465480522629655,8.746689899914195,15.357666923423103,14.950921324464707
-18.026048287035596,-15.657949117042103,9.61511103397898,13.595034702638138,13.595034702638138
-18.91579117999295,-19.157833710387948,-12.199844156118678,24.61025482083738,24.61025482083738
-17.31142719404099,-15.349398111606929,17.919818711696593,17.398704221898328,17.398704221898328
-16.400552804414943,-19.308174288474262,6.642593841588031,14.76062797495344,13.31325829350883
-17.275133463897703,-14.89807855403618,18.661445724300883,19.408697293607574,17.718850092265274
-17.526198498510254,-13.635484867292469,-9.3879675715697,19.208085798648227,19.171305603515506
-15.966451923363154,-10.95417134514987,-13.620070538489397,21.974786014168625,21.974786014168625
-19.92723062663078,-12.302691082615098,-15.984276122721601,26.3164144938503,26.3164144938503
-19.405275176617536,-10.503512243016013,1.76015203630147,13.036704034242035,13.036704034242035
-19.324765111761852,-10.495095691102652,19.91486230680657,19.505480167431855,19.472206582394556
-17.344647323292364,-12.430753266027121,18.249747084371123,17.175553801187863,16.6599536808682
-7.2569138042793035,-13.621656206054542,6.824283256211583,3.864728259575956,3.864728259575956
-9.97691288924126,-16.170925590952628,3.49577367990193,7.138575217883372,7.138575217883372
-14.209160370686309,-13.97895498054945,-4.457271264893583,13.255567026833388,13.255567026833388
-14.348446137854811,-19.72170263170888,0.49208824647488214,13.521399570775852,13.521399570775852
-13.463154269666155,-16.604307784052583,-2.2161068238176362,12.22381591476366,12.22381591476366
-11.403813043168416,-19.185851050980986,-7.985158247104902,17.068245682421576,17.068245682421576
-13.775528136569788,-17.044675086720716,-13.539268677457184,21.892072017616485,21.892072017616485
-14.120651739546526,-18.317985190516588,-15.87712640945468,24.576472825398508,24.503312641397496
-11.396069056310703,-19.759766206880663,-14.975832319588287,23.336702542160687,23.336702542160687
-8.078269954994832,-17.827630291188434,-15.946408764176985,23.269794775316356,23.269794775316356
-12.215905522225867,-17.157142421037726,-13.60370237572261,21.318336829087563,21.318336829087563
-11.126666227485655,-18.733788475891863,-0.21867201777101286,11.795538364265811,11.795538364265811
-13.206277586397013,-18.96390638674849,0.351601207407235,12.440966999873247,12.440966999873247
-9.182295924730743,-19.236869667299654,-7.676373687310019,16.35202811945694,16.35202811945694
-11.062227555773934,-19.871538817582632,2.60229779611403,11.097204441921717,11.097204441921717
-7.32750779681699,-15.784659913815018,-7.626195579038786,14.669601799160258,14.669601799160258
-10.43475499481552,-14.107287830532771,-14.77139693517394,21.776720466295487,21.692837467861004
-9.554891600479367,-14.95590076458119,-6.54624976907205,13.461231941346341,13.461231941346341
-11.150770712461018,-13.852260702652632,-0.46654828068162857,8.226087065812688,8.226087065812688
-13.232104243112168,-15.34236600361913,-2.7456879446309372,11.653453501075806,11.653453501075806
-9.980591780662582,-14.929662187372763,-2.7881534055152457,10.689117091576598,10.689117091576598
-8.452613399769247,-14.27441695202507,-2.199537151079099,8.925446672844767,8.925446672844767
-7.0797169348606825,-14.179283549188684,-4.532161539788486,11.51009247716717,11.51009247716717
-12.515366856007697,-18.90144027132194,19.977889924259628,18.619482438549174,18.619482438549174
-14.144559786308397,-18.2449239919898,4.411471655774079,11.852500957842395,11.081754479497093
-12.68835904796668,-19.915539993768903,7.0848048559215755,11.673903120950591,11.673903120950591
-13.458587492438392,-15.897177489536816,5.9658583450418305,8.75825774559224,8.75825774559224
-11.385451244862992,-14.665542725233527,16.40916294094452,12.966576142606556,12.966576142606556
-8.70255797999925,-16.344626636201145,7.477858836302573,6.860387482088191,6.860387482088191
-10.627519378941637,-16.955816367467662,5.817893357956059,7.851326917761145,7.851326917761145
-10.837331934579089,-18.625360673913505,7.20835055583607,9.593770101105171,9.593770101105171
-11.00460903101066,-19.724391272946225,3.654254100922376,10.84106002632766,10.84106002632766
-12.170403383932396,-14.952049032324952,5.178747283218222,7.166523849061673,7.166523849061673
-9.969916337406373,-19.446335763590355,18.381551890147023,17.1207729213585,17.1207729213585
-12.364193674349453,-11.633005212944365,-11.33443250767967,17.998767750257517,17.998767750257517
-12.306853738281145,-11.617577763976445,-12.141064541592188,18.768833799296885,18.768833799296885
-8.355965614326575,-10.595207615835553,15.683553874420028,11.323736565261063,11.056790996383215
-13.081525929329256,-10.801273578480348,9.547392806262227,7.349039767538205,7.349039767538205
-10.6342131659623,-11.44789199842914,-6.900411927130552,13.38232757070721,13.38232757070721
-11.623040613737112,-13.43747099954844,9.111209117671315,6.79923103597398,6.79923103597398
-13.27184638665095,-13.30551106265311,4.918374859949708,7.113420294528307,7.113420294528307
-13.218483098993277,-11.077509635200169,-2.473306797526238,11.120329493371436,11.120329493371436
-9.613670089756985,-11.225042691273535,11.923588206279582,7.042335292883116,7.042335292883116
-10.2565427706066,-12.273148107609488,-3.064218464193651,9.440238929092535,9.440238929092535
-14.596561260454468,-10.567154787897248,12.541249113530611,10.712567566030803,10.46449567897086
-12.335134709008422,-10.716273043584792,11.156951076888745,7.808828652400137,7.808828652400137
-15.48618702925432,6.119848184002663,-16.34789058468524,Inf,29.4809763729685
-16.778492744288922,4.442589390376028,-16.77415283326896,29.04897101071074,28.792748994560263
-19.533494205071964,11.065931729935325,-18.76108305532724,35.741229256675524,35.741229256675524
-19.530937792881353,4.851125020205373,-16.473449297393053,Inf,30.306933377353346
-17.905807517812917,10.922671162562622,-19.285363578504207,Inf,35.54447901327784
-19.338259953365593,3.8501473101477117,-17.907020255598553,Inf,30.401384734607262
-17.76746773968523,9.333370312580609,-18.945026375269673,Inf,33.764484605588194
-13.073517979024611,9.829040022098408,-17.37542030071782,Inf,32.25465975669175
-11.290744161693373,-5.554289879349303,-16.974642628490724,Inf,23.34029213143416
-9.664542286194289,2.5658748846180472,-17.29849858152277,Inf,26.419793658155275
-14.783768456120123,6.604767154432558,-17.681285252453165,Inf,30.783783825409305
-16.289397589810086,-10.060481640276118,-19.282047535067555,27.001247452434384,27.001247452434384
-15.929334020535713,3.8271618168770445,-19.415945311619538,Inf,30.157763278676413
-15.024188160529492,4.668488088976936,-19.717707444671866,Inf,30.570895368197657
-16.637586848925217,4.076532295683293,-17.55343975047209,30.73017806181537,29.054867855395393
-16.649771940219395,-2.123722341911325,-17.681838208998293,26.735978638623855,26.612736157508717
-10.131101521778625,1.4699131479643945,-18.211517049471038,Inf,26.866310902630318
-16.322115437278335,-9.581655477606441,-17.98125692665403,26.002108007600754,26.002108007600754
-13.261034334785116,4.997238939333563,-17.392984961138474,Inf,28.831395340778197
-12.961273275327905,8.436660514460115,-18.895300283800715,Inf,32.07975437613778
-8.669306110798507,0.7515177432283977,-17.66574002485063,Inf,25.862803316451227
-8.141684369632056,-4.642565767684967,-19.528439488670823,Inf,26.074867261630878
-8.093799759390263,-9.655036425454977,-17.303630691509913,Inf,23.144502386131023
-14.554710360215672,-8.990360709244056,-16.459689091976315,24.4800183290374,24.159372697875447
-9.655414224349288,8.046002718693252,-16.52507841037093,Inf,29.171381893128853
-9.641052084739927,18.830633635620025,-19.849475710073136,Inf,42.20108926013574
-7.749953777958201,10.066208615463907,-16.525847776451563,Inf,Inf
-15.592662218426376,18.375773190242597,-16.786398089210223,Inf,38.54787114884647
-11.763934438324846,12.939056917336835,-16.654441031730947,Inf,33.30976049829061
-16.483267299380042,13.818117007383734,-19.03799506702991,Inf,37.11030521093801
-12.71068134358531,10.804381957189058,-14.696835889536288,Inf,30.61718063559151
-15.245288335951281,-9.583164992435727,13.064765232737656,11.665681498991889,11.468430111745814
-14.341004677511702,-9.855896201381915,14.00168545070811,11.942367511186326,11.394393642569998
-14.115786873729741,-10.05616546921777,-5.708410763535374,15.7881983939169,14.042714897775596
-16.622027540467244,-9.868389439683884,10.9882535279384,11.283694020983848,11.283694020983848
-13.688528570995926,-10.16148416099698,-6.12791651381472,Inf,14.209481961611793
-12.72996250075284,-9.917479534156488,16.305419881368238,12.576000319742848,12.576000319742848
-13.59504826602918,17.09699995661049,-1.1927328893871447,Inf,29.671569216667066
-19.309385370138674,19.257547683007118,-10.19695106245913,38.04543957776626,36.026319859577185
-19.626656990551908,13.428506283421498,-6.463514325178696,33.74618990406181,30.202806175420278
-19.995413596689147,-0.21065842609205632,-6.081453160737498,21.42099128137946,21.42099128137946
-19.44623748729949,-4.499719482373656,-13.010112814956285,23.939922111402012,23.939922111402012
-19.35338898880964,8.71783190651863,-3.2580174471327794,24.718131920930915,24.718131920930915
-19.722252471184714,16.678946452060146,-1.230742034369836,Inf,31.017237723221275
-16.109587110472326,4.395511056719322,-12.698457088906876,Inf,25.393560184889708
-17.6447390336884,-8.99878875449903,-1.805513704600024,13.373667763164693,13.373667763164693
-13.617470628698074,1.4969694068028971,-5.120398251321374,17.134567164058126,17.134567164058126
-14.330415682465585,-2.3511605211188247,-10.328792186155722,19.113348546602865,19.113348546602865
-17.018790025004414,-3.4706380930531537,-15.797451382193772,25.565280372137302,24.928444815228204
-17.212470758649587,-3.859200272646632,-11.206477576052887,20.998310524012076,20.998310524012076
-19.146442508370455,-6.20600142568585,-11.882790864893797,22.272671077782825,22.272671077782825
-17.469452815117723,-7.976978953619884,-5.585350147320494,15.519418866657182,15.519418866657182
-19.150246943952656,-6.885074011529628,-11.565968355762584,21.82696351265345,21.82696351265345
-19.206850849203462,-6.293609299839744,-2.0326451147417046,15.489560117749079,15.200621079745126
-18.90126432006001,-3.7111472847769917,-9.806989835978577,21.689479293706594,21.03196474879001
-18.100683530012223,1.856480810075123,-16.035905606610356,27.40015639494198,27.143934378791506
-13.763957846383681,1.0331331846677543,-15.246277456644064,Inf,24.694947813905205
-14.601241902660886,2.881773459573324,-8.803948593911155,Inf,21.169710312142087
-19.140361809176554,-1.0933076668755533,-2.153489275893552,17.305279493338112,17.305279493338112
-16.00825732913341,2.2490544874830753,-14.752815466193603,Inf,25.71252369952738
-16.434619246139395,0.8770474925177751,-12.000914085596248,Inf,23.09151602707719
-13.99489961053158,0.1715803979948376,-2.1718999765528864,14.687369101195568,14.687369101195568
-15.025460238590851,2.9305019234598184,-12.304629376824092,Inf,24.034515691835708
-14.97778234085187,4.196303318659666,-4.30607345985492,19.347749933972672,19.347749933972672
-15.122701747161944,3.718318688102535,-11.602509693089651,Inf,23.94152593717316
-13.761338462354935,-1.5087462658026496,-5.236849011068037,15.593043803024447,15.593043803024447
-13.50572473537488,0.25106057319079156,-12.297535113835245,Inf,21.999535263029312
-13.274186204830238,-4.738086143792675,-4.816692012683568,13.441069946447062,13.441069946447062
-13.38367242173633,0.5436505795836339,-14.150258928231656,Inf,23.450357512716632
-15.945046139748795,11.139840807477572,-8.270779049914037,27.030427352656485,27.003242966158595
-14.59573873092638,15.900579607050823,-14.48860350893372,Inf,34.89353164721368
-18.11339533235051,12.76906510180509,-13.751547058005569,Inf,32.199638236270744
-16.046883491322355,8.143927903295598,-11.075721232447968,Inf,26.383890162024805
-16.391417785574873,13.293960109964324,-8.444383933176889,Inf,29.029943614963624
-15.259598416697635,14.1074514343114,-13.194975944779737,Inf,32.2414037963447
-18.128657363824104,17.237776519493607,-9.877572044198262,Inf,33.70386437208426
-19.103918829031947,16.70743424529335,-10.79932934879162,Inf,33.913024244082145
-17.70619167329553,13.935994699932664,-11.558026998727016,Inf,31.619385359558777
-18.537721893460272,19.4699043762692,-15.983632311724483,Inf,38.753919766184744
-14.043580159095761,13.529441146784492,-14.280593813439886,Inf,32.303416943787674
-14.14423303772872,11.132003798575099,-10.719131014526129,Inf,28.438552135981926
-14.317816378643693,6.1370109670108235,-8.748237145528526,Inf,23.065982247513833
-15.064080162525988,14.572358738831632,-2.6332370989478804,Inf,27.60892880466762
-18.95331597922855,5.4140409677152235,-7.683755672052932,24.709659424981144,23.767558466977064
-19.1401214775399,15.063604459011572,-3.1633463671406474,Inf,29.87558212758791
-17.82514115673731,9.100587009327388,-6.5120798833339855,25.549802931563104,25.432642298294397
-18.84598941672973,6.94270622177843,-4.9724912386442455,Inf,23.475117882687396
-17.696411950558392,10.706714518525722,-7.479346692869919,27.150792070725217,27.083773716089933
-18.92421391657834,14.343044307754653,-1.480862296218799,Inf,28.732615527840398
-12.84954550911003,5.692006468232506,-8.03938402990335,Inf,22.0785338217041
-15.055187495883047,8.172715395492176,-6.06121327162251,23.225448700271016,23.225448700271016
-15.030338473245886,12.72963387993417,-3.976879356932912,Inf,26.56820750001983
-13.74684774311457,4.400815807627474,14.062828574772865,18.735804479043402,18.735804479043402
-19.400198241920748,1.4146042705869917,13.823554364313523,18.90790959152955,18.90790959152955
-17.94426994549547,-7.076181710867866,0.94000265811448,12.516762822623633,12.516762822623633
-18.44312272208252,-1.1390102062783285,-0.8178055355796161,16.02171200817118,16.02171200817118
-13.937150446731774,-8.242733190442744,-0.5973437192942939,9.40157664393478,9.40157664393478
-19.76923365646187,-3.57110623333255,4.525655117506034,15.143997792449394,15.143997792449394
-19.769264858398827,-4.048300996624201,16.604165974806982,18.04322213164781,18.04322213164781
-15.337436440960905,-6.79248180216077,2.6881985469075502,9.365214723013322,9.365214723013322
-14.072943919057455,-9.008468281803435,13.008412959129046,10.702598282148262,10.702598282148262
-19.354522872502848,-8.918216035221223,4.901669967129074,13.264379829191686,13.264379829191686
-16.049849849259505,-7.649728876754134,11.242981707884098,11.448486667337951,11.448486667337951
-15.697548248455968,-3.2639224887514295,5.598114440425359,12.458192620733264,12.458192620733264
-14.00304002331973,-1.230148450368958,2.7048888999485143,11.947295694768737,11.947295694768737
-18.745144096425925,-0.6325459026586522,4.336020908231497,15.531327773301363,15.531327773301363
-16.608226359436067,-1.268917892316761,3.516194845704092,13.345387907155182,13.345387907155182
-18.246807008556658,-0.5267664929552112,12.835018052616363,16.442866829571575,16.442866829571575
-18.63619304369834,0.3817355886686684,10.657960416192136,16.680455497218052,16.680455497218052
-19.672581777509137,-3.854423460446192,11.053582512217481,15.614028447805282,15.614028447805282
-19.614977610183757,-1.928948237990582,15.112196890254246,17.907816495242436,17.907816495242436
-14.426712420482577,-2.324482011446378,17.162944386876575,16.838279196555593,16.090924312156965
-15.912839757940311,-1.2518297381612165,10.354580598029273,13.63203454418823,13.63203454418823
-14.563617431689604,3.896023826910948,6.5397750877292005,16.83560700680935,16.83560700680935
-19.803555404741708,7.856271187809352,2.5246884408884362,24.533751582132368,22.79285898896048
-16.928653106052334,7.819667164314836,2.237403729980514,21.878609045698667,21.133789520055217
-13.785874657270396,4.0497923418576605,4.632506054883379,16.417333764056124,16.417333764056124
-17.520854049592103,1.7217576767983118,0.03492747209763891,16.77164054597208,16.77164054597208
-18.605280651495768,3.2966440059607827,2.3010759809046277,18.11535080554733,18.11535080554733
-18.318254928642244,4.094688877755477,-0.48389292768029435,19.328166558672066,19.328166558672066
-16.255476119353773,2.6873581783846916,1.8236063534231661,16.484289863733814,16.484289863733814
-17.614560759397932,3.8474257970801133,5.365566942947744,18.301054146473014,18.301054146473014
-15.131705380045588,13.071010273071138,3.1611014166215696,26.629407902280242,25.656309080957428
-18.58019408282198,19.99065001072548,0.7126313668809026,Inf,33.62663540877712
-14.8841125543919,13.35117950833046,0.719572203229415,26.038742216327673,26.038742216327673
-15.177846152677468,10.096248392394092,-0.4967980960779812,22.984665517696126,22.984665517696126
-15.119374356516655,11.566918221128219,-0.8200379989269351,24.391614790178515,24.391614790178515
-15.718519669549389,19.77735255083077,-0.4344921254873384,Inf,32.62082392964601
-14.38193072692374,14.813268720304691,1.6521774437991539,Inf,26.921876379419377
-17.254412548929956,14.824319306597829,1.0212221520766036,Inf,28.25069674717617
-15.814134326081577,12.839633544827407,3.5233422579694818,25.506084502520412,25.506084502520412
-18.896887626073607,13.989409435301283,4.1903883195102765,27.897946202387544,27.897946202387544
-13.789096859804832,4.68733141878813,11.659925020548869,19.18976483555732,18.559246296918978
-19.058885056696457,1.7384425858972392,11.595305967023812,18.108823700128625,18.108823700128625
-17.05562827153262,6.87850368051711,14.547840001248666,22.747669397729165,22.696390729461115
-18.3835229294799,5.632930632697537,11.29745610951229,21.91316683544844,21.007210130466188
-19.67096289783761,2.4159967875763684,10.513379860655434,19.5245507499057,18.885762569442907
-18.9140248094572,10.034372508686651,13.967476977879258,26.31685745899526,26.31685745899526
-16.53812012840045,18.436042739486062,8.570346617844002,31.45459155854025,31.45459155854025
-15.900031423231207,11.540106088648734,10.182067232911727,25.40790471815027,25.40790471815027
-15.753169334724912,18.270658053633767,6.933654813812069,Inf,30.55400218022435
-17.717904569233998,13.077885033217733,10.106566696054582,27.790157263197404,27.247057057536832
-17.66916598255884,11.668826258227448,9.532738375955176,25.724854369930377,25.724854369930377
-16.737601244413234,10.85931882907138,8.673843518899538,24.436128763505707,24.436128763505707
-15.844217897528381,5.152377380894588,8.524598058553732,19.511029222316004,19.511029222316004
-15.414589326884096,16.082130344357523,10.020855722836384,Inf,28.691899950165023
-18.238061340666274,7.960237170918649,10.30826363343433,23.485484754928994,23.133138554109824
-16.734162966996735,11.748409225591317,14.410181508184017,27.019127543016655,26.601791081658845
-15.431406081936654,8.211045708922242,14.119339902293206,23.442684841681896,22.868221617292193
-18.124725257213274,16.89925344390639,13.529857613573036,Inf,31.62693918554616
-14.870191259367598,15.81847250162015,12.6012289422343,Inf,28.63567551121603
-16.311750901168367,12.449533851439227,10.793096790762142,26.546901970731962,26.546901970731962
-16.536987006528044,13.886164803518156,10.720601311988531,27.732625253069518,27.732625253069518
-17.848290191043343,7.264881030256667,18.667942489403544,25.535199593306956,24.5531655338091
-19.97844890836155,8.833486848148794,17.61922187841933,26.551965376447686,26.551965376447686
-17.936806154538214,5.883029162247162,19.14327542820991,23.94675252369512,23.94675252369512
-14.21937670980257,3.1101754473479915,16.64334984336228,18.823747343217693,18.823747343217693
-15.252440254858417,3.0161808259794114,15.921676307307344,18.86705365837593,18.86705365837593
-17.344174902365488,2.8719801136239838,16.00875397916048,20.080719036708892,20.080719036708892
-14.850354308187459,15.172719630873459,16.706883735980433,Inf,29.364021355848486
-17.06433013028245,10.147340829923515,15.014033822878574,25.439014952023307,25.439014952023307
-14.220298600548364,14.92520136186463,17.96125888653556,Inf,29.438294588975
-15.253643730727555,17.237942085660436,16.818610578009412,Inf,31.44143684314991
-16.71329794537388,15.375509330070628,19.358200224507094,Inf,31.15957331518821
-17.055925164018984,9.521830832828797,17.56065583445276,Inf,25.664698313997988
-12.918215920928251,-1.6551554081248483,14.793928592134364,15.702319329564176,13.93756350153836
-12.736387793299588,-8.208904291140824,10.884881367903052,8.069145933728038,8.069145933728038
-13.178775709122643,-4.2964282123646935,3.080182918821315,8.750058005905878,8.750058005905878
-12.86754106295776,-9.080233043386645,18.09934716887006,14.344929592166341,14.344929592166341
-13.315666606083143,-8.808072187834037,15.405702502354046,12.568509522212974,12.568509522212974
-12.751483840582916,9.853967818810485,2.9553796982195912,Inf,21.541229708556642
-13.506252524252078,15.843757047799528,1.5744189212087356,27.734314839668862,27.734314839668862
-13.407014239077313,7.146561922680775,-0.14149808606310543,19.602863033157682,19.602863033157682
-13.331141310193768,8.863040836192091,15.110662617025248,23.46674983693964,22.680610812875443
-13.478464839406055,14.996863949976458,16.908147443608485,Inf,28.86531134747542
-13.40524746478117,14.030636660105635,4.888983022435369,25.29365986632614,25.29365986632614
-8.349557153199285,16.31365755636935,2.055322274037934,Inf,26.973479821432512
-10.147142252067738,15.05462984259509,10.656711892614688,26.740836818835824,26.484111829777852
-11.659472806138638,10.189475215758659,10.206600558447178,21.734282788930756,21.724482361875104
-12.397396781227465,14.631287624962695,0.18275021264299696,Inf,26.89968671806251
-12.466593269380288,13.022825124966673,-2.225384819264818,Inf,25.794736229727857
-12.277760398780257,-5.27330198315199,-9.93669005878715,17.177607292267194,17.177607292267194
-12.48166765507178,-6.506288939165454,-16.190928282754324,22.798743047193962,22.798743047193962
-12.164727455913784,6.874803344060787,-11.112163528366574,Inf,25.04954167216645
-12.138938620321351,-8.886596246175467,-14.566263719084969,22.545292072321644,21.428331104389493
-11.879677493398546,10.909230833508747,6.25186701219814,22.588730238621032,21.561637513573004
-12.629384175221885,-5.47438316565402,9.366049903860159,8.192528045889832,8.192528045889832
-12.25193708064424,1.1343789525600485,-0.036710048805908,13.546035915593906,13.546035915593906
-12.450805018447033,0.6257736759170314,2.0484864703458143,12.658005382344378,12.658005382344378
-12.518065067510502,16.20874825090543,-15.653377267712738,Inf,34.969927384180224
-12.496506013256026,16.224641571524508,-9.224214397203392,Inf,31.974444675834643
-7.941505274244065,9.404284021023042,-2.661246675176187,Inf,22.357657163759676
-8.125249793538707,-2.0552823788140984,5.6808725527880455,8.026047598824263,8.026047598824263
-7.679982106077752,1.1695012457487763,-10.604145649576102,19.884506782567726,19.884506782567726
-10.86581036126777,-3.033891390590391,2.0805014301978915,8.669724873158005,8.669724873158005
-7.984471303050977,-9.5605395037113,-11.497415457813354,17.33648915270993,17.33648915270993
-10.156463354892269,-5.176444069808914,-14.319077808671263,Inf,20.70736931652835
-9.063299719663247,-7.507267538374762,-16.252772583517753,22.627350888676457,22.398369312266578
-8.93622912185383,-4.575988421511887,-2.9233416602474165,10.210647263030927,10.210647263030927
-10.756008973960736,-4.672557790795837,-3.5828731420495856,11.2141407257098,11.2141407257098
-10.741463124885584,-8.863733446127009,-11.44399083570022,18.178104497547146,17.71712620200637
-8.94190718755504,-7.022015522466241,-0.15488136224769633,6.6796016568809184,6.6796016568809184
-9.692047268255566,-6.958189010268452,-8.576010485259928,14.676356166516557,14.676356166516557
-11.27319623742129,-7.8203410183403665,-1.6087571994731853,8.575870118005684,8.575870118005684
-10.53485977449168,-5.518510866630111,-2.9306548954760743,10.21555172752957,10.21555172752957
-9.718955728227874,-4.181285767294938,1.5856013185701627,7.5214807459121555,7.5214807459121555
-8.367518185402947,-6.220593986392542,-0.07367616579347924,6.871672416830875,6.871672416830875
-8.15020090208356,-6.899676935187458,-2.245712590051081,8.422056087977467,8.422056087977467
-8.499051241437847,-7.780040145133045,-2.805617501642459,8.726892829940493,8.726892829940493
-8.492138829408109,-4.329934885477478,-11.49674443475421,18.029453547222193,18.029453547222193
-9.792769810696083,7.451453968285531,-9.876038853146154,Inf,23.888160671063275
-9.76501592082939,2.574092068615368,-12.194887612436887,Inf,22.35042362873047
-11.147195061998918,-0.5472699620763848,-13.518698521937056,Inf,21.74478890031832
-11.452280783303044,4.320413102361478,-15.861799113162203,Inf,26.748461807645466
-8.691927036969949,7.745947803965425,-11.218824727870196,Inf,24.967984182116638
-8.665668146078795,1.89222475269424,-4.736638557568726,16.233827059830475,16.233827059830475
-10.454437925899098,7.806264101506493,-0.06113072924264884,19.799298480575462,19.799298480575462
-9.055955753150275,-0.879188099233879,0.2530130571907634,11.143525672570762,11.143525672570762
-9.91635838301879,-2.5153085420021597,-7.984286020304241,15.743301041409605,15.743301041409605
-11.444738669502419,3.945421583023929,-3.635393067039896,17.333742538826808,17.333742538826808
-9.15088166242291,-0.7612836888037933,-3.5169627988335606,13.373514471184382,13.373514471184382
-9.422417754287142,9.25271731315216,4.176782353351971,19.850425337464227,19.850425337464227
-8.362108830683557,2.200300641695172,3.748307267519266,12.70588708642958,12.70588708642958
-7.786796631647723,-1.8731657737090686,-9.62021178989903,17.35408360522101,17.35408360522101
-7.357518084558761,0.07819419233484126,-2.4851838270413324,13.691511265692201,13.691511265692201
-7.11797716366835,-9.501905163633557,2.3656183915942037,3.175903831080949,3.175903831080949
-7.117516720066357,-1.8514453384314962,-13.7459882588667,Inf,21.10071213929629
-7.371815376499411,5.04810362301324,-11.650815421612588,Inf,23.913655668602527
-9.713500879640176,2.438337223737541,8.49660267476662,13.561704268520852,13.561704268520852
-11.17682530434645,8.9987305500952,9.943352671844295,20.437252575565484,20.437252575565484
-9.366451127453654,2.5499382488450166,6.276756384064484,12.832680029238091,12.832680029238091
-8.28097314995592,-7.061473369290168,9.116685067242916,4.832829589993502,4.832829589993502
-9.62136413097996,-4.851409585795787,10.279578895661984,7.498260303582509,7.498260303582509
-8.7805598442272,10.443638353550249,3.5854128877658837,Inf,20.961445968866496
-9.985740142879163,11.546377070122986,-12.922042916871517,Inf,29.54968773522649
-11.398428499612532,14.287922763856997,-6.6848793282887,Inf,29.114719175415157
-10.662007284245076,15.8575552464157,-9.70993096694074,Inf,31.146919161854775
-9.705673552125944,10.82776366080968,-13.834669546787737,Inf,29.35618843753362
-7.979021763807754,10.787441613242528,-10.664598223636563,Inf,28.2843325640654
-9.82820014129679,10.398560156328742,-9.328568988528634,Inf,25.97010189786822
-9.4740864297352,10.626830983462288,-7.818976066438728,Inf,25.459446726109565
-9.421180336475476,13.309687006458041,-10.664724740840859,Inf,29.198977376033575
-7.460337677195525,14.844294822416359,-5.372823886728977,Inf,28.455024689990797
-8.47495499167664,15.699142618773138,-6.8462706006697704,Inf,29.935535403983053
-7.100410771566832,14.703748255456752,-1.2707945141275019,Inf,26.405763582823663
-8.297110554214004,12.567356320856653,4.5260501062765,Inf,23.06748079964561
-8.350629800212372,9.652808828119461,9.379051089666739,20.649770016900284,20.649770016900284
-9.407887240836699,14.391124034053902,4.967612795846179,25.049352876294222,25.049352876294222
-7.7027049498050015,2.6635133563504354,16.417860424399706,17.32683564595483,17.32683564595483
-10.261248305166237,5.879434442227893,16.298776256424162,19.846653652676736,19.819845347301374
-11.139988276365766,4.792661994436543,17.30496721464032,19.608641886340834,19.608641886340834
-11.7058160122982,-4.947676093038869,14.012781088827644,11.170766463251399,11.170766463251399
-12.438789097822216,-1.0798293872425546,11.16683645028342,12.945554616471831,12.288868470207884
-12.230045992151481,4.146586837189979,13.681667061854128,17.735816423089133,17.46537445821195
-9.872047218314997,0.1325852030498531,12.453900120821856,12.921278127698216,12.921278127698216
-11.6125371882685,-0.7681406478357715,13.634778280170543,13.266009415243815,13.145845475457964
-11.359842911605833,-2.4609685094059053,12.578197577560402,11.361700306595676,11.242611362865127
-9.344971506289719,-1.7082002800703862,11.44933729570998,10.76839120529311,10.76839120529311
-8.304123455018049,-1.5151430416870149,11.11996709461975,10.729901314224605,10.729901314224605
-9.77334757499368,-0.9117627336534966,14.327893339743127,13.030561836532431,13.030561836532431
-8.813012997594498,0.649854787595121,16.78478692889753,16.823967240436048,16.056009588088216
-11.093839089402637,4.89553050293102,16.87479447313082,19.492116536918978,19.492116536918978
-8.112155817285034,2.226050481424238,17.66068577683594,18.706559762029162,17.900154761750994
-8.742622940796272,4.8481445488607555,18.167922590347054,20.312930162201212,20.029472453206704
-9.070594792740696,4.18020845138696,19.796159273600765,20.535491173017522,20.535491173017522
-8.6530564626357,-4.937166405445694,19.413123999796838,16.868489837203256,16.683390685997146
-11.688061082101857,2.9351666447378193,19.79575735056848,19.984879221978094,19.984879221978094
-9.907221327338158,15.644776016138032,14.012512047695523,28.180523164753986,27.973215753007082
-10.724067120616372,11.8745434527386,11.275030339344543,23.450227535972424,23.450227535972424
-10.975936523904588,6.059545396765049,13.385873358436513,19.77554850590759,18.93834173824736
-11.088744639950274,11.553020844412238,11.88141468592347,23.3813633896991,23.3813633896991
-11.636184485017704,11.403244871718343,10.810379597937594,23.01791096219093,23.01791096219093
-11.696573929659335,8.718758143990016,12.47467957997776,21.25594637031564,21.25594637031564
-11.862162215814651,9.938160675083012,13.59368192412768,22.880733950477534,22.880733950477534
-9.814201283087796,16.204835737027082,11.865188311695178,27.914258622557615,27.808818584083706
-9.070868190022026,9.437765534516807,11.827913542649036,21.340046350865627,21.340046350865627
-12.446630653405917,12.285269505286934,14.190999868980242,26.1588129832447,25.28438821717641
-10.639550512793257,11.064424038829213,15.847574746198099,24.526001310265748,24.526001310265748
-7.437472609015678,0.3858888165176211,17.37583252288006,16.861058865048125,16.36039668172844
-9.240778926678006,18.98444605051303,16.22317733417973,32.2385730855405,32.184315210826675
-7.662485558269383,18.415191106378963,-3.144036318606645,Inf,30.981348648313393
-8.482667777582549,17.714624245114187,-3.7699067975679412,Inf,30.75907006648911
-12.203172054888176,17.242988045902308,6.4017072541818365,Inf,27.90542039565358
-9.96349818656248,18.36610476163966,7.1089496324618935,Inf,29.439179363568122
-10.979726905456744,19.214787920393547,-7.888443577569468,Inf,34.178665918664564
-7.845925033355767,17.826099891844095,-11.985928988279326,Inf,33.93552358988853
-11.63876902533997,18.811230346894774,11.898314247252557,Inf,30.47466968264287
-12.685718392022123,18.077528337272398,10.662495716922365,Inf,29.66863894651612
-7.639786199404979,18.749648755022633,-11.074659586816908,Inf,34.40060442910464
-7.545281153858232,16.54456540825906,7.0112358175210865,28.066619233171465,27.28330700375181
-7.646542909012073,17.719194088793685,-4.872229785849633,Inf,30.884729798676382
-7.346690186037117,16.351152848882563,-9.385697352890583,Inf,31.76407131335112
-7.121216233300807,16.66516793595865,10.95289973335694,27.94097276603893,27.94097276603893
-7.370541300799296,19.689359443092343,-15.887274512447744,Inf,38.46433910964098
-7.123097717515883,16.326386389147203,17.626147044934363,31.193954067321595,30.55234350409726
-12.39861002552356,17.79727938674597,18.402467532378864,Inf,31.93903770935194
6.412865682983302,-12.048983510822548,1.8052102271415364,14.062530736783948,14.062530736783948
9.655925174430404,-19.41026071996708,-12.79199488401595,30.729391091155975,27.590528344828464
13.083275908606794,-16.3884284580727,-17.832353103228282,35.84803668269712,33.712086970457726
6.914155647474843,-12.85094316128136,-16.51800009089074,27.196577446586346,27.196577446586346
-2.466555107911663,-17.66844524146377,-15.992586579163506,25.07924529144295,24.492620364167358
7.475593489224153,-19.282808953209916,-17.50620783204443,31.370147364617544,29.976531425178536
-3.5602137959002604,-15.949155150095935,-18.53838448492266,26.261066523518675,25.924304685580843
6.969663147405861,-19.023207700208758,-17.196963407153838,30.767936084126106,29.456847781852886
0.580663428768684,-17.47433999146609,-17.94379585908832,26.71962723012743,26.71962723012743
-2.0131743579923906,-19.885372600032404,-16.703203971399194,25.920324056011168,25.920324056011168
0.053795158174800406,-12.901479228667778,-17.10843311277892,25.083071656950917,25.083071656950917
5.486707695354546,-13.831630663021288,-16.683903521079007,26.840490609787206,26.840490609787206
1.9104219923825312,-14.21470244493321,-17.057565749794463,25.507879618471748,25.507879618471748
12.836510017012273,-19.879324608988725,-19.063291951379647,37.77675285141564,36.13052785840594
11.07540725675588,-17.397822571307504,-19.01712068288118,Inf,33.847572188606094
-3.50491054764494,-18.015248321454358,-13.93795763162192,23.01727387090009,22.378435341409123
-5.652084039652072,-16.276136425373817,-13.457186341568725,20.75639464927403,20.5018757790985
-5.600308203162063,-13.671763540324697,-15.547031346312137,21.646841496414588,21.646841496414588
-3.7405901726561908,-14.018605946073848,-13.668572385991284,21.39496905348109,20.490188873724293
2.7184143209041878,-15.632317816178647,-12.891744825004166,22.744188299701904,22.744188299701904
-3.379352580646824,-17.103360664388205,-13.22810897359104,21.542816761012872,21.238546618216994
0.08857866653617208,-19.3905946371164,-15.854869121568207,25.75752848979384,25.75752848979384
-3.169583105487348,-12.399275512620829,-17.68191006671899,25.626450169519067,25.123241564295363
12.626408104841921,-12.30917604871932,-19.48379447038534,Inf,33.09174974763589
10.07692857678201,-12.314236452183271,-17.692857111237082,Inf,29.8850137636225
15.302085645598005,-14.640436551250513,-14.665831424633247,33.49688893700555,31.705450057583345
16.23825984572197,-16.758003729047832,-12.902267388791682,Inf,31.63851942585106
16.280842840799473,-13.199391727451193,-16.49820147597535,Inf,33.29089470371515
17.504155912213136,-14.405285034351687,-18.608312705283765,Inf,36.27880864753442
15.575228317541338,-12.839220978369594,-19.014640029121175,Inf,34.45024313330057
3.2087991107368374,-14.319828444293181,-12.417844073034106,22.02341226765928,22.02341226765928
-5.128741522894904,-13.602351712644056,-12.061943019463008,19.600674539643062,18.46269725678449
1.2436672847813952,-17.366036174238353,8.664225296477106,11.576990174321182,11.576990174321182
-3.3926009155653603,-13.82576825475562,7.516836593133604,5.631825701926374,5.631825701926374
-3.5439989597577366,-17.025423204893116,-9.991736188900902,18.94861987475737,18.466027690850996
-4.17384423086232,-19.416787756757714,-6.75787384850822,16.188294402143914,16.188294402143914
-5.3395206861604105,-19.527930530337805,-9.33339911978499,18.38404884116885,18.316013096101088
-6.732375214753041,-17.97046610878987,-11.044189494685535,18.664433984761367,18.664433984761367
-4.2703944149940565,-18.6295462252661,-7.7167151859802185,16.793590459580233,16.793590459580233
-6.784752904579907,-18.81305137386199,-5.485805403646351,14.499421368145065,14.499421368145065
-4.347706045057054,-18.773074150366398,-1.286381074723959,11.91417493808456,11.91417493808456
-6.257753875244072,-16.7231917824003,-0.39950970613467973,8.97532460835971,8.97532460835971
-5.722051782004662,-14.768985949773716,-8.74611749045986,16.035881215255657,15.681728991713868
-3.9024208179231863,-15.502332298709316,3.6376091940507322,6.583248212602937,6.583248212602937
-0.8589596421232137,-18.930937553046352,-2.1410028720336456,13.959585198462873,13.683089976253594
0.6370268027514285,-19.17704707749099,7.36537487351935,12.332349953012368,12.332349953012368
-0.13873885532423458,-19.522719011057504,-2.139418128049712,14.564655100659303,14.451389537313794
-1.0539262404142065,-19.767775347385914,7.769086588909602,11.817404556583682,11.817404556583682
0.7883074773054588,-15.059476116959205,0.7955634357181118,12.038905961238283,10.74951483494599
2.543381999976255,-18.900680013979354,-9.689892322891076,20.839327683005976,20.839327683005976
-1.2030524576288926,-14.416247073546415,-10.237923080457634,18.23941202422263,18.176250044058513
-3.3799262122506235,-14.77223132666059,-4.920417386719,12.914265096865982,12.914265096865982
1.953138992571457,-18.901392817538962,-5.930330039529004,17.033713950852146,17.033713950852146
2.1581835879024602,-18.310895106990507,-9.730311792372044,21.058458470202773,20.88476473656992
2.310774481893823,-17.379639068296456,-8.018572254038334,19.327220985125585,19.327220985125585
-2.8117139918172214,-15.909763071289929,-3.755007008382549,Inf,12.27525888353842
2.455524281193135,-14.319020297726945,-3.896620864364344,14.739839235543716,14.539542263279628
-2.7084817536982797,-14.058079539574422,0.07570717760864198,8.01923257119405,8.01923257119405
3.063179199135135,-15.637581083524168,-5.764522206972407,16.911554821944,16.38076200942038
-1.3976309904983637,-14.226336930763877,4.559668200394533,7.080443931302064,7.080443931302064
-0.8884563000077961,-18.519308500265357,5.50561879517403,11.049545044754794,10.65544804634095
2.586979372236236,-16.956914887867374,1.4950312921833913,12.801036129824993,12.801036129824993
-5.458921084429242,-18.026136259203682,17.290355080802506,14.5194644048905,14.5194644048905
-6.718915877479326,-14.249826487503494,16.66248054418282,12.135839894434156,12.135839894434156
-6.643100814877476,-16.577791635775032,14.77978255859216,11.606048789911977,11.606048789911977
-1.947264695703712,-15.555851596633552,14.40326379658228,12.877863570077867,11.747470488975297
-0.4118045081833621,-17.111238086906326,12.223918323648306,11.857442964694135,11.857442964694135
-0.4663970903635217,-19.85592082739096,13.986725833997255,14.947665742681139,14.947665742681139
-2.7712522636471526,-18.99519974234004,17.872946633758524,16.187024082426337,15.885065926072853
-4.430203208860899,-16.057498450715578,15.84102118500013,12.359476317968626,12.359476317968626
-3.2814367916181375,-17.234782221071654,13.48395839697723,11.416550268764599,11.416550268764599
0.35705057561958853,-18.831654117218378,14.049791642434137,14.481329935106219,14.481329935106219
-3.9035115189305714,-15.287472535643092,17.553964835741994,13.591487644261264,13.591487644261264
-4.968685096104926,-14.833514183348981,11.614395598038286,8.054497695619013,8.054497695619013
-0.4029741400675846,-13.13602741708741,18.855759810825404,16.10576313316349,16.10576313316349
-5.970039172433532,-13.10173317786595,11.990464826919258,7.266890785093158,7.266890785093158
-5.989500464911606,-12.875488163145805,5.524215214537893,3.0479711060672168,3.0479711060672168
-6.963690478689886,-13.219955518815247,-5.485976474140761,11.864703791976815,11.864703791976815
4.402101225986506,-17.05851646954425,6.163603556262824,14.178127951894535,13.731063703069434
6.692038189796801,-19.411890853956777,16.475865561694583,21.318242174054642,20.45026785219838
7.479750166832009,-19.98741749794864,-9.82081742075465,24.35595474068152,23.879060745675368
3.462096957875751,-19.661734650480334,-10.340606717299794,21.756595933123656,21.756595933123656
3.8944137755865,-19.778367612783036,-3.327434226824913,17.394801696837124,17.394801696837124
4.825311363690314,-18.740234560264177,7.729807556976063,15.20947770693053,15.20947770693053
3.3928490258439155,-18.258891055227373,-9.288589422546032,20.74363033509867,20.74363033509867
6.465183166238589,-18.584938412680465,-6.7468656303626595,21.251315025563464,21.251315025563464
3.8362067405535,-17.571783993986145,-11.133519115212582,22.839621665689346,22.67044710078752
7.392860339687381,-18.809940153207094,7.914562988147161,17.614101679703797,17.614101679703797
15.302546411402247,-19.581433803635804,-4.484186312910179,28.34066772369794,27.27924986819587
15.8194758472508,-19.586456721197408,-4.5413275210723825,28.71657633564824,27.75438330656486
13.279626899188777,-19.723920655147626,6.3354639110606215,23.001682751037517,23.001682751037517
18.372177564038914,-19.5828033340279,-2.458596244987767,Inf,28.81360689754928
14.064271614047279,-19.969223013787243,11.389691700217341,25.225158420258673,25.225158420258673
16.974255590637604,-17.51468616851886,-10.54757954666055,34.52302535968257,31.356763766868333
11.524380014073571,-18.734675518174395,-12.472836244418497,Inf,28.743002189770483
10.373878219386981,-17.087939107584916,1.0591118650124187,20.515232231945618,19.72672567998043
8.868273719172379,-18.81981988618028,-4.343619212541583,22.129271616569746,21.5768502471543
9.801886725557853,-19.44245108611767,-1.1492099822000696,20.84507235264354,20.84507235264354
10.543691432106918,-18.04811497949089,-1.3455270722298174,21.998552742653096,21.035458477230154
13.339571691214019,-18.055104487373022,7.0152009836776585,23.21122178360433,23.21122178360433
13.713860815058823,-18.611138243935006,4.349973616149452,23.13725610741146,23.13725610741146
13.44939580441305,-18.314666489623733,-0.40020072278253593,23.345186915719346,23.345186915719346
13.123114586831981,-18.199773016747827,-4.553594722036722,25.154696515646243,25.154696515646243
16.10260376376759,-18.584361004727576,-0.9130140587491731,25.9674672638196,25.9674672638196
17.8583031573826,-19.34894448874961,-9.388190126460199,Inf,32.018800142137366
16.62534204408697,-18.769773798079132,16.354870373244353,Inf,29.179526141843446
19.28711525843888,-18.25574514223952,9.828274066152662,Inf,29.110979840868715
13.964219266093394,-17.506661030183707,6.218547194144051,23.303835180730015,23.303835180730015
14.550246343680158,-18.004726673429616,10.783423486157151,25.366965906246733,25.10679186196256
13.513979307147977,-17.759700772514666,9.549549295820015,23.476965926255776,23.476965926255776
18.146510700679663,-17.780333610559378,7.360871738691593,27.425565501633642,27.425565501633642
15.731022185400505,-18.523362793782525,18.167790135770176,Inf,29.082218847070287
9.280326219816189,-17.946666172388895,19.52759946339704,24.711628914185198,24.045230352900557
6.386080144358274,-17.576651236740418,17.732769668472663,20.619593858662622,20.619593858662622
4.229280573532641,-14.525743695215843,-9.069564109553445,20.255529235006577,20.19236725484246
18.214025751943915,-16.229144439573684,-9.283686701170684,33.801737322014624,30.82818109043904
11.670227120983547,-15.032916926343578,-11.402940782444313,26.99111522676598,26.99111522676598
12.945987578330588,-15.194099227849698,-12.7849481595634,30.431687097181616,28.84589919292793
16.288265504040453,-16.56717862389329,-9.539425355245106,Inf,29.86138101135683
5.370989067489411,-16.9156997233678,-9.74270515214184,21.769731159284724,21.684972171309763
12.041466856528558,-14.879415200967472,-10.663189900092505,26.625273154070825,26.625273154070825
12.716539924094512,-14.80009936041121,-10.383748920269413,26.94834008464245,26.94834008464245
14.501823398628119,-13.17842825140417,12.72159099859114,25.159719169539905,24.050311465527557
12.737342773758876,-12.242159216311359,10.501848014150248,22.028666697965793,21.16275220163058
14.027442583837995,-12.613077069324632,16.71568971176241,25.792012926094472,25.792012926094472
11.622747999197234,-16.970741010521966,2.8088888886769254,21.299515018255587,20.733643708365854
5.363182629031591,-12.258975941682584,6.008791356728807,13.393501455242545,13.158868276008624
8.969159329788987,-14.24656914529769,15.108014458012434,22.96638207161957,22.300657632725116
4.136431251407764,-16.03475497600403,2.712707040969633,13.18842938053698,13.18842938053698
3.241174816106003,-13.3645831132797,6.555849022169589,11.658090448918204,11.658090448918204
7.299607852144678,-14.56541595529571,1.090728354781099,16.824636503784532,16.450101434292282
4.711701498590067,-16.85376837743963,3.1252007522741643,13.883754620145329,13.883754620145329
10.983220500706086,-15.501419331100408,2.4249560656848885,19.823740779597117,19.823740779597117
9.345039822937125,-16.1047068088505,-1.6282961430200515,19.96919667884005,19.900410016052902
11.620155420932868,-15.699835534262636,10.381358432209986,21.531954092123556,21.160471313316297
8.39808039977531,-15.845739518589186,8.459853362823697,18.458225066526786,17.689263206825046
7.64445796282417,-16.861032382988412,13.325258448794713,19.51111773696472,19.51111773696472
9.645748529390552,-14.110451393781656,-8.30279671150735,23.175312626113175,23.175312626113175
11.033818312496251,-14.448390904373047,-8.511873448232379,24.481729280820105,24.481729280820105
7.477083793998432,-13.188282489772707,11.929653615495369,19.748719679887362,18.502926647549103
6.94069459938806,-13.793037540438116,-0.734026159976942,16.966728470280305,16.458534932116354
11.26551331835513,-14.482842357486332,13.445093471790585,22.597746279715068,22.597746279715068
7.477466650820812,-14.122939303384934,13.520254529693368,20.1185914155185,19.844922357121145
10.293202137287789,-13.641962605119993,16.26179038713927,23.70027281016218,23.70027281016218
7.6428589624989485,-13.03737827552168,15.276569703867715,21.38595900014868,21.38595900014868
12.26025852573001,-15.596656278131222,7.179874879605599,21.144707978790198,20.970202445946814
13.391715556580408,-13.336041907223946,1.4224503676059115,21.169384469908433,21.169384469908433
12.237828919461442,-15.002235668113117,-8.519537242925175,25.807038413723095,25.807038413723095
11.908723078284254,-13.631130483274987,-3.887566946441467,22.131938986463243,22.131938986463243
11.72499348036613,-12.28338602132152,-8.621957117237642,24.782745518095197,24.782745518095197
14.114160985556943,-14.334802470748329,0.03153127870249506,22.28936820127386,22.28936820127386
14.078370470376207,-12.889222648161196,1.4858513162802893,21.78055869523328,21.78055869523328
11.946110616580263,-12.613393412584779,10.455619200009771,20.58829465658966,20.58829465658966
7.427903781851491,-16.717275326665472,18.57253537353452,22.209917689162175,22.209917689162175
10.781321000645665,-12.566983978149597,19.156973429332353,25.40138061005465,25.40138061005465
10.51122926122283,-14.47866437935481,19.020644858506977,26.78722580442087,25.01825759973159
12.946625391282566,-15.304013628343967,17.745302631764034,27.164933998300448,26.587421674835152
7.905164968365028,-14.79780349785182,17.17839354993317,21.810873812373835,21.810873812373835
6.310158739990879,-12.225396760127447,-8.916662677164755,22.196940514138685,21.042206820590422
15.656702236871595,-13.055530167359075,13.194549200408836,26.082661228962657,25.221405126844456
14.969220580705517,-17.024659567694798,-2.834776086391642,26.538814147715257,25.78457086006723
14.56774066931942,-14.694815892104458,-6.307112050309724,25.881072180688815,25.881072180688815
17.294184270356055,-15.358869028693318,-8.476528663772918,Inf,29.415265312790336
15.507394481719587,-15.829243584753385,-7.727979720696769,27.835526222006987,27.835526222006987
14.991598014880509,-13.348376956689334,8.049360519395606,23.29587995344067,23.01771358506474
14.682608754383828,-15.13165028223729,14.655050810652753,26.197685494481235,26.197685494481235
19.870569572446783,-15.558028525006558,3.086326978968607,28.21787787391703,28.21787787391703
17.4391966468946,-15.15472286863531,3.0357462268617574,25.89087016249961,25.89087016249961
16.46580801457843,-14.362621237203035,16.31647363578726,28.193363839001005,28.193363839001005
15.521888584776178,-15.191601250838627,4.729754583848624,24.923504639771757,24.923504639771757
15.65110563460587,-12.84557431273214,8.953174258924463,24.522517664831973,24.522517664831973
17.21738573314319,-12.738433437272896,-2.2578247228525328,26.511417128424107,26.46304150268678
15.403714273963011,-12.090632089868087,-5.389261151816749,Inf,26.235983850304155
17.94945442576433,-12.674778528664907,19.762992028077527,Inf,30.759108190463238
16.98551910380364,-12.566502934020196,16.81993043731118,Inf,28.706317454249195
-3.0166234260875697,6.907113508545535,-9.813044885754705,Inf,23.15614647979183
-0.37992136174177915,3.448491242324188,-11.87246050640085,Inf,24.280048181236836
-0.5180099888225165,15.19160420531314,-11.20649653449858,Inf,31.92070937311957
-5.456440959948132,-5.984148518399133,-11.65703742171317,17.75809788795488,17.75809788795488
-4.316840468219372,-6.6074469038349815,-17.187072067722518,Inf,23.277987909890086
-5.99773020884566,9.850730844247764,-14.73391281414461,Inf,29.64405060495738
-5.956873988682503,-9.886291452174438,-19.353742908121898,25.456781401615345,25.456781401615345
-5.873166966634651,7.723925691219378,-19.349224692917034,Inf,Inf
-6.2704525690586355,-9.769971690719865,-17.33352220845939,23.422691915218596,23.422691915218596
-6.474361958403554,8.846267466298077,-16.19335697445746,Inf,29.456629994250008
-6.916916100857717,6.816542422330826,-15.578282279107922,Inf,27.448459386040717
-5.398677122486983,2.4993054280603317,-15.572689034914928,Inf,25.11640313953348
-5.331036394377762,2.1937391351024615,-15.689882920141978,Inf,25.061961491486223
-5.545677541400478,9.394886175796337,-17.924802251756482,Inf,Inf
-5.511847309134303,4.260716262098619,-14.477342142080518,Inf,25.293579701707593
-6.128033012413914,10.095288966330003,-15.704999051276749,Inf,Inf
-4.6820927896438835,14.60226874611837,-19.683199102858726,Inf,36.52933554152128
-5.4883430213134154,11.909602124047211,-13.252028695697247,Inf,29.71060295998103
-1.0992024327968863,-6.712680571911918,-12.180346727963665,19.536382386977344,19.536382386977344
-2.4909161063303813,-8.443650806605039,-18.046654015316392,Inf,24.227004238154628
-3.6390677602782233,-7.601357448033301,-18.915518027593645,Inf,24.86961190349482
-4.121625682367878,-7.868009848351187,-12.158907035070659,18.090544286554476,18.090544286554476
-3.0978414433236097,13.090043888669094,-12.260180376439491,Inf,29.80623644621692
-0.8952021633207607,2.4240181509979237,-17.398697443137536,Inf,28.297069979537945
-0.9015102173977567,0.47920502032435763,-14.502885538838202,Inf,25.660904513463883
-2.6263670098703074,-1.3840270406193795,-19.68959773042115,Inf,27.43758451102898
-1.7355441921913055,-4.779657661087935,-19.747154515669116,Inf,26.623586178936456
-2.5627448947068565,-4.18327611928083,-18.91858965732404,Inf,25.779741060422985
-2.56407889225299,-2.110207965761184,-17.42718394440347,Inf,25.285897342598282
-1.889200853669113,0.1729720274283224,-15.877656321944764,Inf,26.03148651007872
-1.12527279368787,-0.18688269735202212,-18.69719993649916,Inf,28.00293317187035
-2.0658770361544825,12.182393224718666,-11.104905901249138,Inf,28.669892907148892
-5.583511775334733,-0.3468483373189386,-10.020879789705779,19.127002289413227,19.127002289413227
-3.6111054420273625,4.35243636581469,-10.857487132591386,Inf,23.732799665674513
-4.699981055107223,8.854850482240309,-11.21409705048154,Inf,26.087071145176814
-2.611816997084233,18.76503585073842,-11.39834414555537,Inf,35.28165064515274
-2.487806753809849,18.938390922403975,-13.86461104748161,Inf,35.90127566902643
-6.515698772329062,18.865690644425577,-11.61353747622714,Inf,35.00038810194856
-3.7400904342337427,17.696292354153456,-18.684955938533037,Inf,37.737677028820855
-1.458001559177582,16.74249176841964,-12.211037735232555,Inf,33.40144011265421
18.309927631329934,18.420321375810367,-13.858162290062204,Inf,Inf
4.939821555784238,18.292468189599262,-16.90159590096089,Inf,40.079292787624034
6.408321784458266,15.369670934960702,-17.79858334024194,Inf,38.88724652253109
3.2500796467122157,-6.37013676512165,-19.03744125641607,Inf,27.663702747270847
3.4001587160123563,-10.118289290668416,-18.065276134631915,28.770558045554566,27.13438879266338
4.969178119015041,-10.537123813844378,-19.472719063708528,Inf,29.283374563535464
1.133342983648813,-11.462019419849572,-17.80852067874351,25.83092329513465,25.83092329513465
0.051787340604228405,16.355935107295295,-17.787089484163985,Inf,36.8279889898137
1.8324399818876635,-4.099628213262614,-18.121551946304095,Inf,26.658214266701528
2.5259632736807873,12.169105806533047,-18.948164042090887,Inf,35.07806713461835
4.8534393382180525,11.983568805677578,-19.254122857506843,Inf,Inf
3.4182476891501494,10.467661792271493,-17.9091049035424,Inf,Inf
2.9916521055141843,-1.5469423825543132,-18.680609672594635,Inf,28.771024885714127
5.473536576678377,13.302213733337013,-19.993412372361334,Inf,Inf
2.2465217004551086,15.832065103477163,-18.665771856584144,Inf,37.329842504575346
9.971084601786558,6.761311374245629,-19.584167647808705,Inf,38.01622264751057
19.735601356703242,2.9738643586211637,-19.365325131309177,Inf,39.539778116625186
8.61402713940878,-5.969343159195786,-19.855083233235842,Inf,30.66416734819932
10.212854020443256,-10.842823045381786,-17.780161697049508,31.9797905796497,30.126318949092216
9.858498995375832,-5.0152892885666045,-17.947242901789675,Inf,30.21968483100869
8.318702648007019,-8.764007853097349,-18.587911500889184,Inf,29.379615442903024
19.18733930964622,0.523543902400867,-18.13618280966842,Inf,37.45826534082701
19.70921808889215,-8.819268324491496,-17.221439334757118,Inf,36.145670578048296
12.36781798972622,-0.6172840174925653,-17.96705036867995,Inf,32.02895960651949
11.706450830287185,-7.530315854429546,-18.410608581333207,Inf,31.06510959900405
14.95235408603726,-10.283648705000425,-18.99713755671491,Inf,33.36315275808415
10.965500824759467,-4.002773382987517,-17.10086643958439,Inf,30.074089918877288
14.481255732564819,-0.9403409885402958,-17.16364085414242,Inf,32.959318348085546
10.25310797050124,1.8694621405654743,-19.048881313269685,Inf,33.087099240098
12.710767078527155,1.5241409760263451,-17.54802559942891,Inf,32.68833761203983
17.165806322570624,5.403446193734787,-18.90192722261584,Inf,38.4171921804893
10.15733359663935,8.96799105839774,-19.032097170694886,Inf,Inf
18.803061076672847,10.297191508603667,-18.12558150102901,Inf,41.360831801017156
10.516790110866747,8.369653628187159,-18.31360694346892,Inf,Inf
12.098872532246617,7.2687336816736625,-18.576023041150105,Inf,37.15107704881716
14.589327335715225,14.733579755754235,-19.030104329200768,Inf,Inf
17.419402796725677,17.342373660374513,-18.134045889255262,Inf,Inf
14.260893554890615,8.53274119429581,-16.91647376618265,Inf,Inf
10.52535411068068,12.069487130928238,-18.895885706972393,Inf,Inf
15.869103007190297,11.508478653737146,-18.473729015414282,Inf,41.457318412152645
19.260260483135752,2.3915031132519076,-12.744461313044804,Inf,34.82231764890118
12.924403640481728,-6.117899802270896,-11.546099430631047,29.06866941675653,27.19612016345814
11.32722150036684,-6.741685493542224,-14.644736057518042,29.771047715205622,27.716646896397705
13.277966272067388,-10.438022784227199,-16.015959998816864,31.439506789377614,30.104323666142893
7.7966388604005665,-11.304674481663053,-15.154448356508183,26.528295464522962,26.326579336934277
0.6890272390151253,-8.921225377605673,-16.607764716373666,Inf,24.68152106809811
7.412162473972657,-6.450756140047371,-16.167540792695032,27.597456920664428,27.021298187215123
14.160557916250795,-7.556161750632278,-16.03676120933973,Inf,30.64607474669408
11.654899227497939,-9.862991230092746,-9.918118933083058,24.780750505573522,24.780750505573522
11.030985403122191,-9.134056029863915,-11.817353848491088,25.16696142224749,25.16696142224749
10.239071898181223,-10.136217226839337,-13.433738975641099,Inf,25.769251844621845
4.509173194412064,-7.212824365368222,-11.793505416463148,Inf,21.645172675144757
3.9045516165944676,-7.650506980601639,-12.774431396685957,Inf,21.995770614960335
10.564958473614723,-8.348260467443787,-14.004485278384173,26.440613869620016,26.440613869620016
17.980465823421724,-9.711207287307264,-14.078853848273383,Inf,32.353566768975014
16.329186442383197,-10.30638699792342,-10.055504866078406,Inf,29.174538424464632
17.262846474392717,-6.899664859836667,-11.363306156668687,Inf,30.890537856395976
12.532275752491977,-3.8345989374334337,-16.67453641051841,31.605434049327684,30.833950418289277
5.630582611405181,-4.547871515344255,-16.852840315553514,Inf,27.22457597652047
1.5853354674505127,4.622776191276117,-16.729413060808042,Inf,Inf
7.066121897348047,17.27121643637686,-9.829757131805383,Inf,Inf
6.686213029884634,13.984094351670805,-10.436811544101614,Inf,Inf
0.053252585938146524,0.23597738021656056,-12.138908181736534,Inf,24.669113857427742
0.8966863012007487,10.81269481443126,-16.116221782893653,Inf,31.540512726276987
-0.3121269279181327,0.4457383125134413,-14.964198765000312,Inf,26.396946876449142
6.571347832144461,12.784795412216852,-16.329870228815977,Inf,Inf
2.1585098068267143,3.5960175216234376,-13.387046078608478,Inf,26.5679271846058
6.211929607011982,1.4309426652615187,-15.015082590250763,Inf,27.66021516811865
3.7345200387491246,-2.715475244730694,-15.528325273765144,Inf,25.700905443326377
2.2482823189458685,6.528685349279677,-16.0726930547181,Inf,Inf
2.5349973140435367,-1.1100147020015605,-15.950657887853072,Inf,26.683507029247224
5.664027418882931,4.780051940571461,-13.373071599896367,Inf,28.905788574095972
2.716884193808191,-6.112666276627499,-13.197947436755566,Inf,21.9420031934174
6.633376120937335,3.596132266405334,-13.177420483654698,Inf,28.63435867211885
1.759073740294781,3.62857174025833,-10.134951863924258,Inf,23.68916481357701
1.6516931869335139,-5.347255797596917,-11.074565528923657,20.163482874692154,20.163482874692154
0.8701978111956947,11.817442176674415,-11.740850008974908,Inf,29.708637574998185
1.5595891773929864,8.665671349096257,-11.286716095339191,Inf,27.11736193006016
1.6792165839159807,13.766318968357638,-10.369692301744271,Inf,Inf
6.245093938287781,13.863901023162654,-11.670663576649059,Inf,Inf
2.8155701173003393,-4.268292216731133,-11.22313882914308,Inf,21.454021712914603
7.065144974164177,6.139415900094008,-12.043324942495417,Inf,29.0300101843807
4.1229032986164,-1.5949651730027696,-11.6341530138798,Inf,22.66513419147592
3.0762839595975855,-2.2288012193073747,-11.140267861746702,Inf,21.7111413123059
2.33960567700737,-3.2201436904435994,-10.28591962017515,Inf,20.57263300078403
6.149606418499964,-4.2597740978458365,-10.880881060747125,Inf,22.203441507683415
4.860709722445897,17.679588104456315,-11.87838752719303,Inf,Inf
5.371097876640256,17.517999171702947,-13.533668842013604,Inf,Inf
9.324700037786158,5.754757469395084,-11.04313906856003,Inf,Inf
9.194243723256939,-1.6015316904304377,-13.631853937279121,Inf,26.566886263428053
16.126077729214273,2.632043917466831,-14.644744319310758,Inf,33.37864099257675
14.027743936795787,1.9642579265403555,-16.613688668412372,Inf,33.27277310042204
9.894101009017433,-2.9304309375090583,-14.585393393049051,Inf,27.635918345786436
11.055935275958014,-3.22165542031194,-16.491359143923603,Inf,29.72854732540943
9.730478131418685,3.94667903041352,-16.379957761034987,Inf,31.867165417289907
9.918892089236486,5.437757076264642,-14.319000781423181,Inf,32.16571711207702
19.105340388613783,-3.7719837732774337,-15.20292444994051,36.29335372210873,35.597398672593705
17.13290027938954,-4.195689246954215,-14.202007692489085,34.4034783237442,33.37107048999233
10.362016633646085,0.8689174202553929,-10.69294034042283,Inf,26.29380670200135
7.579711911567088,-4.7400166305000635,-12.402982263300926,Inf,24.26727386992499
16.473291337806756,-5.428351409837511,-11.457948931949558,31.425492016631736,31.119907478848404
16.252485850498672,-5.542436277099192,-11.011693904735704,31.05824362765634,29.56794418967569
12.98590399290508,-1.6475369854042299,-11.575793931346494,Inf,27.947308716432303
12.586728704671259,0.8054973412636635,-13.577322222660548,Inf,30.023116657464964
19.20897396171292,-2.6018222663805517,-12.436232471072053,Inf,34.06721221922426
16.986015100572388,-4.845859134576314,-12.710720289091553,Inf,32.46440807782474
18.22372914689835,-1.1408610879972692,-10.538187787236852,Inf,32.612748959822795
11.527175229946891,12.448848683120303,-10.529341090950082,Inf,Inf
18.014089637821264,14.354258342709151,-16.278977061773638,Inf,Inf
17.750767838345652,14.45351050159131,-13.566136260637336,Inf,Inf
15.164120916794218,6.6213498501058865,-12.826474105301813,Inf,33.95581751494208
14.244498696030675,11.209286453585712,-14.723105780916335,Inf,Inf
8.296963838592049,8.977511152189102,-14.780183369105098,Inf,Inf
7.296560292806671,10.513308646589678,-11.262771954741755,Inf,30.985619185176816
17.845453174525538,14.686919305936371,-10.729768316047368,Inf,40.208412332936646
8.106665942369009,15.363741474890176,-14.76274492484447,Inf,Inf
9.536291820747387,16.95664968285321,-11.33602068499214,Inf,Inf
18.967104370472697,6.809742244612416,-13.713619112313271,Inf,37.27054365392912
18.366205075862503,17.59950118186402,-13.744552392912235,Inf,Inf
9.810363097596557,15.011644050687138,-10.002185194298532,Inf,34.805445067799084
17.567330299118886,8.694186139860616,-9.867799723365884,Inf,35.523264739018174
19.74608627862463,13.618317402915032,-12.562372928783132,Inf,41.544458231455906
19.38685576508807,-9.745812313767628,-9.88451147076093,Inf,32.16220070571845
1.736731482283247,19.529882881820257,-10.985623337841348,Inf,36.814920846438035
2.3910625530470924,19.792016672565147,-17.80904243195338,Inf,40.47758440146401
7.185505559842529,18.484278857545313,-19.0170945408898,Inf,42.320840365467625
9.63464887726273,18.97867094907027,-18.431043674600627,Inf,Inf
16.85396511589917,19.09629841997627,-11.14674196726991,Inf,42.04107141832701
17.71775564402867,-3.255085859413647,2.260502885687039,26.809282084539866,26.675104454594518
9.286812252830579,4.764405857834923,11.515514596599978,25.245853203089954,23.758315593869124
3.4354448349266065,-4.272992420660442,-6.202088216576067,16.79437963851703,16.79437963851703
2.1385939694570126,-11.275051989816278,-9.170180328111623,18.2926526046337,17.585905197570128
-0.24248635148926212,-11.910787030600671,-8.020203170567912,15.936204584188761,15.873042604024642
0.4448356690617139,-10.867861796895664,-9.184985569526996,17.74528054029879,17.089382533710303
-6.6833410792236325,-11.641519441131933,-7.280761733989154,13.066278308805536,13.066278308805536
0.39701991530213476,-7.69062278320936,-8.455925674651397,16.43214952933321,16.43214952933321
8.585452090433954,-2.633791851538547,-7.37522945266444,Inf,21.995750089563824
14.23796901844895,-9.692566063508501,-9.083655868231446,26.951131756933997,26.89953306079199
9.199785123242492,-8.31533833423677,-9.691208932154733,23.421172373088424,22.570663438153815
8.05882744928729,-9.589364983518038,-7.798213388890458,21.66755767678437,20.72750985084867
5.370948556761643,-9.360756020563468,-7.4360375084705055,18.005722502949126,18.005722502949126
7.818361388233484,-10.59357459071137,-6.546859124763973,20.047424129565197,19.893457089242006
6.315402094036919,-8.942784621186277,-7.908070489451164,19.141287432797963,19.141287432797963
7.119232577868804,-4.4906606961302575,-7.098310980079434,Inf,20.39371527760609
15.475117952363888,-6.207545726240404,-7.513139378920988,26.976839014559342,26.48297230278814
15.212550846611002,-4.825158216531991,-8.867625987019014,28.266387045149273,27.53730046810248
16.5994152519172,-4.5211342494371465,-8.312290779801605,Inf,28.248817510969452
11.14770944168015,0.4486886337535907,-9.430941700907596,Inf,25.76028808880409
16.27812330201678,4.556552590140839,-9.19950625663402,Inf,31.553490420020868
13.72128155250941,1.858957529200758,-6.647352628394829,Inf,27.044837962027827
-1.4330585997605922,-6.1557801511845245,-0.26013725564653356,8.885271183459375,8.885271183459375
-4.674078029293769,4.264977998070325,-0.3993839414469136,17.45079145813541,17.45079145813541
-5.982826602992688,4.114377039122132,-2.7579119393618186,17.734844576964477,17.734844576964477
-1.8152737023928545,1.9128221171835662,-5.60345133763926,17.668014306418925,17.668014306418925
-6.9089192804747235,-6.74787213233798,-5.450838998947702,11.465982797782633,11.465982797782633
-6.313866242561446,-8.69225433667725,-3.505765187800691,9.12604979554895,9.12604979554895
-2.5878181900640307,-11.64108246096994,-4.03214554769292,11.238614312284275,11.238614312284275
-5.609590417856145,-7.912694355066083,-5.804951620186278,11.635161238585233,11.635161238585233
-6.911345790882866,1.1545184156482868,-3.592607241176946,15.172009572549204,15.172009572549204
-3.777040408658312,-9.898703834948082,17.948367735534525,14.377815311341399,14.377815311341399
-4.457290094302913,-7.248752532407412,-1.4825778864528338,7.924085450879795,7.924085450879795
-6.198457731863316,-11.503446703964633,6.817185324340986,2.1535550092651654,2.1535550092651654
-4.001639473397143,-9.150605567782577,6.518326621615785,3.278509700651126,3.278509700651126
-4.106938753837195,-10.639212906072553,3.2831394280828974,3.7003874538566124,3.7003874538566124
-5.683436464156717,-2.4905253159567025,15.595176953213688,14.127914900111115,13.176187430631458
-6.066601421087006,-4.310524800270876,-1.2568066602430221,11.051284910801835,11.051284910801835
-6.324116757682585,0.28431989240462485,0.07150143289489108,13.038717116640328,13.038717116640328
-6.387287913318822,-2.612752887050746,13.610693057770511,11.433834477393582,11.433834477393582
-6.82044280235341,3.6084844802143046,2.507351071720656,14.556944959052707,14.556944959052707
-6.466738146319333,1.0823884567255782,12.904158238405387,13.553627037862768,13.553627037862768
-6.095713231650599,2.722657300610951,6.109380529772537,13.050779827925712,13.050779827925712
-4.229893878938773,-4.152434562169658,6.691226652585051,6.57924998837085,6.57924998837085
-5.311980560699574,-4.869278073172305,5.6147839443379155,5.40248946984299,5.40248946984299
-5.636744130160816,-5.533433736690521,-0.38528931367465447,11.447938437698902,11.447938437698902
-5.701402110027951,-3.5195923034546013,9.049985509608565,7.502295482831603,7.502295482831603
-4.960706651110227,-0.1028468778789815,12.920721737378287,12.7181729747808,12.7181729747808
-4.826461584963857,-2.2740931058847735,15.329270987647774,13.403062011434596,13.403062011434596
-3.9085121644432164,-6.263921539599178,16.700255121290944,14.528311615788386,13.62288298889434
-5.039022666447819,2.907488688024074,18.73295467364177,19.264187435732232,19.084223374994323
-6.099737406822703,-1.2293800470443799,19.041986015690597,17.821732244991267,17.04590618960519
-5.15245844783311,1.1541784805404198,17.822775399174297,17.217969104780774,17.217969104780774
-6.3503675416354355,1.317896383893551,16.641800240301592,16.397600946216592,16.397600946216592
-3.142893522022998,2.7680138378916226,-1.206210485144588,15.855470038633154,15.855470038633154
-1.8521667163960913,0.3085773122568298,-0.5235021106207967,Inf,23.05898772932655
-2.731658529382024,-5.445440303474243,-0.5636715365570488,8.702348271717591,8.702348271717591
-2.4568190012125157,-9.262503523902836,7.25688595736915,4.926565021107535,4.926565021107535
-3.720149734717239,-4.553869358432507,4.745493653561326,6.402111882380062,6.402111882380062
-3.4206465411476294,-4.9443423188342805,0.40683633078388226,10.768588569625013,10.768588569625013
-3.760986967523703,-9.083505700729884,3.5813894268454405,3.8745623954927333,3.8745623954927333
-3.009929873873574,-3.2689234030159575,18.701576405842516,18.2996362030648,17.360576207375317
-1.9175037564497615,-0.3902225370132939,9.171218918733281,11.644005564010303,11.644005564010303
-2.4312558472670958,-7.11874481846289,19.39247859608397,17.78732618484996,16.851083649131308
-1.8877682134373615,-7.608560334128676,9.466872932327554,6.898549005137036,6.898549005137036
-2.216100143203086,-3.384879688698142,5.703883293097405,8.166215951716202,8.166215951716202
-2.343439617291885,-5.49800876131453,6.197371965083196,6.514430701810518,6.514430701810518
-2.9756722569826444,2.8480682188614352,15.065613890136902,16.676416071305603,16.676416071305603
-2.536027036605102,3.605253609729793,-2.504768071844552,17.96092201451296,17.96092201451296
1.5127403542221352,3.1646142148476386,13.967475353357692,18.529317087671124,18.529317087671124
8.673601028607862,2.8396029391425586,3.0625685668866325,Inf,20.83441047546943
1.1903872038298324,-8.031091690011527,2.1007058086327746,9.083735106291028,9.083735106291028
-1.177312777987325,-4.05088004332173,2.170273241070948,8.965645265872698,8.965645265872698
-0.004162647431726896,-5.678643539973249,0.43751803113729437,9.656323607008229,9.656323607008229
-0.2678109595308982,-4.6236657948851345,-0.014332891141172865,10.584381289967371,10.584381289967371
-1.1576292240509218,-10.556737569658923,-1.0602375710861267,8.802270729432466,8.802270729432466
-0.26362844764929605,-10.018167579160231,-5.508565176448421,13.315521423857598,13.315521423857598
1.1346248469047922,-5.181435368320146,3.049690944133303,9.767021090323249,9.767021090323249
-0.3776288005717561,-2.145894860825692,0.2524978841047769,19.91381101462871,19.91381101462871
0.021912401642019574,-3.583242371332389,-2.752556369259178,12.682442594907362,12.682442594907362
-0.22987020920524515,2.1443903305896654,1.5132755880538724,15.267285397066686,15.267285397066686
13.833981443034055,-11.482761346814723,1.2666588972961712,21.52467548196047,21.52467548196047
7.094041901485475,0.5569470984975027,0.27315637235316714,18.493579930679374,18.493579930679374
4.055941572168571,-1.80426411475527,0.15154928188653116,15.007952825679578,15.007952825679578
1.9774253691495218,-7.647732914750609,-4.336275841985469,13.757893966774422,13.757893966774422
1.3264441875438067,1.9459021301029367,-2.2547952977648933,16.827669620410422,16.827669620410422
1.278850116320271,2.5243591342043636,-5.242840679683809,19.396919828152143,19.396919828152143
3.3984526855717334,1.8850915294195687,-1.7753719683018865,17.435680933338297,17.435680933338297
10.296725652738754,-5.814989012750846,0.09949735272304139,18.667124188773464,18.667124188773464
11.584172075799735,-7.2145563744808605,-2.3561853044014285,21.7730353923938,20.438666059771045
9.824256566323886,-7.470092074814216,-3.770213491428038,19.69489870306391,19.69489870306391
5.6764328085723115,-7.5015614419153565,-2.370296144468959,15.439430655648128,15.439430655648128
9.553212710763425,-7.602975390751938,-2.7933432645889233,18.782799512521816,18.782799512521816
6.763790789863904,-7.5980291612814455,-0.6196193975089592,15.300690946071267,15.300690946071267
15.898047657814026,-10.108775064892468,-0.7616069396413572,24.310665052155414,24.310665052155414
6.236815061455665,-2.137894516869654,-5.088239574053013,18.712851833583628,18.712851833583628
15.500591677370664,-4.648395494961326,-4.019141197143599,25.405398859823496,25.128649888782572
5.486328139718353,-1.6493026897466407,-3.6802170560931984,17.614766860540538,17.614766860540538
14.631772653551437,-3.3924537036076146,-0.8437418845783107,23.72192488534752,23.72192488534752
6.692975455644863,-4.619529104063824,-4.6907797334394985,18.15766586115818,18.15766586115818
6.44484238171005,-4.0180283743598455,-2.1484358945475535,16.800164751653455,16.800164751653455
14.45586998955499,-1.0542133566571543,-5.079984417998853,26.839669561872675,25.830931028009154
6.983636909481792,-1.102263090957134,-1.5883767188390152,18.251487956787663,18.251487956787663
14.714433335653858,1.0532109780773524,-1.44671349270439,Inf,25.87846050874955
10.479504086513273,2.8292385179921276,-3.2000110843346263,Inf,23.60821206083034
16.371770298289917,-3.7920591179449232,-4.69691123347447,26.525659696298717,26.525659696298717
16.894300973826184,-5.627765609714848,-2.5692163925104516,25.786470069826333,25.786470069826333
17.488573480604444,1.4619998698357932,2.2678748088617695,30.026689546595506,27.896005063394284
6.325538285708994,-0.6689334069860493,1.5390143502229314,16.80906625146719,16.80906625146719
14.092499308586937,-4.95240033126735,0.8878069655235095,22.63869678983317,22.63869678983317
3.0070165079538747,-10.75166681965456,0.541045499338324,11.325352008758006,11.325352008758006
9.072998182782975,-4.364094966656369,0.5197800780290862,17.920122772090604,17.920122772090604
5.546630346188248,-4.844616427266004,0.7688026204835552,14.642911755583253,14.642911755583253
8.269705745770963,-8.198443811511504,1.0263378093385995,16.246068828531946,16.246068828531946
5.724823927980758,-8.794958058167879,1.096042703102718,13.684802781156986,13.684802781156986
4.420391334364346,-7.268456381746642,2.3034130777129818,12.351742262517382,12.351742262517382
16.563800564606524,-5.173351056272555,1.1865759428307214,25.06006303403286,25.06006303403286
5.174612161629774,-0.2817178425925775,2.668072467438485,16.12896749035017,16.12896749035017
14.844354657543803,0.39049164754822385,1.3337087758437178,25.806558889732578,25.395961161857493
12.699231209595503,0.724756107162392,1.520132409414341,Inf,23.333381424536082
0.9143222075784792,-3.0376814902575866,4.077984500350304,11.114216089625486,11.114216089625486
0.4871767722486986,-6.531518833650791,8.544111141784931,8.79515720517597,8.79515720517597
-1.3318609192918451,-7.457577006189471,16.7722553607312,14.226607500415888,14.226607500415888
-0.3926315228758881,-7.880917800231408,16.15661053238614,13.758738614064956,13.758738614064956
-0.27653484802457484,0.7931188624178347,18.88288526053951,21.25714558025919,19.940477171152814
0.3609741464423806,-6.235953579361251,17.51910875055458,15.370821024889999,15.370821024889999
0.08622926679808529,2.7745670272650536,7.64723457218804,14.796683965686402,14.796683965686402
3.6244305932693877,-2.2187017024970785,14.79335061696218,17.010736744222225,16.26904932681376
10.744034544100629,-11.939781897940263,17.366123493904453,23.7478897749408,23.7478897749408
4.480700776073306,-5.360602402763046,9.774490551926025,13.134870646193171,13.12314395691976
2.311166554072244,-3.9822463812516595,7.559755371999842,11.50335197656006,11.50335197656006
1.6363736979824317,-4.96747536366791,7.20913101419649,10.332797867010278,10.332797867010278
14.371951563360994,-2.7857456641180818,10.24263303938315,24.640828767972167,24.640828767972167
6.635664167616682,-8.673265890801103,11.721061076816916,16.039740602274158,15.77908174070905
12.387607530734414,-10.278350884553946,4.745996087073536,20.95316942405026,20.3365220938937
11.661488821505142,-10.027444058995538,4.234514097710729,20.18920878455848,19.901913685529507
6.024914244838868,-10.072275256666154,7.3783155918692245,13.447731271832296,13.447731271832296
10.59585748381025,-4.340492816288943,6.330300918322909,20.226993555507114,19.357087266217427
7.902915680769354,-8.826111472993867,5.947428490931401,16.117422539511697,16.117422539511697
10.448078669861943,-3.3179435772772514,3.607419286285783,19.281435663552628,19.281435663552628
17.12339020428901,-3.5069043962222963,11.071614940436252,27.576210432142936,27.576210432142936
10.287915218834101,-4.493963859341097,16.61937790166838,22.153034804147772,21.960608963402308
8.240316340789828,-8.252869635346283,13.285406366910877,18.04470325693321,18.04470325693321
5.906105831781787,-3.612124098568046,13.743065415718867,16.645435552781624,16.645435552781624
10.357839875577515,-5.324814997741543,15.194575824353663,21.12982962630472,21.12982962630472
13.585661200178826,-9.199328511696283,13.478157796763604,22.9670292583926,22.9670292583926
13.552752265296945,-2.368762684745196,7.165134758272956,23.037494580247458,23.037494580247458
9.056795636861075,-2.4301452938672696,16.286058430817725,21.615951902932796,20.863341860113973
5.429771982982217,-8.451477467008122,19.14805227076223,21.137511115095236,20.329480169816456
9.89777310371231,-7.410819725879092,18.053231894033352,23.013134013722336,23.013134013722336
16.69369679196437,-11.283340892856959,18.484304759897867,Inf,29.217189277234926
17.622133269336658,-7.305885414313789,19.075835871909717,Inf,29.600884936169322
10.69005015248404,0.574493012227979,16.06630028730379,24.714327941394323,23.41384056168421
4.403539622295263,-0.8793448783803655,6.174441119288225,14.69087924299448,14.69087924299448
1.4108958530779887,2.5126774771253295,11.262219168988494,16.43501986607178,16.43501986607178
0.9670109307957375,1.5133734262892418,6.743131177219173,14.099605864114437,14.099605864114437
2.2007577296322367,1.345658764544055,10.607849093778732,15.838476134723745,15.838476134723745
1.9116300444918437,-2.1710206544733097,14.000738866207634,14.93336108735653,14.93336108735653
9.028203957586143,-1.7399714778156294,7.687111868920276,18.625849917166043,18.412674203778504
13.867072189125913,-0.09189096783946127,4.821395083287008,24.486152624793732,24.136399037187303
13.426044926397424,-0.5931833930592063,4.027697895447648,23.339666213420752,23.339666213420752
16.178266536543603,1.849199103771344,15.095099370550003,28.158035408675893,28.158035408675893
12.674284542307852,2.4003035251431726,13.43618988922789,25.525890269472114,25.525890269472114
13.020708823938605,-1.357902074498945,8.486533680379207,22.65391367994684,22.65391367994684
5.439695775275737,2.098107517064687,5.303786202945446,17.591418205540993,17.591418205540993
9.214349962795161,-1.650819275440611,13.478590280330835,20.19817584083734,20.19817584083734
13.557048855899616,1.8178328289059849,15.09824396873259,25.987291418152424,25.987291418152424
12.707060668143953,-0.24008798738623227,17.905308395510183,26.01066447391101,25.302679966807034
12.60628351008809,2.1530030008596057,17.622815666524772,26.766956637187853,26.298493793673867
7.226837908078664,1.2933980426009484,19.921528364087436,23.4530864987262,23.4530864987262
2.3710967091426056,-1.648302085437983,16.390474202781377,18.227037899057862,17.42237279829902
15.541899002561081,-0.6502824636187015,16.58409779116119,Inf,27.31738420007765
5.140112751145747,4.1325244385077475,12.30864338559094,20.5943476389316,20.231553581147242
15.622322495004099,3.5664853427848797,8.363586609094334,27.116933555224872,27.116933555224872
3.981134308862231,4.600654082525793,-3.6316004314227683,Inf,20.776247047225784
9.591189295676735,3.767045595607428,11.912631214683387,24.283505277898193,23.714596832845714
14.47824331180118,3.3308640743987965,-1.7620971660383056,Inf,26.47148398086359
5.3386535231657035,4.708757228795477,-0.8908392415578987,Inf,20.97402311813523
7.069411058884558,4.344360237611724,13.82411969915563,22.91091288525283,22.398993825579353
1.3156327199868834,4.701491470668575,15.700464485375385,20.53274960806987,20.53274960806987
-0.727611426198429,3.1720636643017315,17.713858522849634,19.902760261932098,19.902760261932098
15.930544475993322,4.814226217164183,0.5522459196590361,Inf,28.30612772515837
15.637090240708886,15.217134154365496,-6.275444921310482,Inf,Inf
-5.493490089939463,5.01754415285335,-9.598473303791542,Inf,22.452374247280282
4.093087118389647,4.835640750081254,-3.822505654121933,Inf,21.09341438814644
0.8236630321241023,12.696273056056889,-2.7928824321141548,Inf,28.878874611788273
5.13261985956327,18.088857272455954,-6.03768335699332,Inf,Inf
-2.461518371950344,19.50297016255672,-9.21575827141667,Inf,36.240643037532166
-1.1937464166599838,9.729999697434302,-7.2177934233902885,Inf,25.674303200651522
-0.13200660436908862,18.198990509131136,-8.990588089441287,Inf,Inf
-4.867771697347072,15.358943044684125,-8.184247972389835,Inf,Inf
-3.405068750907219,15.234065514557464,-9.459751953990425,Inf,Inf
-6.268448226487031,15.78227728863719,-7.8022815672138,Inf,Inf
4.100792402212818,18.119014385199073,-7.45856840788818,Inf,Inf
3.402531956308046,16.0821287856026,-7.279326214466479,Inf,Inf
1.3124974415764186,7.540968749344678,-9.182617614307409,Inf,25.03479230485161
5.121553898781759,5.695053535064378,-8.03333365487429,Inf,24.962099254560616
3.3882252569259492,18.069554914411313,-7.924528499635981,Inf,Inf
1.3981924960328307,18.529579241016954,-7.83797032193311,Inf,Inf
3.6504897674336867,12.022330837636083,-3.7244508579260653,Inf,28.71181584211616
-5.44104917688359,6.527207981551186,-3.195433276591473,20.077395750962356,20.077395750962356
-5.816339512509527,14.551908628081065,-6.195618281414852,Inf,28.65281255515318
3.327266579248864,17.41771732885718,-7.085739167393248,Inf,Inf
-5.0626502580845845,9.456984557604535,-3.392445421953447,Inf,23.03806971355251
-0.746831101048862,19.644414581687492,-7.748693603036987,Inf,Inf
6.724009698687681,8.336015482157872,-3.2928224588981507,Inf,24.850288494289064
12.963997905496043,13.541135058678499,-3.918385232924493,Inf,Inf
14.434134226458042,12.166727446359502,-7.449571299691993,Inf,35.66245975440838
8.398648494249763,15.208004529902688,-5.982971527239327,Inf,Inf
13.229275001773779,13.233496157952878,-5.973609184202786,Inf,33.42294333977835
9.68643428135838,14.016601058692643,-9.616619580982793,Inf,33.852256164839346
6.384107078174324,9.830598823834869,-9.344115758167515,Inf,29.20840515496596
13.59722744941066,11.618408616582716,-7.811887442675376,Inf,Inf
11.205014356837495,8.43301321027635,-5.649386571126698,Inf,Inf
12.988718437321623,11.473096448876284,-4.893434989884966,Inf,32.03706893103649
7.671553164849012,19.49187493620741,-9.7395114050253,Inf,Inf
14.396672974520534,19.858779173840553,-6.72474987209343,Inf,40.19209435008886
15.613088331194398,15.345216796653432,-9.12125610852149,Inf,37.90062256071527
14.987258376416868,15.580082411449794,-8.228515824179379,Inf,37.12180485998058
6.14376426314675,14.969266830950545,-2.8721868418404384,Inf,31.036381599890777
3.4164374849558783,16.761742108150663,-0.701155301786784,Inf,Inf
2.1832766495524965,5.366274392436978,-2.430945913656526,Inf,21.18068615658023
2.706238781793992,8.864053643004315,-0.5027275068844084,Inf,24.23271613251005
-2.27131961426209,18.581954882907482,-1.4483525671081239,Inf,30.71107908058994
-3.5377081863735356,10.652038418059668,-2.479038197470622,Inf,23.790150067691602
-5.622688854258948,10.82199171915521,-1.9823772551158392,Inf,23.13756041805253
-1.41944414431088,10.629496954894435,-2.1980340634576763,Inf,24.822011542928806
-1.1655855280424454,9.850194704857671,-1.7982646146387182,Inf,24.016050823766825
0.9493018118932213,11.761227047267006,-0.9388738491818138,Inf,26.83733501827501
0.43942365729349575,19.69538717716526,-1.2730865182647193,Inf,Inf
-1.7390777689142283,16.3706940090958,-2.3568106997293903,Inf,29.199355331607364
2.7929798126020415,17.03122821015136,-0.004046064961478635,Inf,Inf
11.128726835969154,14.99833878878249,-2.2441875809972984,Inf,Inf
7.0,12.0,-0.5,Inf,28.194590387494333
9.119339067128209,13.312553492962635,-2.286011309579308,Inf,Inf
5.445881797007985,7.729982377678972,-1.4986836317506942,Inf,23.63497697643921
13.841690234361089,9.333447436561315,-1.3072456007306776,Inf,29.841724899976377
12.332736472629655,13.707981425503775,-2.299634918375677,Inf,32.67986419236178
16.825311614766896,18.449382504713796,-4.282449033738294,Inf,39.50596611203487
2.9827417076056584,6.872230906713845,17.331794334824025,24.21512657905073,23.71906396065713
-6.329187525109399,19.54268287261116,4.3743639984919795,Inf,30.279124780746894
-0.45443603106155805,19.035597697583142,10.044281339031109,Inf,31.709282128918602
1.7310160903507281,17.282856591380018,7.437070408699739,Inf,29.582734364047134
-2.0952864374327085,7.533684422243105,0.9746631376497206,Inf,20.88809252968318
-1.2876184752415725,5.579272441326886,6.681097942590988,17.23115114669458,17.23115114669458
-5.309115684769328,7.293857661043592,4.234858699806374,17.89660922754932,17.89660922754932
-6.830252607164313,7.293734904217519,4.180857700321798,17.582782733207807,17.582782733207807
-6.970245560427717,5.995708524233159,3.623814757766219,16.415563441321616,16.415563441321616
-3.3186748852537633,6.964124424807583,6.644299076589235,18.148634591914956,18.148634591914956
-2.010799966621537,14.426815175368063,4.176509743200771,Inf,25.755449732259645
-4.956567200530291,13.284210913761576,3.796084052868977,Inf,23.87122853354117
-3.260310284779962,18.4818418360014,0.6689348910466109,Inf,30.12316136150486
-4.572453400440626,9.924091993249505,0.8455654698854254,Inf,21.463600155041988
-2.4857184767254736,17.60149989610504,4.152681720287738,Inf,28.500980774905937
-2.6441158933994586,15.981756770173533,4.18916247441679,Inf,26.984177822252587
-3.8240868336191696,10.860613577983198,4.8490152676517795,Inf,21.593328596215905
-5.0611665983946,16.181008953670585,4.775599012452602,Inf,26.663918265995637
-5.7199963285743305,18.627027957284163,4.5493550748148515,Inf,29.207194086414116
-2.2830911677624144,17.610983040808826,6.889508123878922,Inf,29.027105905841243
0.214046131988475,8.187417007990703,5.934769039767893,20.331864210558194,20.331864210558194
0.17402931918192976,12.31712320950058,5.934422810155915,Inf,24.166031895670645
-1.8226906122057507,15.318753653284311,7.738809349437396,Inf,26.70642351358712
-2.211848755957906,8.109107653284042,6.766420373100928,19.72385648139529,19.72385648139529
1.7907586902884205,10.627800969278091,8.967596712873629,Inf,22.940519676583676
2.221258208348658,16.601279232197832,7.201730635860315,Inf,29.07412762076261
2.73191333615479,18.934282496507407,4.687620541702433,Inf,31.369092604183844
-6.484889731413963,11.842538802843148,15.97750973954912,26.37418191757874,26.37418191757874
-6.634645565563693,14.995655713905705,15.000548937479522,29.801935906701257,28.187742260483795
-5.935346508975465,17.637003462280774,19.775644363449373,33.32426429580057,33.32426429580057
2.0790720466126373,7.244024689270976,16.217371016947133,23.473578548665007,23.22232805097382
-0.9323588107052316,6.518861564628658,14.135544106454972,20.979308520529166,20.20849493916488
-5.033461999370115,10.118150876358047,10.514635310135372,22.778794773513688,21.72418588260271
-5.075087386904924,7.101645223847662,13.199750555242098,20.717454967401416,19.738731619233775
-1.0731334184492596,15.232600789169268,15.432291299609275,Inf,28.832852246890358
-6.340516974985286,12.715850752193518,14.345963236917889,27.588733550331916,26.293957403217156
-3.054215159840446,14.801477129997366,10.57384815560912,Inf,26.808914883334666
-1.064480567144905,10.925299204474932,16.00262986470546,24.995995128307488,24.995995128307488
1.9927369211827966,13.956136162952,14.232111951620695,28.200901575485076,27.366651998306395
2.880146669456032,6.9493981376188,15.550001093293005,22.777595211392452,22.777595211392452
0.1348697197216424,7.40107026671577,12.82437198297957,20.4905872626069,20.4905872626069
0.1507030648361507,6.4781960012871735,11.30527979868382,19.127779245263525,19.127779245263525
-4.564438504662691,16.52317812721339,18.261493949232744,31.925136904718855,31.925136904718855
-4.846163674254953,13.270064098221965,18.91982741934366,Inf,29.1329809050467
-0.21387517041838322,16.66453557478455,19.874534376686974,Inf,31.971237647756386
-2.2222355428608793,10.496804449446302,19.452645408833206,25.52609845844713,25.52609845844713
-3.677582621331233,14.115728083545427,18.695669620516036,Inf,29.48445199925616
2.826368030270203,14.125383893763512,16.38883691578488,Inf,28.563131295796467
2.325527106293226,7.542401773673994,19.838833580472503,25.21591889203487,25.21591889203487
1.3931850294626713,16.68056116923072,16.49213431565464,Inf,31.03797937706312
2.143566552232066,18.885752413895474,17.6143791063935,Inf,33.728584505897544
0.5943873475960544,19.91743087572631,13.057984712504805,36.74906215367172,34.435562027838124
-4.263738501636052,19.874087614822344,6.687976632973935,Inf,30.89852683473316
3.1047067328747175,12.006569967463662,3.64644674822933,Inf,25.58649566950023
16.099087327878635,11.547449792935573,7.433815195029901,Inf,32.186031713493406
9.890463605205426,11.955749610050106,2.515874398269329,Inf,29.83266328127832
6.41559473608833,8.619093039968043,6.031972244871806,Inf,23.082036700952187
8.30667731830627,4.795793371727193,0.7856324087270039,Inf,22.3847274643143
3.0048291850918574,5.785127661497533,1.5254048459000487,20.533761919634458,20.533761919634458
9.800042675235296,9.471328822063,5.920504344371508,Inf,26.1796286574589
7.137133921301739,9.327573072272646,2.8615075616067642,Inf,25.408783070728088
5.929232772050277,11.63273696216099,7.118645017850884,Inf,26.410893830729165
13.15867051534888,11.766674843666436,6.365482898148649,Inf,30.8458004868939
14.535317878060205,9.864756422949938,2.862583676345494,Inf,30.225520035206195
10.791110231678644,10.709230566114101,1.0534777449119836,Inf,29.758493739060803
12.725372868108941,7.960971576071412,5.651809941933301,Inf,26.94959036672324
11.571559833138629,11.324954933300653,5.897732098443758,Inf,28.906440969605203
15.127833464729612,10.874041844447923,3.850080558243878,Inf,31.13337144116583
13.05939693020514,11.797993491687748,14.30253163266191,33.6999181490404,32.04955428365156
5.074252047172063,7.117896789843911,8.814453992799418,Inf,21.35015687262584
9.193514243497269,4.863813176832252,15.247478913282244,26.03198622689786,24.938048596819474
11.772700788552193,6.479285783716328,14.93497085416928,27.746237084881216,27.746237084881216
7.270583274135369,6.771823722316945,19.820928907278272,27.49746260550687,27.49746260550687
7.615956137001074,5.530968588298386,17.64956999076208,25.442252414807086,25.442252414807086
5.239132681338141,11.746835828780185,19.61949736639758,29.941635062862684,29.496302179376944
10.969333285593752,7.958485839421083,19.23442555896066,Inf,29.87505575775519
3.3435645804983523,9.112442771513187,13.509107100463382,23.66970131915336,23.66970131915336
6.8577235571750705,7.978237572057829,10.303082292475239,Inf,23.542498197125653
7.209903908075024,8.719521912125572,18.799216817049498,27.838473744242435,27.838473744242435
3.3037091494185304,11.332379391152429,16.08931944576969,26.911588531347785,26.50362448998711
7.717457975808742,9.532006690138964,19.306855959906827,Inf,28.922650918664328
12.045836137686948,10.064676986199082,11.150697016922358,Inf,29.39591936874549
12.788854740226512,8.465910622402866,17.930362485740787,Inf,30.621435914736736
12.3266591717179,8.09074185775134,18.050045228105787,Inf,30.17870687632029
10.183092157199553,9.087051122250365,19.76126739724735,Inf,30.310021541525757
17.57353385560763,10.75764421289346,16.68102447360348,38.90731548336974,35.16261884166087
14.654810649488866,9.196015157300906,13.401710031886978,Inf,31.855250614372533
14.327069934610357,11.538466298749626,18.829121136502735,Inf,34.52632738427738
14.426861752041653,15.570791286833831,19.553540644531687,40.30878029654787,37.81812188448837
6.613922336905091,17.82017035254208,13.958664104595101,34.910566608712266,32.935710450954275
5.654380300218573,16.195420794528637,4.799047032801191,Inf,30.079439549293784
3.7528952706258245,13.042383183259801,12.549404394039357,27.684940978790383,26.718048545900636
4.857318564253994,12.916313901054863,10.283131196926682,Inf,26.986716888566555
3.7906650833538436,15.798948360566484,8.728638870088218,Inf,28.490068466718
3.6817069965833937,15.371917097593837,14.071990788142926,Inf,29.088750754313153
3.3150567284981314,15.840432998272675,14.636789933468165,Inf,29.689570442982635
6.3808718664683255,19.878300120066157,12.751820649371709,36.492572184478924,34.52892441627385
5.485027068362093,16.503854323096135,2.556527127541834,Inf,Inf
6.031668508894555,17.901694646764106,11.368875146316817,Inf,31.69614549292829
4.11175359606629,18.20623471219377,14.818920504390888,34.81809082862858,32.792304563678286
6.072093890488279,19.55868140816417,18.0547942255929,Inf,35.81097559225262
6.144935421057937,19.89919154839327,19.25892476032694,Inf,36.06967043981262
10.133912656483144,12.977303785479151,14.925305372762871,34.17871078624758,31.29583678712976
17.059049118192192,12.5141873466331,10.722776095212332,Inf,35.02592749573964
12.118668359465048,12.03948632178394,0.7412327260774276,Inf,30.570345008788017
12.87321510159073,12.227279688376775,11.760098830012858,Inf,31.050054032272442
10.38295021168139,19.092713127277705,1.0579589099919744,Inf,Inf
17.638328537179945,17.735902289155234,0.7804684132184931,Inf,Inf
10.55739862393228,16.263622758487237,13.80532984012482,37.676363992425564,33.466410394398316
10.333228883307246,13.775426832924623,13.012544435744346,Inf,30.978792652115075
6.716983264846501,15.868887890595929,13.27983429478499,Inf,31.224969036879177
8.341783054554128,18.6343424989493,1.3097620349379469,Inf,Inf
7.349931856125647,15.07210469443848,1.1504405620152198,Inf,Inf
8.356942027225436,14.862270148179007,7.078888868602942,Inf,29.703375245864343
8.732063422722362,18.72118818262158,16.90839305876083,Inf,36.11660928400696
17.137562027495534,14.49722764428546,18.646955461600292,40.24142516017744,40.24142516017744
11.074625457717868,13.60641737332007,11.493782904801513,Inf,30.747823383342826
11.414462633579046,13.678166545828141,3.069920250298477,Inf,31.266193609293197
11.243178684782144,13.966196674184161,4.6975448626352545,Inf,30.888378612109594
12.240917361402651,13.836527346645262,8.437251008853703,Inf,31.180892876408983
14.744518824433968,13.177898248119739,5.817104696745101,Inf,32.54607110469074
13.885864060982556,16.469213958658116,19.324915081294556,40.608440717172996,39.79828751062472
12.188479093903617,15.674922893030626,15.411248709016562,37.604281252790464,36.3490578084383
11.467867796717528,16.90439927791205,13.112230046551872,Inf,34.30862917157328
11.304585597049545,17.567713809744333,7.205181042182723,Inf,34.41875600849453
10.943145359209634,17.882060879324477,11.269802987224207,Inf,34.903120873467955
16.423244116957875,19.29465819387046,17.91681825064549,Inf,40.54969135669187
14.43025718641568,16.48085150876642,18.71827932789354,Inf,38.012984574214116
15.456319980148805,16.61659953963578,14.432984209519681,Inf,36.801825570004816
16.122395721440483,15.153869728163585,13.25089996721367,Inf,35.67007481058782
17.697621318684014,19.729806724074464,8.23416561644234,Inf,39.2150452009827
16.9166802588625,12.591095386295159,19.97430531701344,40.60474704042289,37.19132222147779
18.900425506912057,-1.0071443988409001,-1.3281490735868218,28.625898979417137,28.625898979417137
19.891690408124283,-1.1301150145066963,15.99280251305192,32.781656658195224,32.781656658195224
18.831315130296375,-4.122747380187652,0.7527932617999866,27.39235741420842,27.39235741420842
18.27745048115151,-7.754275758111717,-0.5762927057376999,26.907845884759233,26.907845884759233
18.555434144889034,-10.28047376335575,-5.109211172748926,Inf,28.456073645532417
17.938863222563477,-9.190588355230753,13.921192036310487,27.809197684859164,27.34272618293385
18.233337416135,-6.857039763495596,10.871636465976565,Inf,28.787782150945255
18.203005381573405,-7.08380816591661,2.7954123200477525,27.11621400395873,27.11621400395873
19.30976008780985,-1.2428917149302343,13.507455156174998,30.758133304035212,30.702208260074734
19.2535163536854,-12.002129209541952,9.318899354487343,27.664008859490046,27.664008859490046
19.529123234656524,-10.37788613576513,-2.9256827436675152,Inf,28.54627064035408
19.538200525940688,-2.577424769900869,-2.4884515032877204,Inf,28.960472046499408
19.312176554362537,-5.77843581195002,9.459352958390951,Inf,29.5989125088431
19.567726767578286,-5.395011910460861,17.412585276834598,31.51016940351369,30.603293095453566
18.09337430783689,-4.515426889254641,19.663171391512684,Inf,30.09988806567197
18.5860646748758,-4.3881179173340445,19.057226406952914,Inf,30.267726227354963
19.774753768826898,-5.572300080193093,19.985478602471083,Inf,32.65234939427973
18.310569144704765,1.8252016455399733,-1.0978694910654774,31.52816418598986,29.57303145613533
19.7328775068516,16.358257960798667,-4.260235477050882,Inf,Inf
18.402442938634074,2.957106290232012,-6.990360502881483,Inf,31.865300286977472
18.023556123560205,2.2837815999266837,-1.4051955189110465,Inf,29.40922833217658
17.86634957615437,18.920077304870944,-6.34280894727798,Inf,40.76977763857029
19.782508643795786,8.572442818772437,-3.952463120806769,Inf,34.2436832488622
19.87610966451375,17.532905867415977,-9.547363602351648,Inf,42.10839413549792
18.882989859083736,16.89019438385244,10.080390634144614,Inf,41.7462339187687
18.143117410576643,11.734336316835304,5.187942787369664,Inf,33.568155931206356
18.408456458307725,2.511837034097823,4.148141108672405,29.764110705602892,29.163051756113134
18.589300539232624,1.5138793798960108,18.921453716976373,33.166103170733976,32.232376355769084
18.24315527938751,0.20226705681633916,10.583692307045425,28.47865645251968,28.47865645251968
18.200384812470922,-0.9612938771220492,16.714878527299078,Inf,29.77407419096504
18.376365967993273,9.500618617118946,11.554047440597202,Inf,34.395514013393004
18.56091760251573,0.5512293154137353,19.262982575368795,Inf,32.07177850191427
17.7811095896649,3.8695633212803493,19.849396040064647,Inf,32.6028375074024
18.210797146777892,9.577740450155055,13.543660067226199,Inf,34.59121555161939
18.740763861247267,10.280353515862394,5.52186995887137,Inf,33.39795029636088
18.182552730884645,14.032149410946495,18.559567457281332,40.72562324117799,40.72562324117799
18.75473680860759,12.901090705108736,6.524473700836477,Inf,34.79303020981306
18.08999692088701,15.333981315364909,3.4619757891830005,Inf,36.327001387890725
18.233957914603316,14.035484194948523,18.204114107839153,Inf,40.15805801065997
17.835875505132172,19.50122119287365,19.342116434471926,Inf,42.5670338224699
19.44289086925754,-0.6241875360327498,18.591472836904458,33.90266577123294,32.792239704057636
19.594702093944264,18.8967116450618,3.311663536292695,Inf,43.076005695253116
19.659189761675826,18.746794230398997,2.2064454276383643,Inf,40.287558754394425
19.23863750233523,6.948719120324924,6.7430686232304105,Inf,32.326858516362954
19.765047139468734,1.1158890683918798,18.690834963811234,Inf,33.04015150567361
19.898316106613095,3.4997144865337226,10.139239752317817,Inf,31.234668771950034
