7.0,-10.0,0.0,0.0,0.0
0.046862117671331305,-6.154075068354592,15.505115007200693,Inf,17.422567445042244
-16.054324054007765,-10.73485989670079,8.562668083286713,38.07060230473479,25.245819289866375
-10.851292857207397,-12.71790977560551,-5.223776458392226,62.117627055565976,19.016162840178875
-13.914827757244526,-17.284704348472477,5.801640163795618,Inf,25.47922211197753
-17.299992247090763,-17.555568967474766,-7.800619203326189,Inf,55.22074358121357
-18.56549787049719,-18.015441379062985,-14.046334679889592,Inf,61.60994923857011
-12.387587224096537,-17.488623698682126,-15.428870101740868,Inf,29.13583535295613
-15.730019503395027,-17.31066681625628,7.764626206133585,Inf,31.45614294001971
-17.101864207195003,-19.8994003491517,-3.928593070535875,Inf,26.833088214714063
-16.097779264815102,-19.046089264343678,6.523512560688786,Inf,26.758172291165437
-12.15875375204754,-19.635847802840534,4.010595088316187,Inf,24.200348037496365
-12.341801643258492,-17.90515172352589,-6.13558844914091,Inf,22.15201427122583
-12.553860144763735,-18.155269471678032,-3.9120195082736764,Inf,21.751080905165843
-17.820529710262953,-16.942218076392102,-1.8787914083566903,Inf,49.244523789452984
-15.706995536999084,-12.068818807049082,-13.404160714704583,Inf,63.223352112875915
-18.397759754614363,-6.2824991787099815,-15.65269646920691,Inf,35.57162352870014
-16.376694980329873,-15.820658921107338,-17.739908112839487,Inf,32.36609596772837
-19.957552155385166,-14.497573022262378,-18.086969549672194,Inf,33.40618249659133
-19.604458188462488,-6.827922327399225,-10.492823407896923,Inf,30.284212809106556
-18.399010954299875,-7.937743166789577,-2.0729725878639726,Inf,26.653817138050737
-17.670889454175445,-17.253625340391075,-13.148475886554936,Inf,30.11218162227161
-17.832602397626243,-14.021674235316217,-5.910214136266587,Inf,26.15126489629226
-19.026649105177633,-14.26238937171834,-11.064850069294945,Inf,29.199703006872237
-16.34490193119977,-14.833759220443481,-6.477831509722609,Inf,25.035233665716632
-11.713128932294303,-7.796758690525625,-4.498445343306239,Inf,20.327090247391357
-13.009523189519578,-12.293201313408426,-9.55543517019053,Inf,22.69110567476507
-15.161547124277952,-10.428776790688197,-10.651892088155162,Inf,26.017083120140974
-15.498893071796171,-12.541492525324855,-16.263683530093857,Inf,28.208766338983068
-13.369682260354008,-13.697754451840156,-10.678116600000616,Inf,24.4025698483178
-11.329780057448655,-13.746454735452218,-18.202374324283692,Inf,26.74658779148005
-12.222060454024719,-14.058458331266168,-14.210722845310606,Inf,24.742699242914483
-11.998379898760287,-10.40602888649123,-9.984462213082885,Inf,21.972647464744085
-14.676230668047037,-11.319819192896938,-11.104170237394664,Inf,25.019391254183677
-14.10342376326244,-10.424597232260329,-11.416371311896327,Inf,24.92096510966047
-12.136236886947946,-11.283609338362677,-10.077172525635962,Inf,22.05750402015279
-11.25739084219898,-13.394146815683108,-18.03572000995219,Inf,26.496305168964977
-14.718059387790987,-16.07081601955184,-6.7225832937703345,Inf,23.93048388384299
-14.997806508315348,-9.1284451033827,-7.738136277116343,Inf,24.360586907727914
-14.349039418568372,-10.958778444575286,-6.0857690490600636,Inf,22.900715689177893
-11.94648564063197,-17.1045880043053,-9.39225375778622,Inf,23.263808397285224
-11.135326887361954,-15.53951272259309,-6.33020876657044,Inf,20.112171755034442
-12.152602024142096,-6.479209427799875,-16.784960659551984,Inf,26.102930282122692
-11.849583573897364,-6.337049719733194,-11.737075845182785,Inf,23.713342223212617
-19.9208775401381,-8.781981842715414,-1.2068038718630625,Inf,45.866907157277126
-18.7064180414343,-11.496221109260034,4.710931437150066,Inf,42.808655555314154
-15.257745741304864,-15.791840767612397,7.941986885860413,Inf,25.90177105110495
-15.981915156844995,-15.782656152465968,1.2462923960818273,Inf,25.720776738070256
-19.323791909042825,-11.795935448544856,0.8759540422386713,Inf,30.01551996283939
-16.4573324155809,-14.75334775662085,0.8931779180422517,Inf,25.96251166146196
-19.20894811542847,-13.572718162244035,6.812907831736801,Inf,28.541579883299292
-12.485442410488243,-12.439572915301591,4.0463135894062745,Inf,21.183347023656395
-14.3053371795226,-15.66042478476592,6.9449189645362,Inf,23.979515921601617
-14.11153206479642,-6.670176302040192,-1.2878062279462554,Inf,22.39168116478296
0.23818651971335925,-17.823283244416793,-9.453382344054875,15.099357435769882,15.099357435769882
5.764596470749179,-19.522312409449178,-12.373902868345095,17.133732811448603,16.883119765014513
-0.8348031250581478,-18.80590098376362,-17.08461569175413,Inf,22.86804888327268
-1.5243160518609216,-18.02778867645742,-17.62754392654798,Inf,23.463875076569394
-8.67927173472677,-19.19360086842989,-19.196738808143987,Inf,28.019916487478916
-7.747900792862437,-19.22818321798923,-18.933568061526742,Inf,27.338865128792186
-8.603490572291683,-18.644192648518132,-16.39945994350277,Inf,25.637241774245258
-0.17712902812984765,-18.26941786425145,-19.72628664444592,Inf,24.500574759491517
0.5267876594629968,-18.77515417797854,-15.035116868397838,Inf,20.247501352455473
5.9941047271642915,-17.86026297926273,-17.399762648805364,Inf,20.758104346220506
-5.574104803273645,-19.6914871796574,4.071542412951771,17.61518197313459,17.61518197313459
3.812345994053139,-18.589591508509766,0.41018101099199455,9.171175977292693,9.171175977292693
-1.373363352078627,-19.517586793237722,-7.628960815257528,16.610963949482375,15.892062260550762
5.953217590030224,-19.738173972317394,-11.385370140568032,16.015119626562228,16.015119626562228
1.2155451878923351,-18.82839097589337,0.45432643787123794,10.961714025507757,10.961714025507757
2.3806623956825312,-18.656080994027143,7.067070918577272,13.392540035115495,13.392540035115495
5.180750751665968,-18.639250009387858,0.47698136450414097,Inf,8.841595997010737
1.5033831844858696,-18.39081307106026,8.498810095502137,13.8788084440076,13.8788084440076
0.5628146761072905,-18.48914088750865,-6.836909017654342,Inf,14.151894269551683
-1.1736935217466815,-14.895258885505163,-1.4098602160039704,9.631226877829826,9.631226877829826
-3.4039671147591832,-16.016629782574093,-15.267620436190592,Inf,21.229181490336472
-10.495102311256082,-15.940208882174138,-2.501425142769005,Inf,18.99974230661931
-7.632504815893073,-16.63952978667212,-10.620141301315629,Inf,19.88606233108817
-4.7153762584370895,-17.221492876840756,-13.602187736776683,Inf,20.885445311030267
-9.061045892204369,-16.031382831525043,-19.432209555625413,Inf,27.012978146701137
-5.58763266280752,-16.644929882657316,-10.41583292497946,Inf,18.644656927855635
-4.2530009036796645,-8.125240100288407,-18.861016516568682,Inf,23.371118931000947
-8.05661955530483,-12.632889816044983,-11.92466710414287,Inf,19.781933745126437
-8.206003034302638,-14.421779957691072,-4.431162517634082,17.29972262167062,16.70897254414155
-9.48383368428174,-11.6745999402091,-6.69485782775916,Inf,18.19818228938543
-10.343357117971905,-11.871200785304863,-14.498265486535162,Inf,22.993868012848875
-8.132473364463637,-10.213308102338043,-6.738744619646022,Inf,17.15528670567497
-9.542566459679591,-8.564590383572384,-5.242319614624531,Inf,18.457308746289055
-4.219043004409979,-8.16786723975742,-12.582417656915696,Inf,17.23859677656
-7.97401672942784,-11.848395096918836,-10.115514767656615,Inf,18.46689140935034
-3.7881558732533733,-8.794785068323323,-17.49213961800909,Inf,21.79016478883426
-4.110125898533816,-10.937146532810136,-12.867202414040992,17.340224091111498,17.340224091111498
-4.346745241228094,-11.018575392703855,-10.922907502648949,15.960411624034634,15.960411624034634
-4.399929855893747,-15.655173325299563,-2.3909199299334176,13.087894203719616,13.087894203719616
-5.803752135472058,-11.534275607992335,-1.4772130156812295,Inf,13.174877912999376
-4.197923135463446,-11.618385183389819,-6.457180672440774,Inf,13.326339086387016
-4.170807738215174,-12.952526148983088,-8.882902184268087,Inf,14.6218086091913
-6.846619733029025,-6.637289066259067,-12.5339122324743,Inf,19.149870952564925
-3.0541756457068985,-7.67113175893944,-11.81377121794835,Inf,16.20822407739863
-1.3798494539221267,-9.21067327420726,-16.765212056282532,Inf,19.240394899376945
-2.8728483385377928,-7.8886720046126335,-18.355896166998377,Inf,21.791278857215342
3.919886942976156,-16.528268900112543,-19.653402416891048,Inf,22.123945514918404
-3.1529933150006606,-11.73748235471944,-1.7277401539329595,10.504563483344523,10.504563483344523
-0.7920020228953639,-9.748799727668027,-7.146495133022608,10.620952852467374,10.620952852467374
1.4446792361653777,-15.692808854436349,-7.664651213294471,12.205913100548896,12.205913100548896
3.8107598492862564,-11.512526646541534,-8.588251856699936,9.285314186904646,9.285314186904646
0.06773367317261858,-12.471979683561019,-15.884055046881302,17.541193260339433,17.541193260339433
2.288458986257851,-17.747207825583658,-10.562268091147233,15.744451245127632,15.744451245127632
3.1286048374963897,-17.186071588194647,-9.545102883563015,14.536478177521072,14.536478177521072
3.503662474844642,-9.830787196225677,-7.7857653090166945,8.536460069013296,8.536460069013296
5.302637052899264,-11.962662912652746,-12.779774400233714,13.757135010873402,13.757135010873402
5.51664420129687,-17.295309973485892,-12.561405875154072,Inf,16.20442678113191
-2.1507160389438056,-17.758781000843182,-3.7279116400455052,13.442748136938992,12.707202854162832
-2.635919660319736,-16.017068611176192,-3.9505244402673156,12.769942704627155,12.769942704627155
5.526288716315129,-17.384293848158983,-4.077667492862336,8.563118168398992,8.563118168398992
-1.5863719636110147,-16.359392718132206,-6.314509409329299,12.907717566551163,12.907717566551163
1.7037196452230496,-17.063735638237603,-6.722565907098561,12.970842865868258,12.770831374423857
1.619071112323116,-11.971823579192762,-4.068020799769476,7.027892795785465,7.027892795785465
-2.107617376447397,-12.48334469890783,-3.970172875547817,10.293339267952877,10.293339267952877
0.3542584851683017,-16.43793080010603,-2.2933605146486684,9.532698239169276,9.532698239169276
-0.9958836169713763,-12.210999524839021,-5.947496749458807,Inf,10.25707585264304
3.039822722079464,-14.459673780357436,-5.102012394115709,Inf,7.848708477799134
4.982597314090469,-9.199558274243973,-10.765028327767281,12.367382098712579,11.921974261211599
5.750084247581803,-7.724315695530288,-1.762943394344223,3.1383113060075596,3.1383113060075596
-0.3696536061980922,-9.343067770958786,-5.560666469899571,9.255504622567424,9.255504622567424
6.707448308493575,-6.8883422887322965,-4.601477588017717,5.562517073890595,5.562517073890595
0.8230627222797722,-7.55602148473157,-8.929114326917151,Inf,11.836464551785141
0.2385421355081263,-6.90994461888371,-2.941633215005915,Inf,7.994933438327726
-9.472387648519103,-8.368813284187269,-1.2672578723022383,Inf,17.680545644760542
-9.553809039607879,-8.277182915843673,1.751378414348217,Inf,17.397997825968897
-9.883472244176028,-9.718676691138146,6.721485639713869,Inf,18.758673857117323
-10.11457961650673,-15.523491035988872,7.870967397278843,Inf,19.685477553897627
-2.7283265945363944,-13.731661503740247,2.1843767894130117,12.03141295200538,12.03141295200538
5.590414894786679,-14.746336407144698,-0.10286973594904225,4.9522945834431855,4.9522945834431855
6.328489273346936,-15.740697285794543,8.260497289011202,10.810110529370661,10.810110529370661
-0.3880553164324141,-14.984594910513644,8.272068721100858,12.541165602333109,12.362952476427706
-2.1699856983427708,-15.357940499619307,8.035747241369798,13.465565134049097,13.465565134049097
0.8994219615302086,-16.5778601085703,2.8376578961476895,Inf,9.40944197851019
1.6753180303727788,-14.221960619789629,5.071182375546623,8.479037695327362,8.479037695327362
-4.775902013174216,-14.014158403829109,3.145469743297113,Inf,13.380093386231351
1.9642477390540947,-14.894485213112727,6.712852877806981,Inf,9.71479181938977
3.3773525358238032,-10.657000314827023,3.4885231370007403,5.071983610065645,5.071983610065645
6.272303904268782,-9.917110822181163,-0.332039145185572,0.8041531057438669,0.8041531057438669
3.1714814686966193,-8.610681025598224,-1.2410945083429858,4.257707943930081,4.257707943930081
-4.528074591176514,-9.963556097096173,-1.2138024883697511,Inf,12.075263785276139
-4.769632672310866,-8.237872586538808,1.2434782493618073,Inf,12.586776422521897
-4.455854320686061,-7.325965242239532,0.6049466716710867,Inf,12.209727431224902
-6.869788866502988,-6.980826391383195,1.4388978184633139,Inf,15.042180663119881
5.531199628402518,-12.617529314234206,6.447489989862525,7.111888737308659,7.111888737308659
-8.736830460281109,-10.619981766397721,4.691761868326864,16.966759898602938,16.966759898602938
-1.9523711142659295,-12.160956037927084,3.759615193490884,9.947330595115657,9.947330595115657
-1.3028436832066532,-9.839151029483997,8.027587504107938,11.642845001915678,11.633159983202571
2.8584932199176194,-9.40377050322855,4.654735430871213,6.258924025237603,6.258924025237603
-1.6027427153792217,-6.932965363621051,7.968539531785126,Inf,12.34076599355021
2.0088526272111267,-10.203443773146894,4.665870434868271,Inf,6.835443539427954
-9.724128854253786,-13.800936459942994,10.156446976878328,36.334760430996134,21.18987754527174
-17.700806089374332,-16.483628086260413,18.575493590633968,49.73318835717879,49.73318835717879
-10.243876869470094,-17.991392157271797,9.243817575120925,Inf,22.04357307340716
-11.32150257776587,-17.425709691764226,14.995260118257086,Inf,32.99345095649143
-15.327489909722223,-18.119184437006133,14.82397890627955,Inf,34.27402915887665
-11.985132497772906,-18.752429823547487,12.54613153291369,Inf,25.162966563576717
-17.95628921236645,-8.603768359251864,17.7307404123718,Inf,47.673340082886
-19.339402779651014,-6.299834841107339,14.218821608806437,Inf,45.40880671235249
-11.144834765271483,-15.612393804024034,8.733034405252074,Inf,22.471056328158866
-12.170054584297176,-16.240423745412656,10.751764427222817,Inf,25.134574212069673
-17.488870153274128,-15.663115393894005,10.579650121215948,Inf,27.542742853028933
-15.299026323856246,-12.085468238226245,10.524349432479909,Inf,25.867835274339726
-16.418106820095186,-12.651873287598274,9.872990117164324,Inf,26.4523129049551
-17.97442295951833,-15.19624036049736,8.997446007094084,Inf,29.47066026490383
-14.434416663088943,-13.708430174004329,11.95013698358607,Inf,26.697382253760292
-17.104507969471072,-11.394362195146144,16.6217102700561,Inf,37.30845032323795
-16.806429347822835,-11.501128712786777,11.45065275321528,Inf,28.797105026464948
-18.139706700432505,-7.0203184964412735,17.4029719487448,Inf,32.63413343492962
-12.831090582705649,-7.23512456647887,11.338205615025991,Inf,24.571321430689203
-13.561526517606586,-7.309225719374242,19.842934236243075,Inf,32.09120106861181
-15.42475037274289,-10.414824637856634,19.160447575473526,Inf,30.924765441143116
-18.80013129235894,-13.964811228714584,19.60593298166728,Inf,35.514207523304464
-7.5466342955156485,-17.443406333365104,12.085882186789192,31.673023677235186,20.5126291295943
6.6024261932947965,-19.931714994062666,10.774962141013134,15.075937234417587,15.075937234417587
5.413302234867032,-18.033819785505756,14.076510221760728,16.468814085055193,16.468814085055193
-1.414614839306818,-17.575818232315896,14.43015470677242,Inf,19.12241146101963
-3.999748105863219,-19.33571377802723,15.165525377430143,Inf,21.279022511883333
-1.5518879066897462,-10.404214532344191,14.928875574737752,21.999874402990503,18.409646188229342
-6.618941531754103,-10.571549456141716,13.074379077677307,Inf,19.00948663686388
-6.933028746961147,-8.96528927089884,12.30529910218371,Inf,18.767550942623245
-8.363268693303443,-15.031824489242034,14.704407161657265,Inf,22.481395781324352
-7.358712057985377,-7.794963685833398,8.650098421812189,Inf,18.06466433223379
-2.409542941759028,-9.562103438697642,14.019173007935308,17.649222400224684,17.649222400224684
-0.506742377164386,-9.85896859480441,13.952930475631916,17.23782513028296,16.157835430884926
-2.366329004730261,-11.242566676134746,10.786674413446306,14.377668843119721,14.377668843119721
2.4942647349363583,-11.493747106086563,13.181923185491875,14.584401732606562,14.584401732606562
6.0378645770453865,-15.568011214299347,11.431899003889832,12.926214668309772,12.926214668309772
2.028335215294881,-16.14445983857867,10.785178476940462,Inf,13.709224520115011
5.515141820451017,-17.346497493179804,13.263756513404815,Inf,15.407965352832381
-5.94584577264083,-11.485717867581915,14.820405764364708,Inf,19.776099300672833
-0.7999673247082058,-8.469820901830083,12.240783660055847,15.013604165350465,14.732690788020937
-3.3063868807089207,-7.960152776027494,11.600993425106829,16.14995601197302,15.657874973076007
1.5553666519529301,-9.076536468201537,14.852661405875793,17.061400520549334,17.061400520549334
-1.4464348134553617,-11.107638004312435,17.46985977618303,Inf,20.420889835477638
-7.462497954647587,-6.354298247550387,19.444903478486033,Inf,25.170984387443823
-9.667953727117373,-13.621422094697548,15.459310785160184,Inf,23.366896137568546
-7.812598336736887,-13.42010380175478,16.388345976889738,Inf,22.488294088740446
-4.63607190291075,-11.661939544626057,15.699554983320716,Inf,19.8057441853121
-5.533184453175872,-11.837399707256102,18.55804711017405,Inf,22.790577576590458
-4.895898454024481,-15.720011980436333,16.390355107004737,Inf,21.67789004269308
-6.080485241698561,-16.531617589212182,16.20475297771214,Inf,22.248523635321945
-7.242866368233765,-7.7891444125180165,19.684481846270415,Inf,24.881882194247847
-4.788459537753189,-9.928142072538684,19.57550914303372,Inf,23.48903740979894
-4.538451291918673,-8.96460334931624,19.546408941116056,Inf,23.235114536972954
-3.9887064267953853,-11.530848868559112,19.483065625352076,Inf,23.22879505578936
-1.592548221124499,-7.211755085081828,17.129758170884102,Inf,19.96142913604434
1.8871036537131047,-7.733376443479125,18.04172722311292,Inf,20.537644050139782
2.799752237368878,-11.009981344326283,17.10312439517068,Inf,18.54712438921281
3.200504106593094,-13.64290964839392,15.439801411273933,16.45775472953806,16.45775472953806
6.467864300935062,-8.133892229161264,15.876728297615763,Inf,19.46922938536408
3.362328006375364,-9.669851555652427,16.91090118370223,Inf,18.825322120122898
4.115219245554744,-15.22665578724558,18.010776160757743,Inf,19.612888130878883
6.816047107012267,-8.359562558354199,17.223742188640962,Inf,20.59698736190747
-14.89529044265045,2.463531793335491,2.611921592355195,Inf,Inf
-6.603058980063512,8.071237625444276,-2.549109096103983,Inf,28.68823292390439
-11.165126149495421,18.420307106010405,-11.51007046332543,Inf,44.20527909535091
-9.792468231594924,-4.512832322846405,-16.75060842824213,Inf,25.09965035181511
-8.019604360805559,0.8746404521315476,-19.356208461415363,Inf,32.12890925516427
-15.35180598518937,7.383907582981351,-19.038961636106908,Inf,41.93871989500572
-8.188650163422775,1.5820001759145441,-17.008390529076802,Inf,27.286615207168637
-12.559299808663846,-3.4907605414799114,-19.666493187629392,Inf,28.81470755157916
-18.199919958465944,6.218893068907043,-19.179678466380103,Inf,38.226853957424545
-11.376180198377108,13.159355182351227,-18.420113327164984,Inf,Inf
-18.987664306940026,12.909735323428151,-19.771700224179636,Inf,42.78791957753903
-16.88007414590766,10.097693973676467,-16.98756985310448,Inf,Inf
-19.342353738672653,9.907185584719436,-17.964782562736534,Inf,40.06842034899485
-10.947511066900049,18.278118578369835,-18.250129089506196,Inf,45.71144548366159
-8.05263742303608,11.060888332695953,-16.80007910393102,Inf,33.66046763002197
-10.387801152890042,-0.5240046832580632,-12.846382229435163,Inf,24.71980945967372
-10.534628425712658,4.969564342284478,-4.107911065067622,Inf,Inf
-11.417552236103647,3.768136313764696,-3.1998298406527503,Inf,Inf
-19.186805311471336,-1.4229689256185267,-6.243066486032713,Inf,Inf
-19.56515457018434,-1.1300249916027916,-12.716275496439469,Inf,34.682702588430125
-19.392006452425356,-4.821773257500617,-4.62345647712417,Inf,31.430082497341008
-17.881952106121986,-2.3080225516461965,-6.793201294257818,Inf,Inf
-17.68267771453114,-5.363435334553639,-11.353372486343059,Inf,29.73701061658508
-14.237394645934032,-2.584677864558536,-4.922465696773433,Inf,Inf
-12.693134580966818,0.3373671957748954,-4.02726685285729,Inf,Inf
-11.498912622667774,-1.1559685777662132,-5.725836535078983,Inf,Inf
-14.6883905814766,0.3173865655051422,-6.419264603889081,Inf,Inf
-14.798276297354649,-0.7251999882562465,-9.352978788997355,Inf,Inf
-12.601310277419273,3.80075897971631,-6.37477394466444,Inf,26.558496573897663
-15.812567514767606,1.9026749351268109,-14.797023776127913,Inf,30.974556976154844
-11.278128289397218,3.640423805020454,-4.4332149970794,Inf,Inf
-14.937042565459961,-4.388818944073956,-1.6311761920161771,Inf,24.05464088661397
-19.61291267659285,-1.7428455004404881,-0.9550176931987835,Inf,32.732724487761445
-15.231906165152846,-5.103974548563901,-2.9849306260514723,Inf,24.52025508318307
-16.996659615946548,0.4338381222406369,-0.12046156761012128,Inf,29.511957283005465
-11.779042350141546,2.7074582389634116,-1.3437017563352782,Inf,Inf
-11.471664190199817,7.042635479978792,-11.134168687466719,Inf,38.611165315746625
-15.936179163307997,9.830628310894554,-15.925918787063384,Inf,45.72914726200987
-19.64936865332887,12.640093729566942,-11.50702855155549,Inf,48.528090929081216
-19.888812396192932,5.82618034720868,-16.288891751873543,Inf,Inf
-18.041989781695644,6.7728144502651055,-12.629117487440915,Inf,Inf
-16.95593336885956,16.90774337993956,-12.917746409587991,Inf,Inf
-18.81537373395431,17.34506805457241,-14.730218557879518,Inf,44.18956733278917
-14.261414106191879,7.965018753570838,-12.44767848845762,Inf,41.82967483017706
-10.963314520843452,5.687208906570682,-12.224306599405743,Inf,Inf
-14.89427206022282,5.52405596578464,-15.8277054050739,Inf,33.468090459334185
-15.261720025002212,14.584290378554442,-16.22046611230872,Inf,48.46568221583281
-14.648585435042039,9.844500438179313,-16.570254578955954,Inf,45.494497007709455
-15.083363845327122,14.173807211499827,-16.31421814254012,Inf,Inf
-11.91847390252109,13.029348909350695,-11.528536713521227,Inf,Inf
-14.379570843073086,13.738081448206636,-14.199351545870824,Inf,Inf
-15.499117546293038,12.198379153591375,-13.245501392685384,Inf,Inf
-15.769585081824316,6.321377879815834,-1.4638932143218568,Inf,Inf
-16.37469078473182,10.37803899476474,-1.1376884318646496,Inf,Inf
-17.138496626567896,11.371690723872845,-6.50077770993561,Inf,Inf
-18.072254833134707,14.801600347995034,-9.048653564265532,Inf,Inf
-19.3541538262469,16.072587240286175,1.35086343535108,Inf,Inf
-15.927870443018417,15.843557852088352,2.5675692770015672,Inf,37.45643355207574
-14.219602021135556,6.396007305915887,-5.2079976910186865,Inf,Inf
-11.869764386227573,6.161767338768811,-1.7737968796835872,Inf,30.69277882541179
-14.470773432242536,13.283342232553572,-0.6796603435727455,Inf,Inf
-12.7612974744694,8.292559058452326,-9.545911726797938,Inf,31.58978106293211
-14.873289285796094,13.272171107294206,-10.42047750987975,Inf,37.06900645316929
-13.208973390156569,14.56154149762046,-11.055320201555228,Inf,37.30356632356428
-11.043441733523922,10.464882384310393,-4.5600011629130766,Inf,30.970083741833243
-10.090966616638957,14.440235167235102,-4.729815674111544,Inf,36.27012652299851
-8.209508229711329,3.1935562351546025,1.1612208253443086,Inf,Inf
-9.6104521510496,9.61440608626516,-13.65476976702034,Inf,42.66474942222365
-7.806771649838309,6.511491231152515,0.954269921180348,Inf,26.238874174145405
-7.112281706676367,-0.7631172240394051,-7.498824572498908,Inf,19.39363280564416
-8.304520129493378,-3.98506250250432,-16.745125727821552,Inf,24.299669007923093
-7.357015235104454,-4.022598646229216,-14.73231774602275,Inf,22.28234916804344
-7.31231654400351,5.561030564517317,-6.2764621455416325,Inf,24.67299411680338
-8.16473113019323,-2.391120376233591,-2.5138726402961176,Inf,17.696903902142626
-9.146153296312649,-2.9057069443342627,-5.965276290770687,Inf,20.89010038404693
-7.398173250611828,4.830829059119015,-2.515924843285724,Inf,Inf
-6.860165107281979,5.892031167059173,-4.939046730429046,Inf,24.76086099425592
-7.733003342072928,10.368379268914609,-8.561005750349366,Inf,29.991447800736623
-9.42892074436779,16.832992403259354,-4.69742641998752,Inf,Inf
-8.845846146697882,16.063600657861045,-4.951254025630147,Inf,Inf
-9.217389090694654,14.653404211555305,2.3372105182888525,Inf,32.33453496950271
-11.935523585985228,18.953725464591926,-1.3868908926642902,Inf,38.727463975069774
-9.79147025586438,18.709689338636508,-16.769787984791364,Inf,Inf
-18.688595636291243,18.982852764465306,-2.3443498713213984,Inf,43.90652857922913
-9.525033924991666,19.12612374538034,-8.087099160209714,Inf,39.53815004393071
-1.9337805445148177,16.1331508385259,-18.470580836091433,Inf,47.13518031720389
1.6216811726293834,-2.4900254964421897,-0.5895529763963303,9.25600362818184,9.25600362818184
5.483341291336981,4.56894641164423,-12.365049483714916,23.517974784562792,19.459454163349065
4.358616280983245,1.169541309358273,-6.052056285878784,Inf,13.109939303571611
-3.8262547452177564,-0.7737162962197175,-8.488832426114392,Inf,17.439637365157786
-4.969990120991685,-3.9652129530894697,-11.90191081135107,Inf,18.757914753129782
-5.466799458793314,-3.4025593607253235,-19.25938154098067,Inf,25.123299907962974
-5.074752524326103,-3.6951381377925685,-14.373745247348042,Inf,20.438677975610453
-6.589452531405016,-0.5413096313988959,-18.928492403618904,Inf,26.389324903973026
-6.56093395376546,-1.0981181959315407,-13.849318950686493,Inf,21.669144930180238
-6.522322096347644,-1.9564516614092042,-11.375267595207363,Inf,20.083093868965477
-6.032489657198505,-0.7352980539474707,-18.54768583317962,Inf,25.644414595116945
3.5202656869581332,0.621506444966478,-9.787119962413149,15.2293080564856,15.2293080564856
-2.0045350904905916,-1.417412800670121,-13.350286822453112,Inf,19.452610274020536
-0.4873945608892072,-4.203536751429899,-18.513112603427526,Inf,22.096513637758314
-4.696323968389224,-0.2541799439236314,-17.306971914365192,Inf,24.37746509002808
4.196231735967977,-2.6693298280500315,-13.466221024719527,15.872554981036263,15.872554981036263
5.367314313987546,-3.7071620426750513,-17.891702330538763,Inf,20.25145199559449
1.920612759310771,-4.6851644765592315,-18.120358771228247,Inf,20.818161476668962
0.053292818143305,-2.175364134682198,-18.022410390057466,Inf,21.492213982622424
-3.4733704376130525,-1.333730618259878,-10.388701329038819,Inf,17.982557644647773
-2.1976180265942524,-4.137490772861145,-9.12523765057359,Inf,15.824039733796507
4.250334989000024,-3.568780340034401,-10.433499853623287,12.708801500261735,12.708801500261735
-2.486338437314714,-3.898600018793317,-12.73422371443008,Inf,18.23604896063108
0.14125744076680036,-3.5260444261717154,-1.4268981453825447,9.538893467432962,9.538893467432962
-4.355774073307552,-1.2948015089673248,-7.154779666504929,Inf,16.834196449299757
0.1218725258348563,-4.304554272325545,-8.222252389867624,Inf,12.36296349869746
-2.37558782239665,-3.136304876061466,-2.6204385585154384,Inf,16.615777872885396
-5.828111461701226,-5.250144260792995,-7.794695625553354,Inf,16.434478873021515
5.483046626126551,-0.2590824991791578,-5.2934673435695245,11.400612143136936,11.400612143136936
0.8050345604918796,-1.7247554512350938,-7.030316072996907,Inf,12.52944832281933
2.6151039720081926,-4.54657191768411,-7.324371985002243,Inf,10.26962568800364
2.0972564515925285,-3.434743496849162,-2.400824538782807,8.538351463815316,8.538351463815316
3.4622367752510286,-3.884887772500303,-2.0663530143965048,Inf,7.360718780758308
4.966552546812828,-4.943416777287943,-5.754825938231152,Inf,7.926030785483015
4.520902198819236,4.345508059348624,-18.431743733127817,Inf,24.473123407811908
-0.2250023471227358,9.510403986265814,-18.593805826452645,Inf,31.77318777075191
1.6563149789983171,5.886637154557253,-18.913212247722477,Inf,25.881328720248327
-0.4932217509441301,4.980555164726674,-12.723865766623277,Inf,21.42119550886246
-1.2285458689057265,3.9345660050870457,-13.761876145890888,Inf,21.55592436409909
-3.9449377246149098,1.6930952127621808,-13.384746959306879,Inf,21.167893307859135
-2.0731873514905246,10.968733246946691,-11.320071631427435,Inf,28.192679453350426
-3.034570147203013,10.65511417896019,-16.318230102053228,Inf,28.603014683208
-1.4298853797008064,15.10390037740089,-12.879034961029623,Inf,30.58930265334518
-2.39475822810455,10.317247176401033,-7.876968656586634,Inf,26.231704346398153
-4.573400565622823,14.705158533670044,-7.295052067518482,Inf,32.8530214044947
-6.059260426766828,8.908479740582223,-7.37875152205139,Inf,27.475409836060628
-4.707125799640828,8.097058481095203,-1.5532028001570986,Inf,Inf
-4.7832446311262,7.582318711121438,-6.623292652008654,Inf,26.05863137016855
-4.886398933613094,14.869898038762024,-4.7877685159275,Inf,Inf
3.6600843232493574,14.70410139438183,-7.097775364381311,Inf,26.934856029259535
1.386238894631326,14.071076421457853,-14.218049662991135,Inf,33.49742724350115
2.804889833322317,10.90562590036619,-14.306877973466898,Inf,26.389050236003474
1.3555648646274037,3.0186090692189183,-16.400792441129184,Inf,22.056634090065955
-0.04165749643505734,10.761481264574595,-16.02336346132028,Inf,28.51402556416624
4.551901508000611,14.123075969859293,-16.231813481398227,Inf,30.444066069415754
3.593596113610957,13.986845375649239,-17.041170102150033,Inf,30.43446108542778
0.9214500269320247,10.797771133977871,-12.240029582394998,Inf,25.641590542735663
-0.15574025127393298,12.875098636034885,-14.119584280782354,Inf,29.866538951277928
3.658775886325003,7.875898007970072,-11.092617814546877,Inf,21.906084894635963
3.773207493406872,6.163257995395863,-1.1795567247900962,Inf,18.004483364315185
4.988805940537738,4.985526927995771,-7.513314795589592,17.117072989599844,17.117072989599844
4.593043426565426,7.753280537110754,-4.382047686992809,Inf,19.5136111515757
1.7472140624435362,13.528078831459311,-12.260293330656271,Inf,28.57861068659747
2.4397260500216618,14.09570431340061,-1.5518802916574437,Inf,Inf
2.5252869682840995,14.800899812381545,-16.58381446089262,Inf,30.81639845406037
6.517900442770834,7.623587066414565,-9.692784800092955,24.09625224739396,20.486942314632607
5.581541113170118,6.026222519543232,-6.755048675757074,Inf,17.854369214250937
6.436514916598711,-1.3673234490457986,-18.15638691899575,Inf,20.565647457134272
6.490188668620078,-4.529704559063461,-15.202828981294267,Inf,17.806111467132606
6.458575626432026,-2.25302983675504,-6.414241180921518,10.354369792588578,10.354369792588578
5.933302819966233,8.376894405948754,-18.36870447630644,Inf,30.641654070903762
6.586268048415764,9.457711026716204,-13.520036166579814,Inf,24.718728368292798
6.089632717691444,15.103967093457584,-14.34920284788892,Inf,29.30860472197788
5.899295769037103,9.134795800533766,-4.73795161915235,Inf,20.820103136755748
3.0,6.0,0.0,17.877364798675774,17.694916438573898
-2.1741819563150173,13.561715347585135,0.7868497105116568,Inf,Inf
1.2121731857244171,8.425383172862109,2.4637552998036227,Inf,20.590950763128475
0.026526216816478154,12.325935018000337,-0.08729789708404923,Inf,Inf
-5.575583199810676,10.91105199744095,2.3636326446943983,Inf,27.11331785150153
-0.5854673852258614,10.295264206152535,-0.10624849533901681,Inf,Inf
0.7899937531743078,-5.060481154445746,0.29293300077190665,7.940329574655008,7.940329574655008
2.941635691595881,0.7794061129818353,1.7920186651415264,Inf,12.773581054829709
-1.9803473719928917,14.329877659887629,0.09167075510998757,Inf,Inf
6.285433245728626,3.728479019960087,1.337123586202054,Inf,14.117084468047118
4.711829379700035,0.29371737610154725,1.1088166771669776,11.635090068736787,11.635090068736787
3.327370376313901,10.652411188848518,0.22017542446999272,Inf,21.72882183968408
-3.25450468742649,18.390083810427853,0.22818118968790202,Inf,45.59322948902587
-2.250482301882215,17.52379511866493,-8.071763232985987,Inf,Inf
-5.332204203715047,18.095120475490056,-10.2869197558248,Inf,Inf
2.5818148684342823,19.916294177811203,-0.3046997463929735,Inf,Inf
1.1690131387035336,17.679605907151853,-16.567409171201703,Inf,37.808826340891784
4.571861336338749,19.601847509408344,-18.102255225523372,Inf,36.04054478614811
4.794186179345985,17.718685378460435,-13.468402519804927,Inf,33.55705802551244
2.289743274620804,16.615556066555264,-14.319107123248145,Inf,31.91502009209298
-2.089681192808179,19.225267061846452,-6.91773895841691,Inf,Inf
3.1424851483884986,18.458492836453082,-1.9436962706930387,Inf,29.83137908722646
-3.584107398514167,16.545502427264616,1.5248173790459774,Inf,Inf
3.5200738154967155,19.61700732311246,1.1454944408232492,Inf,Inf
5.276690235604065,16.756569206088216,1.0525481539668462,Inf,31.146114722121695
-7.657718628476022,-4.838653499929899,16.215476174990812,25.27084823546288,23.218993906819854
-8.568853056684862,-2.238721690013712,5.330494309492,Inf,18.33443720878625
-17.509400556485517,-2.94395764731248,5.963341371421347,Inf,36.31134696655098
-11.20361607661053,-5.173449681174036,4.847166687698277,Inf,20.465758113079694
-18.319740948926384,-5.39151079380165,6.463546049966887,Inf,34.400159109452694
-13.26378150076505,-4.8643141500256615,15.550708963027084,Inf,30.916245904637556
-14.156003989674177,-6.104813837986551,15.128700587430743,Inf,31.979943242611498
-9.089733810387699,-5.368626737467004,13.606637701277734,Inf,22.79718986374167
-10.338080407846135,-2.940714454939986,15.352945964024386,Inf,25.446060584587798
-10.828599993744659,-2.6838961013842493,10.766971620563439,Inf,23.068124266866345
-17.40615735009672,-3.4910682302022877,7.989480411061585,Inf,27.647681869988823
-17.957607072614046,-3.2157660858338417,6.836030682352838,Inf,27.89320059601563
-8.164364652144123,-3.301163283976205,15.04406961330912,Inf,23.71043911509338
-12.990804672098388,11.218521523284668,12.147250680782989,Inf,33.6149540274014
-8.9324808722633,-1.4060307427793894,7.571240532014222,Inf,19.649241929850557
-14.051497040589629,5.457295423208485,4.793510609109415,Inf,31.407568370635364
-12.305869600224275,5.152410749300891,4.587521728220139,Inf,28.790271250966143
-17.311396042217755,4.13926501779649,2.9885393607041806,Inf,Inf
-13.771311606836516,0.1436718440707807,6.3018244770422704,Inf,24.138302835391237
-19.430213148971475,-1.6106645597321823,5.315088212411439,Inf,30.144508903886003
-14.93454028412347,1.521537626855725,7.983500741284352,Inf,26.189369871439066
-9.612764844279624,1.5038079180040853,8.406840635069894,Inf,22.752171972020236
-11.007986578266253,18.90393313165014,4.823716052211555,Inf,36.33179005428986
-9.996920118195032,13.958013663070119,2.636076191436551,Inf,32.100172575232996
-13.377694474835709,16.154557728977593,4.755802329837493,Inf,35.443638680235956
-19.46745487977763,9.179083941415893,2.662073962141438,Inf,38.316065404734786
-14.031424040415619,13.769565563513105,3.8751750122225133,Inf,34.16631820198258
-13.221610184020793,16.862737443117993,4.4399230715805444,Inf,35.808300941339134
-17.88252020086821,9.984316270751243,7.039036926433511,Inf,36.81289154541179
-9.148722469137534,10.35399677442049,7.042322746174719,Inf,28.327645031809546
-16.868269463432828,7.409257900533575,5.175536392160556,Inf,Inf
-11.418649072282303,6.6004512747496165,12.121966284002468,Inf,29.18831376549631
-13.98669860695172,8.926556277580097,6.248168992767766,Inf,Inf
-11.596178184258878,8.436259718706438,11.930291889274915,Inf,30.130570251191422
-10.971986065841088,9.839647196136625,9.600567583302482,Inf,30.350033417287698
-9.47475638287087,9.63668432468003,7.715807349997405,Inf,27.985393060814133
-14.098995608179408,10.885240724356358,8.083517229769434,Inf,33.009933440756015
-9.085734248140556,17.419573944032294,9.540314662741444,Inf,35.38299835661647
-14.644729551020506,11.324157747704184,9.109679764023475,Inf,34.2523034486281
-14.90646827828697,18.011264487551735,9.547746394294158,Inf,38.230297872836346
-8.268976400502863,11.85051991973463,4.56580270237027,Inf,28.760836746552318
-8.905247783530195,9.982850475184577,5.809989921257134,Inf,27.751877322677796
-8.093360426503269,8.234766309750327,4.70557553690341,Inf,26.006405990830235
-8.039499037366626,2.1242158654659633,3.6310626599234013,Inf,Inf
-19.051224039066625,13.140704886287118,17.809625691355265,42.12882286271244,42.12882286271244
-19.313637436932936,0.7562685802963003,19.528467778615436,Inf,54.239525924002066
-19.738089851095495,-1.6684643457343213,17.897771643581713,Inf,35.267207952023305
-19.326282225240128,8.839332796931572,12.884906370160678,Inf,40.422519725801955
-19.27751311681228,1.8543238095806913,17.331354701740516,Inf,38.92219555187133
-19.623929238305227,4.939840302631417,18.731487083533892,Inf,39.56639826652046
-19.987876520865868,11.088643185397594,15.577631686053763,Inf,39.65731295896704
-19.257056126844017,11.841543653320574,18.787205988471783,Inf,42.76607802157396
-12.811646778490342,16.547508098809956,18.12993043345547,Inf,41.62885772634913
-15.570239956854772,13.345509073964479,15.194643196064462,Inf,38.13868739390154
-11.231646319298214,3.6822214811383986,14.022829371474124,Inf,31.90888202338794
-15.349350376605688,7.066526331681693,13.99812023438627,Inf,37.23894924307972
-16.190266479752005,7.017211182340741,13.90691270256638,Inf,34.29987470331045
-16.638872787532204,5.424331349962969,13.41389661199456,Inf,33.449040829501435
-18.158560750883268,12.123937617398745,12.268200103674374,Inf,38.862821209047354
-18.09836793006742,11.588783689679339,13.064080703454266,Inf,37.578169776193256
-7.964925870667523,-1.0852713570192734,15.16466086489843,Inf,24.979597294257992
-8.80057964436876,14.473829239620748,13.24423130278123,Inf,33.26809063484639
-8.640276905043498,5.573682828687112,13.812325007857154,Inf,26.766656497373894
-8.941812716704582,7.21149161494057,13.635325556641277,Inf,28.441371479624266
-15.459151632938477,5.456801169395913,19.80427637712475,Inf,43.51041766838066
-17.417463351075384,1.934872920723425,18.842202723288672,Inf,39.94280502814651
-16.305004624110715,9.548331868867905,19.943889150891522,Inf,38.87071780125238
-8.243739382713029,2.998102193952903,15.352543617901098,Inf,26.106868163601593
-15.017706325842877,0.08027546781929118,17.869514443774648,Inf,34.27646446589125
-15.009099135268942,16.14894378308609,17.080041808834146,Inf,40.87546396217805
-9.803128847467653,14.074889750495842,17.69142210021714,Inf,36.18313875028363
-9.751224193050989,15.17471069477007,19.281742200687063,Inf,38.07567119657908
-14.525080859053618,16.83540065416353,13.350108012533262,Inf,39.56055747442894
-15.446019413300798,19.183394519078945,18.241413746746737,Inf,42.82391122871789
-2.460265649572353,3.830254590044106,5.328860441219369,Inf,18.57182720848591
6.454390966063421,-3.7241986853641684,12.50938570881813,16.153504354293986,15.434750060807906
4.863882876915984,3.7441622412189375,6.669002073149841,15.67894329109087,15.604277484623864
-6.447680870420864,-4.046117707939754,12.269567441427498,Inf,20.47590667588161
-5.548327788857108,-5.659135177086263,8.36500611249815,Inf,16.181778540462005
3.1075123691256863,-5.303321355211104,6.535786874856377,8.940176750068787,8.940176750068787
-0.7924749374733864,-5.2399002544196716,3.635496400514864,9.8284306640064,9.8284306640064
1.109062230214981,-4.196167216885769,11.070207482153933,14.017633149449077,14.017633149449077
-3.16601953876555,-5.965318653630254,11.324533647092025,Inf,15.882016737388128
-2.336826114987794,2.4095155447313665,11.398822981536199,Inf,20.99403406521394
-0.8056848735613613,-3.6593124716303294,8.14822200385489,14.46231005001971,13.480642025202435
-3.6461122819328224,-0.5625447578799303,9.05370868567499,Inf,17.534137958068648
-5.943145331427626,3.1146991751568294,11.081310986099055,Inf,22.32054108173176
-0.740926657005005,2.1228823244930766,7.323199556840663,Inf,16.52460383677623
0.004639222408655996,-2.385835874509752,5.2865080110996665,Inf,13.22061488760642
4.21239151988437,-3.023677086187444,4.953776558976919,8.998874631445194,8.998874631445194
0.14603978934832895,2.7409230930989814,4.221371626214186,Inf,16.091282446073293
-0.31133709123726305,-1.1619908683587354,12.270363613989339,16.796672165389904,16.796672165389904
6.079220385903199,-0.9811459037088781,3.184939710899677,9.608923210744747,9.608923210744747
6.008403038814585,-2.584065490251586,8.9016740099372,12.769561538477976,12.218634236958296
5.138339885155467,-3.140284440667294,6.615766736415196,9.71029584764604,9.71029584764604
5.153599316351549,3.743766375041968,7.154950844005299,15.784960355157526,15.784960355157526
-5.731155309042828,-3.6930664451805058,19.529158777812953,Inf,24.88145322607905
-5.902948108665731,-3.355990041884507,12.82820539111328,Inf,20.9293012266171
-6.482286006894151,-5.613865889935719,18.678571633582337,Inf,24.06293224139933
-6.413105283718128,-0.21213513774924309,13.400820843264285,Inf,21.901805234357752
-1.7889162393205922,-5.3278583393945755,19.080903973100135,Inf,21.526100433560984
-3.250950821230319,-5.406311199675473,15.794859657020908,Inf,20.30736161990223
-1.5661897717262079,0.5948979051165821,15.872332683259913,Inf,20.996135772575446
1.3964529828985484,0.9260785435280283,14.006647128918019,Inf,18.816760180452242
6.667813326832679,2.9972427231441827,18.523066473534094,Inf,24.45626213207411
0.19961948577783772,-2.6218594763776792,18.89507952931919,Inf,22.050948375539814
-6.428005799833922,5.191659753135866,7.181553271675707,Inf,23.41438822970706
4.315590462480941,19.94595468332382,3.7939384160056555,Inf,Inf
3.407608766130508,10.851032983763417,6.992110429160263,Inf,22.866009030660422
-6.250034610080917,6.938230159074223,4.075445475876059,Inf,23.887608662172102
6.469659739631588,16.132129627683057,4.8160641313192265,Inf,28.226800543008757
5.135534738604022,10.76655806830436,2.9137170641439702,Inf,21.42067743740946
5.978044783278776,9.790911492210583,3.6290882748975584,Inf,20.60558793816036
6.2126210929807435,4.154935952054039,6.361386093516977,15.649365595155707,15.649365595155707
6.5022824369697645,10.350041113859227,9.188002149476393,33.53213610040443,22.42814178267605
1.49724055131367,12.74538130888346,12.538902817004882,Inf,40.01416002898673
6.256390451022888,8.229256707666693,7.382014863548019,Inf,19.849804674887082
-2.277897104467577,9.055375901207306,16.633284252531283,Inf,32.8568319062938
-3.80101126838656,12.32599640714588,11.100732861056812,Inf,30.795640893275856
-4.530482243518419,8.33300234526942,9.730240887943602,Inf,25.004216519474824
-4.743511042506325,5.889280072106651,7.8051637306829775,Inf,22.77643325739136
-2.6089540045407063,7.763714605847156,14.886073955313215,Inf,26.37734031966159
-3.1915125944258627,9.616599793040955,9.785064843570108,Inf,25.600965993391853
-7.363383643455785,4.926693461961822,19.486718051906813,Inf,29.085368809508672
-3.635236200492322,8.81259823330062,19.200261475923398,Inf,30.100346988120947
-7.236953978943328,10.664840079530311,14.984995591090211,Inf,31.358341436709164
2.474275435302566,10.746826713829279,17.377404175218906,Inf,31.56316147379107
-0.04322760242920509,5.412387320961749,10.963090904679582,Inf,22.29675288844178
-2.266337159717615,5.424017046703227,8.97511254368398,Inf,21.335451525239282
5.725504060537723,9.981983072807637,10.518522367401324,Inf,22.733655247599152
0.23550026025785087,7.200220501768992,16.097169139096863,Inf,26.00916643212772
-0.6931873356583651,8.194173532587314,17.21087168865889,Inf,27.767215534736213
-0.5732616791898053,6.313778911736687,11.238240650528635,Inf,22.262135755207833
2.4108929212934527,6.275486010714744,15.314813758553385,Inf,24.757998049682207
6.246339452333878,10.16048012660045,18.92848952846181,Inf,30.267162385303905
5.3110885789231865,11.622677257135543,13.080910538639394,Inf,25.644931848941155
5.703333606687444,10.908259863828178,9.51393797386163,Inf,23.119662842206854
-3.5252844098181235,12.774768612907422,12.87841598401188,Inf,33.333237770374936
-3.7850280552805238,12.837304499658032,9.019141428695356,Inf,28.652112419042254
-5.625802014673358,19.270985004225366,11.059645076489968,Inf,35.6481361998117
-5.596730828617442,16.026787027849558,12.547726696406237,Inf,32.9839109107339
-0.37511957460665,17.748042270330217,9.234436934677348,Inf,34.63451774246978
-1.1572724561962566,13.483546512594899,10.917191282883103,Inf,29.436741696177556
2.9628748344189333,17.737352236898943,9.520311203188818,Inf,30.215225334452224
0.47157333013291236,14.215500962219316,15.431576998631378,Inf,31.930428826728637
0.10286618072703035,17.35427797951928,16.802938246839375,Inf,35.37549744715408
-1.1378703424466785,13.746717200013151,18.105422338015735,Inf,35.08629892067454
-3.50733169483906,14.264897913501443,13.948491403703287,Inf,31.849208773764964
-6.396451914241732,15.616952207729895,13.90703461901986,Inf,33.55499013051178
-7.568581828911931,16.156930755981485,15.189505543978292,Inf,35.147831629427145
0.08172741765105229,14.834638771056973,18.999934498880734,Inf,34.17122996499627
-2.371718043440776,19.89112834009358,16.688885948280785,Inf,38.20954284032966
3.876938878005056,18.969672993571635,13.390524076394719,Inf,32.37055965211713
4.157352723417418,16.175964665754996,16.0621103811767,Inf,31.192725802710804
6.537956873095496,13.112481702004558,14.679442660874358,Inf,28.57535819001428
6.715774520713822,12.766788040006006,14.85448000966607,Inf,28.59216773288757
6.81264299820036,15.428573042071562,11.113826710559273,Inf,27.86841847269004
19.629113419777475,-15.487628608406139,16.611798748601302,21.576849426582946,21.576849426582946
7.591134654677482,-16.751325771506984,5.046596846327873,8.449732515431567,8.449732515431567
15.208063345936857,-15.92184466229007,-0.09354090698500528,11.454492799212089,10.225537295082212
12.991002345286319,-16.785906116648395,0.21777909855976674,9.054725763984338,9.054725763984338
10.962342145231673,-18.013394350250955,-4.387023892365427,9.957942705232751,9.957942705232751
11.94095167328652,-18.240637915404363,-8.626644769655627,13.25306552829222,13.06327644961393
8.219311535428034,-17.135290916085015,-5.134378642402186,8.87473611557825,8.87473611557825
10.309505271045616,-18.045025459472157,-5.116555957888345,10.123340561119434,10.123340561119434
9.148749548205295,-18.191581730946513,-5.25815917680049,Inf,9.9683185043547
14.690719894393581,-18.606438347988412,-15.384551003682834,Inf,19.581482336137288
13.047420360639677,-16.9902806745516,-19.996198562715428,Inf,23.129686522660176
12.894680368964316,-16.97654646998112,-12.793898296723984,16.032709737199518,16.032709737199518
14.243449721450517,-18.09799399274807,-13.496345664419298,Inf,17.550678924933443
10.403356709512515,-17.985033645420092,-2.2528036774030795,8.96764872302632,8.96764872302632
8.568525600330503,-18.369968526480463,-0.024888561100091522,8.51570696616783,8.51570696616783
13.985263509469746,-17.73384904053338,-1.1479651017051218,10.939369765488191,10.939369765488191
12.469638232126655,-19.985018638524643,1.6411402636763661,11.626190380347424,11.626190380347424
10.842797355207196,-17.553005052250718,3.225565265828063,Inf,9.067483008896613
11.642646029871216,-15.8796732918585,-4.272403807184242,8.624277040385214,8.624277040385214
13.257507069753586,-16.02589007229934,-4.987428621657699,10.189469544796793,10.189469544796793
11.362599025500224,-15.509709252387118,-12.930270417118885,Inf,14.948303474154146
13.531856794889364,-15.594060519949666,3.5880767186726814,9.31842051148599,9.31842051148599
8.560150371535087,-16.004804602504656,-2.156967698263337,6.5684288187825866,6.5684288187825866
18.380602244676183,-16.074504373264542,-14.500268019081268,Inf,20.26998611288551
17.123581028782723,-18.530322007121658,-2.627291265826301,14.366563369985897,13.637280609884826
17.11716689139061,-17.688714477232843,-4.1053013739095245,13.577680313967603,13.577680313967603
16.1319594007456,-17.215479137145717,-19.523117665890226,Inf,23.50395178035481
15.6808543399545,-19.64161028401202,-17.013346123163984,Inf,21.7483960905196
16.337596372132126,-19.46265260111229,-14.35647697046707,Inf,20.557756301794594
17.691228465419016,-16.976705623333707,-16.77595274455742,Inf,22.023752826645897
19.323521702369348,-17.04952619615125,-19.822906239027837,Inf,25.437344227899743
18.201010660095598,-15.823510552325342,-1.433593685760421,Inf,12.721612432084433
11.154759657384954,-17.86700411730304,7.01647410568701,12.671648875112359,11.850906861124859
10.967781276821587,-16.940219703753144,17.637251739177927,Inf,20.969437739604558
15.197591215282728,-15.963169332407565,6.52740420267337,13.106164590516803,12.717031776829396
17.93026428365981,-18.23525702258251,11.582578385186252,Inf,18.817576489712692
13.443937765224163,-18.253634767139033,7.265314097403763,13.26122475413165,13.26122475413165
17.30726486035448,-17.647855586363388,8.81323823963065,16.084075923617483,16.084075923617483
16.647161047244794,-19.359173785957058,8.930936809974071,16.55909399161405,16.55909399161405
15.383762410873494,-17.70876623729847,18.07413003490914,Inf,21.952346476921342
14.096515821450296,-18.80109875903927,16.65363322991861,Inf,20.860594303634443
16.44308676387847,-17.87865808435705,18.96529779543853,Inf,23.207473641078458
12.829086694876146,-15.511400224755798,12.202159690335804,15.182204592548981,15.182204592548981
14.133185631656588,9.324136899696349,15.419902149892252,38.35117984767467,26.392551103474588
17.612566928251283,2.4329090274993703,6.255525487567155,50.33370526607485,18.651409414424535
15.068969475008714,12.605776042124184,8.896677841025145,42.39561942960371,26.936904651851805
9.556734371497335,4.920223584536103,15.110614970389769,34.44706659131225,22.987384278201656
17.59216661902976,0.6026146396123622,12.64347639671903,43.89675923962963,20.72845386408906
12.506437819500142,7.924421847318701,-2.2642016365889788,33.64281860891789,19.742085410203394
10.050601875154676,1.4952648031960791,-3.508627883003321,13.014151883311682,13.014151883311682
8.025866026797381,-5.365162311886946,-19.137094783038336,Inf,21.88099588989244
7.082611987492051,-1.3168465499731496,-7.179354608670687,11.712944903453481,11.633533579237291
7.168470846551802,-2.644185439101328,-10.966368847057444,13.226540161294981,13.226540161294981
7.997418695570797,-6.880481294208787,-18.868607696169903,Inf,21.319212335125727
7.7918991998813425,-15.072736602002852,-14.977804386444857,16.732534949957248,16.732534949957248
12.56204891197573,-9.442069350137192,-12.054239151787778,13.84422921721713,13.801902075959191
9.213720393176175,-15.226664358894322,-14.977882652204926,16.57292722197931,16.57292722197931
17.093416875037292,-13.80554599759284,-19.38871497210571,Inf,23.506928613782247
16.816973562289846,-9.669821447829277,-18.68665405372966,Inf,21.727450781359202
9.95887066002809,-11.65437006669161,-6.189535632516012,7.0570678930080915,7.0570678930080915
9.810542979957582,-14.324015473834404,-10.065337979899223,11.765661264338313,11.765661264338313
16.54237717767547,-14.031389680561341,-10.080334078851036,15.065257005574676,14.619291023067273
16.72445359455412,-15.322604546057619,-14.870902479689319,Inf,19.584160936123624
11.304801830817574,-15.352638212589884,-6.3702521962349135,Inf,9.368146437856504
11.830534004833709,-12.53539327901632,-3.905716713737071,6.709463532884058,6.709463532884058
17.12558398039957,-13.295711513187838,-6.354976811367061,12.59287352087539,12.59287352087539
10.771278831131372,-13.144993497352786,-13.747490815238743,Inf,14.80333485152152
15.437307063765886,-12.213061002402794,-6.143609453380492,Inf,10.966325512010767
12.063764387602085,-12.8231317130495,-8.136856067600533,Inf,9.991006411128987
17.10968457855615,-11.869627865307333,-4.51010931604074,Inf,11.996433982800848
10.028217456256733,-13.191766021961717,-3.567571806968253,5.664365798498721,5.664365798498721
9.088860722291898,2.303736409710986,-9.74818671179138,16.58455175621414,16.583150661526076
16.61292149374212,4.717024534250882,-14.507868742459413,Inf,23.86562752792507
15.68570342843637,-2.174378389849501,-15.986140313124704,Inf,20.88193830830415
10.661913043874964,-7.7585141852314,-18.54328464856083,Inf,20.812197771230178
14.959633559643557,-4.291503398510121,-11.659497179814622,17.246413290267075,15.461089508422466
14.742148282524624,-3.461741766220932,-15.347121370597083,Inf,19.50709779626681
10.420710906740425,-4.051957302169793,-15.486750235375935,17.65666730930266,17.65666730930266
13.010876832716328,-7.779727214223859,-18.43453191276633,Inf,20.45278152427081
13.92715396674354,-7.517164413192026,-15.457113952685209,Inf,17.30697936287283
11.646587503203847,-7.338040938944159,-10.440761039423103,Inf,11.966649853581504
14.316246926830694,-7.022562905920484,-12.720847939993112,Inf,14.989785024269063
14.813532724588264,-2.6884942659418876,-16.418823408563163,Inf,20.534649958137972
16.47212183173793,-4.334430990147657,-11.345545114042759,Inf,16.147616729957523
8.333937255070786,4.440841976424057,-11.564194983621565,Inf,19.00578154208871
13.722985545005812,4.287580122122925,-11.587330288335309,Inf,20.854959871584967
8.46351024733029,2.171429772131475,-13.665329111276296,Inf,18.896783843894323
8.361285389539226,-1.7896862283177661,-14.931288188940144,Inf,17.45425358853051
13.170268093161454,2.3978901176702827,-17.949918066584438,Inf,24.28427564480603
11.924101677029313,7.845160740734105,-19.277889293119337,Inf,27.595504895991397
12.895272758466191,3.214973196706108,-19.639679741893367,Inf,25.98568497351895
11.91164455063764,6.4799707118793215,-13.662826575867166,Inf,22.966827741596546
11.714883186408773,3.1524971759623455,-12.067759529650361,Inf,19.716198515527218
16.302169209547472,5.769845065709696,-15.080411809472114,Inf,24.817719941530953
14.050198319682735,-0.15366099031453473,-14.499233612388878,Inf,19.7322270702263
15.647457420262711,4.232892945806725,-16.486859533025793,Inf,24.471700325255817
14.257443120565505,6.660792803004163,-18.110956203110355,Inf,27.46927699362451
11.059316308855376,6.396191765673773,-8.41699009404472,Inf,20.023332255871384
9.265103161201324,-5.009443466518615,-8.926795842183974,10.92723860715952,10.92723860715952
8.42423585620125,6.921220972259086,-3.6100509769450184,Inf,18.679516251133403
8.276947129822155,3.6144469945907964,-9.223589237383694,Inf,17.1037244051676
10.706665684912203,6.54950336833803,-5.437479048701004,Inf,18.463575156948536
9.847321269193952,-1.1593626041280132,-8.433206591431457,Inf,13.136298004941345
13.963494322215809,-4.302470907299902,-8.849850352544202,14.35942594581463,13.381835561720408
17.336299691951396,-4.5542604796904484,-7.103184040980901,15.405920177577512,15.362195649005864
14.90792164796433,-5.1333271576423645,-4.1024258582242545,11.756148928165498,11.756148928165498
11.242984253070674,-8.115291636949351,-6.881406082762052,8.301131890376958,8.301131890376958
13.820737252956611,5.886563285325941,-4.316469860499819,Inf,18.191095464209454
11.52733222595981,-2.0852682302216863,-7.401802246055809,12.920683936622332,12.920683936622332
11.23539558971948,-3.9141403029745874,-7.725799184144648,11.816281497793312,11.816281497793312
15.908262311529676,3.2816818469561397,-5.907602560400704,17.36130270330475,17.36130270330475
16.4798320495797,-1.42283839007181,-5.201099606140023,15.235536492861971,14.875315874307557
12.705630129992912,-1.38484071282533,-9.624385014483243,15.127887624717054,15.127887624717054
15.192462083203466,0.3628230456046495,-6.447186315176641,Inf,15.49951137672333
14.046862896811092,7.4955532199702475,-6.666590019723415,Inf,20.884748308910083
13.888647272632795,4.266300641044047,-6.026104219880315,Inf,17.492818289979063
14.687604660529928,5.688501726316765,-3.904298405586637,Inf,18.09002943185714
12.906764279890922,1.5485732339857279,2.5421741843678625,13.813063539121025,13.813063539121025
7.220319602320515,1.466844597299577,5.8744328268555535,12.919908540981965,12.919908540981965
7.253525049976332,-3.681579320029414,3.738032845999413,7.345720141539286,7.345720141539286
10.797359158308055,-10.574442531929416,0.4470111010855078,3.86648932808164,3.86648932808164
8.833605487744638,-14.112942121880332,-2.21381556563113,5.017906071386292,5.017906071386292
8.672155114701205,-13.994839770498713,1.3161971341219747,4.526281300963354,4.526281300963354
8.085985620301727,-4.007643296319445,0.2004113524576141,6.093264177913289,6.093264177913289
8.770913484789695,-8.666312198976724,2.228804419735564,3.143632749326973,3.143632749326973
11.567652510493982,-12.730205879434529,-0.6118339093414633,5.356474057935957,5.356474057935957
11.62490820167956,-14.361675888091812,1.2896266877111913,6.486688632914431,6.486688632914431
12.408052498838309,-1.8394687082221068,-1.8893685453548414,9.970507323825288,9.970507323825288
11.019232883369632,-4.21124287740593,-0.7527624768530146,Inf,7.0873544670561825
11.302764029857151,-11.672816701325841,-1.531790776807913,Inf,4.863998046543708
11.336710690430234,-3.0421110760910537,-0.6368666601576507,Inf,8.223434625067986
11.33697566803285,-4.6432661598039715,9.806411653151443,12.098503264610311,12.098503264610311
7.395827619874574,-4.343429889249721,14.811512109415176,17.007319803284418,17.007319803284418
11.262927071592692,-11.25958077185154,5.188860306882084,6.832522390952876,6.832522390952876
9.988742654772935,-7.574801951320644,5.096775249439425,Inf,6.3868056315403585
11.155820659503792,-15.046291960760634,4.461335263682127,Inf,7.91450694877259
7.836564771105579,-6.963872499919113,14.476698693053784,Inf,17.39474749808234
8.533507731801826,-4.233219191690081,10.3207742252631,12.373402542576144,12.373402542576144
11.66178801840595,-0.26573816512325976,9.090256531858117,15.075341838481862,15.075341838481862
12.403285726596955,-1.7158814206543767,4.375094971111338,Inf,11.274387894959354
12.598764216162373,-1.1907141059708763,5.562160020555595,Inf,12.179575845171552
11.707152574666388,2.336313620091044,7.135899515249264,15.567358145576414,15.567358145576414
9.573182764491293,6.651550631914091,0.05029230331986767,Inf,18.569494837474075
8.769004970982444,6.741617384114296,-1.4605493654839492,Inf,18.79007879091841
8.829960763378217,6.0102988292346815,1.4432203013509408,Inf,17.321280734853342
7.105843354111929,7.761249371996676,-0.44857336388329117,Inf,18.603176648971058
10.958223959346505,3.6182499620514186,-2.4259007712284486,Inf,14.65489465553642
10.358878539346115,6.894144866414955,-0.41137438211122657,Inf,18.547068717594808
10.31430710682498,4.115418845130883,-0.658968681993322,Inf,14.560146085958166
9.567085063912266,3.649347284458244,8.799825079861598,16.549892317094006,16.549892317094006
10.503413038718435,7.9113210023202,7.524362150464732,Inf,20.33828069529534
11.512700657394006,3.924936754099111,11.941928783944853,Inf,20.14643816503043
12.49467208157644,6.966013164583103,10.98277695074622,Inf,21.483077614341504
15.463457421647853,-8.046616249552043,4.840867015278416,9.94383291614309,9.94383291614309
16.904542018599372,-8.238211485604756,12.083534037558003,16.239595125158623,16.239595125158623
15.668946932041848,-14.227527125339563,10.462440873231202,14.317999567301111,14.317999567301111
15.538949004261355,-9.944977329792826,7.211201846408144,11.741943037121699,11.644548783902806
14.31495912900094,-9.043793857667533,-1.6523497433599488,Inf,7.55997466397674
17.143124131670746,-8.550846941810732,6.40366281126515,12.29284537837666,12.29284537837666
17.577575222534072,-11.614112926754707,7.413538056363052,Inf,13.536973554775564
16.104241601761032,-14.21694892487043,10.648774647117865,Inf,14.706213861617812
15.74422465903168,-13.831198218438692,12.172852122632264,15.519949285105334,15.519949285105334
13.137078481952571,-13.186880897072726,13.958411177956648,16.00486951488992,16.00486951488992
15.164258700578202,-3.6984458921998176,2.961833191255163,11.27332461741955,11.27332461741955
17.288882841208057,-1.718601838474445,-1.7967532726541862,13.593693952331126,13.593693952331126
15.840862054357501,7.302493267532242,-2.5186490584605465,Inf,19.755988618824365
16.190339337228977,-3.4800861284786038,0.9642474533866547,12.79294783263759,12.283869352134381
14.570925570420606,-5.527780553266783,-1.279282937884389,8.885731574144554,8.885731574144554
15.787332987840905,-3.7649963292529236,-1.1709126525934437,Inf,11.030212710531934
14.153135624241138,5.838380166769639,2.6238734835734867,Inf,18.281011594332607
14.349002613023522,-6.682294757160134,8.399667157146801,11.695296356831854,11.695296356831854
14.312306168802607,-1.5610966654749703,11.32711289170624,16.644368708893193,16.644368708893193
13.849011176787073,3.744780358142876,4.792733107942134,17.095771326206073,17.095771326206073
13.403604464404559,4.650971038473237,9.332207088419928,Inf,19.181131095643245
13.247359994340648,-1.0361394720934847,10.633358740580672,Inf,16.263208860544246
16.39413602541339,-3.458885229227306,12.891696883798787,17.59031719855639,17.59031719855639
16.638636591363877,-5.854980500565032,10.968602101751095,15.234547603006002,15.234547603006002
16.173354538076595,-7.100764327486244,10.159925026680945,Inf,14.26470961572787
14.484061748969054,2.58317183533989,14.73129715957377,Inf,21.392590317669903
16.251358049846928,7.751452718159982,8.146160113785747,Inf,22.708377773686323
15.516027637181509,2.2527110430024493,6.425551582335434,Inf,18.168058502412702
15.708006561011594,5.650482151277867,8.424949005708775,Inf,20.920132590854045
14.808906560106827,5.175434224130733,3.421719000864101,Inf,18.0018419983196
16.992143612111555,0.6327571904495422,12.577600954557326,Inf,20.314149131636356
17.125120071202446,5.149621029019986,12.934561538672526,Inf,23.67492283444461
7.0401904902606915,8.020924896747303,-13.26094511354217,Inf,23.600445534271373
15.66268933442035,11.437563514530005,-14.596794636115078,Inf,32.89814365991398
11.705115796672835,10.290691103061668,-19.769383705831586,Inf,35.73236822204922
11.639839179335809,12.588969270478387,-18.071916944946544,Inf,30.50564856660244
16.094414808101725,10.241278191528743,-18.70445561388701,Inf,30.43220740681781
12.365088557660336,11.106556768646485,2.2608031910673603,Inf,23.390517870662944
10.69738441791938,10.185580468736841,-5.861881066741379,Inf,22.04065256580995
9.198615197096956,8.631746721483282,3.5422836648146188,Inf,20.2319347693125
7.44525153157867,8.159754250625106,-11.847782388822257,Inf,22.891698913222445
10.118944763436232,8.240791228121722,-3.4385712311300765,Inf,19.760388273642256
11.31854693290449,11.632718003550615,13.84480303215149,Inf,26.154767602910383
9.613534236014285,10.31335455268173,-4.689399465724522,Inf,21.92167434927996
8.57358390172676,11.963908332257766,-9.537021323497674,Inf,25.061851761704112
11.474770145301605,12.053686612980805,12.176048269656974,Inf,25.80575883223015
10.497906620768028,10.224014741881327,11.639971125463529,Inf,23.772018770345415
10.153717734415302,11.349893568205786,14.96275336328857,Inf,26.430390077070662
17.11123940655738,11.250228747559198,13.764594459764822,Inf,30.09735123630396
15.493004810492593,9.679966339992099,4.3496082417018656,Inf,22.53516258683572
12.60795466977298,10.69113960915173,12.978517211522927,Inf,25.284604392209467
17.402251883757387,10.835123111848919,5.602234837074409,Inf,25.06783335156506
12.521622455782335,11.411788481747589,9.159923178757985,Inf,24.697351892571866
17.6029320080344,2.671899050131703,-18.58675910226184,Inf,28.502600871833682
14.922611832997312,11.694125421148172,15.385584877324078,Inf,31.14146894825588
13.45029072118453,18.246357818814587,-7.782425574642646,101.58996429531625,101.58996429531625
8.017394648978389,16.637288620642956,-14.786472995246305,110.59896777438996,110.59896777438996
17.023464980728946,13.462145075045669,-16.41796571453275,Inf,94.60854841267442
16.72663578470449,13.389171545482192,-10.901382289523918,Inf,33.02733592263087
15.29498722278025,13.45560814641808,-15.301496727325077,Inf,33.19771515812966
10.408154057330563,13.101991918244408,-19.334109367345647,Inf,31.814149201899298
12.394766518880061,12.880029545676052,-10.838959063812732,Inf,27.072411153951542
8.753816699199952,19.035700291449643,-17.450653576012005,Inf,114.25855165041239
12.749282127112266,17.963564168689537,-17.53900452725346,Inf,47.34029500091657
8.59831056272272,18.226557978649602,-18.08028143570171,Inf,47.36696751544955
12.817698072379315,14.754544594689008,-17.980636922362585,Inf,37.10156898055143
14.686367771125788,16.880379820130784,-17.96347212237583,Inf,37.577851190018706
15.739122217684056,16.432259552589905,-19.145536091738975,Inf,37.338367614769744
9.233671077025214,19.007861612744918,-10.992077568966145,Inf,40.20758539069952
10.071401452850495,13.77997390117735,-15.555675517223273,Inf,33.31047797986278
12.955886736702205,14.301415633792772,-8.45017182354387,Inf,31.06795175573808
10.745968432502178,15.614163027448207,-9.586868461613003,Inf,28.62452681241967
10.369521513958546,15.423933181590058,-10.085382273765324,Inf,28.77755064087261
15.311389791922394,16.895738649739762,-10.211283611810176,Inf,31.272801335433414
17.45317582256486,16.8184748863666,-16.622319523159277,Inf,35.76728770557995
15.743106495533425,14.173516089378147,-11.8973273440663,Inf,29.746367354172378
15.308621716666565,16.542144620316023,-10.804096056663743,Inf,31.319386652155572
9.342212579534753,16.651102671082143,14.744590787665246,42.40029584505332,42.40029584505332
9.0212552052311,14.623133103652528,2.0672036976894432,Inf,29.573438342984765
7.980980859775755,15.374580075040626,9.56133140333769,Inf,27.581827168822503
7.8875993263864785,18.07871505541157,-7.627835590759,Inf,30.401891440282775
8.63900835943521,19.32076000940875,3.267469203249938,Inf,30.50657315516552
7.9837696530039715,18.823251378065734,15.12248402602662,Inf,34.125508092165
8.47150439381462,17.175554887608875,11.69696159840969,Inf,29.962088351862597
8.182811825230267,17.34231550488336,9.783450251424341,Inf,29.468839547195003
12.392045565841542,19.66371375332716,5.7289879943997875,Inf,50.58186797915957
14.608867063476858,12.622950593976597,-4.950419445213203,Inf,26.840961417136356
16.03537068640287,14.31716548988458,-6.825882284264635,Inf,31.74394887307696
9.36609489454261,18.539107292358437,-5.31841588332532,Inf,30.1751521626395
15.621168646402793,13.041640510551161,-6.612652794122056,Inf,25.918264374366732
16.686638187819554,17.67292614980883,-0.680280808590787,Inf,33.11002937277217
14.419633239250544,15.765925944133379,13.677576067843667,Inf,35.35509192328774
9.464816121755241,13.500882200498665,-0.6643212095135809,Inf,25.456857085707522
11.057517200837445,14.668510638213064,8.033006062772916,Inf,27.13720427387921
13.276083517529713,13.266839984430348,9.660703620818552,Inf,26.73618973104813
12.571138739833138,16.969969390535198,-0.011959742726705969,Inf,31.00885920802814
13.082390611258944,17.830353368683532,11.111670970764536,Inf,32.67910082222386
12.951838609009542,15.966006578615513,2.6672396621918004,Inf,28.30210811043523
15.430469933287327,19.99607880736717,-7.534189704286325,Inf,35.484322673197354
19.139013232068848,17.458938019358584,-18.09628311856641,89.7849970703397,89.7849970703397
19.782593710347136,-14.81112884131817,12.677212760443403,25.572118507968064,18.872428932256796
19.73816418039678,4.263153955734104,-7.62704974905458,43.36202066516775,21.672675391907596
19.449546447505774,0.9504900771551945,11.025358979656925,46.38456572781856,21.24355322817887
18.48773365267857,-12.645210074974171,6.002110436106946,13.576745076667658,13.576745076667658
19.389218410749393,-0.2780948534529344,-10.655617892310074,Inf,21.06204099928895
18.967508011075523,-8.456777720581146,-7.737241492923754,16.740844902260815,15.778757054035658
18.819977967287684,-13.069584644893482,-2.3598853230842742,12.724638923459763,12.724638923459763
18.385637712842367,-11.31385470961555,-17.42570428841188,Inf,21.942565726270818
18.617562960896834,-11.979939531023724,-0.4130544730337071,Inf,11.858405376206278
19.24586496966438,-5.589693701642915,-10.232183757809201,Inf,17.337306729458255
19.059928707240523,-6.2115388054937615,-14.570372778223346,Inf,21.524704323593326
18.724379503635014,-7.234976276213381,-18.000354633939182,Inf,22.6874111945906
19.25817206576599,-4.5120371473406795,-19.65423111363842,Inf,24.540838353826963
18.428500040122614,-7.367390021225821,-7.489382482037588,15.824510094161084,15.551002872322126
18.365230413080525,-1.4489542665642752,-3.4623572524987445,Inf,14.868990433600395
19.166273812924317,-5.5586968994981945,-3.8297430502088403,14.141492991380339,14.141492991380339
19.552289731218494,-8.312433512451287,-0.7889948251409429,Inf,12.993000424352175
17.869787072712427,-14.795620784196082,11.470694223487008,16.610846142961982,16.610846142961982
17.960203419566405,-12.830729486231274,12.044873335084233,16.544727774216906,16.544727774216906
18.58379621196591,2.613468435151802,-16.47857082538554,Inf,25.00306740335551
19.118435623769287,5.334414103623047,-19.282276369283274,Inf,28.60259885620644
18.221279167198134,7.0343121509267625,9.362430932275032,Inf,23.901773398626062
18.18794599260056,6.140009120507159,11.588007747220601,Inf,24.30177572747686
17.646238989030948,5.072193207233589,10.869957000495969,Inf,23.097362784071656
18.19899158479877,3.271550044679703,4.35556289815149,Inf,19.002032758795576
17.894698256447697,2.7350549340675485,-6.9702756646387165,Inf,18.73664475020355
18.05561718141088,12.638395904714287,0.5013566191069003,Inf,26.274994027537808
18.153111737818826,13.628114215682743,-8.643104769028609,Inf,27.9644140473273
17.829304530736785,6.715894487255916,11.962739104374258,Inf,24.509385519969626
19.559301238861906,9.234785492675428,-12.069403267536112,Inf,26.67458978252796
19.42555129987879,7.2530140405602594,10.929400016656494,Inf,25.473834207233228
18.660412621504072,7.639850030790633,-8.317649918842678,Inf,23.051319356814
18.87188427709212,7.541434943424843,-5.9239202834095295,Inf,22.550601101520364
19.444861411939904,14.744841302653725,-13.204337438270253,Inf,38.73911498768182
18.470511862739954,12.932026020693314,-8.705135340012022,Inf,27.705260365465804
19.705310554078572,14.687727847994296,3.9153816491575455,Inf,29.093344326628277
19.41652777240715,11.101133977717296,-7.149727723651207,Inf,26.02124687693723
19.52919643646129,13.63633885097535,1.315803091171901,Inf,28.027894909210616
19.751355861115336,-2.8608327243668015,0.9050125133304832,15.108320692591938,15.108320692591938
19.952800847791742,-9.946316358749039,9.021955195215003,Inf,16.366025942761794
19.76652779838348,16.491508811541323,7.436546471765837,Inf,48.664427687344954
19.806419886398885,-1.7301824485434025,1.4955567570785462,17.64242844445179,15.923620990040593
19.928292289237184,5.883820959491164,-8.983960848296144,Inf,23.05302909326365
19.85738153430311,18.00644375244474,14.319738125348003,Inf,51.423669308414475
18.607319349620127,17.54945360426251,8.826125233771698,Inf,38.24026025504073
18.491726909026113,19.992185951204874,-9.99982579071708,Inf,34.88318009793264
19.6966844305203,18.721990483164888,14.933010265779998,Inf,52.1558004699537
7.341175879097577,4.458591394022491,16.54258169045402,34.067303445270284,24.646794666682982
7.038216424685579,14.514770556380384,18.813007961346706,Inf,32.27660381658913
10.232793038373895,3.2389830375479107,16.418719907923183,Inf,22.166579670374542
17.286297720361745,-15.439114304256858,19.81067643306892,Inf,23.476062888027922
9.187954152876301,-6.090936913067795,16.753865632247496,Inf,19.101261065241026
7.871912422959202,-3.323882592837208,17.441730686200643,Inf,19.58260654310658
8.575115041320327,-12.99839541520436,15.517267007133228,16.686403616448942,16.686403616448942
11.914793299022996,-2.71079598676976,17.290095405733112,Inf,19.849234629649665
17.181439532329193,-9.298928947869927,17.420393272699954,Inf,21.505646658511196
14.435763872153387,-12.700454061246758,17.371217349396602,Inf,19.688677432405616
13.397163273381409,-6.48627755061554,17.288696589959585,Inf,20.075072190626
14.537096779127545,-4.266496142078111,17.125512808054985,Inf,20.095500981731497
9.322055935104146,-10.090429259029587,18.034953305148193,Inf,20.604685403084094
17.267866416666855,-6.525070722608364,18.825271789555202,Inf,23.01785841487026
13.060490261280535,-12.843698315113965,19.28568046010991,Inf,21.343730633581742
15.706055494585762,-1.3658612481823056,19.46192295421998,Inf,24.42081568951606
10.474546668659912,0.11823859266392844,16.642102595708806,Inf,20.289336433811975
16.441810563835908,2.7616662826187444,19.905471918440902,Inf,26.48354103513274
12.312865630970308,2.4184469316766943,19.81617212937381,Inf,25.58060951806993
19.187803836757126,6.455225114825982,17.58136141646016,Inf,43.321692172854846
9.224854255826056,14.076453459795808,15.424597997682369,Inf,29.739616852080907
9.892588801384143,11.002246431126437,17.28764839031541,Inf,29.162523390917713
12.11239543280044,11.437478371977832,15.779415685703412,Inf,28.22529015728403
16.10091347095797,9.630658980533575,19.390866503346906,Inf,33.350464520552364
10.908908318054067,4.074289271314619,19.413334813373794,Inf,26.505062484847397
9.800306489346625,17.864199119740974,19.46474648587032,Inf,34.68238012746196
10.404462350914876,15.753819947893703,18.410094770474814,Inf,32.37255824868664
15.51485149610513,5.406356244840662,19.04567105840765,Inf,26.65060513809292
14.946535504419415,11.670436114992675,18.931940685297455,Inf,30.693838433727542
13.378105288898247,10.992391066091017,19.365958550587337,Inf,30.742790108998292
11.783193898497785,15.52055429378727,19.9497418047601,Inf,33.132602933477976
