7.0,12.0,0.0,0.0,0.0
-15.063718193325792,-6.602370537600475,2.4990933587715247,36.211596081515964,35.56766690108325
-9.49103824589276,-17.92668382955104,3.490730504440762,40.798836906440116,40.798836906440116
3.9629287741507824,-19.2158852873529,-12.645299404170895,62.85383482991246,38.5329702838976
-14.639458766997189,-10.873161236961524,-3.161729702606575,36.79393749395444,36.79393749395444
-2.39430747304187,-19.030864658776323,2.2490333906518885,38.96742563420902,38.96742563420902
-13.060126129126752,-19.79999223194661,-16.19080638591898,50.18530120992357,50.18530120992357
-15.151042140229576,-13.625308606790751,-13.907412498263474,43.27787511314653,41.912390204906586
-16.64365234532636,-15.714411387566765,-9.056939267497164,43.1581472987079,42.25521067057408
-15.005291441845792,-15.960757077954666,-18.082843012671887,48.06429160235786,48.06429160235786
-16.757206575923938,-15.034065681635349,-17.669134420471558,Inf,46.23846377229249
-14.858297411021297,-17.69935077960693,-13.502729707484749,47.382419821578445,44.25436784998652
-14.22584883007974,-15.212186396834406,-13.05257421910687,Inf,41.90189372339611
-17.13998023437214,-17.643562773575283,2.1583159612097873,44.3642637838276,44.3642637838276
-18.599091965695315,-13.674232174217167,-4.773930639499628,Inf,41.90509052675334
-15.66671983183432,-18.465113434261653,-0.9622049481500099,Inf,44.34185239300267
-10.870469246324754,-15.356621266999229,-19.74926477109249,45.02252124553327,43.60401982931432
-1.0940689194578184,-19.757838282920225,-17.32201279015421,69.7631464321781,69.7631464321781
-7.657398746199053,-18.107144321369873,-17.41383623910029,Inf,45.95524976088571
-11.340542026948146,-17.6429176476817,-11.215076603006784,49.199643156780844,39.58910722597331
-12.537533125741822,-19.28498802001289,-10.746143700341602,Inf,44.10250579389151
1.320064562747909,-17.9666202568782,-14.213252817959523,Inf,36.42328623221695
-12.033703940625369,-15.004734743255304,1.8169001772846443,38.6063096593841,38.6063096593841
-5.043354200536729,-11.105961349564284,-6.768175757815165,29.670748988445965,29.670748988445965
-12.227021035280394,-14.611382895587228,-12.346935392366376,Inf,38.681694157723925
3.7875158995202014,-11.043924244832528,-15.561027188560228,29.85465331171245,29.85465331171245
-6.348382359434499,-14.006195129154646,2.773176121444312,35.72326777941761,35.72326777941761
1.7274385676145272,-19.84974784584238,2.5589860987906192,Inf,43.18114498639762
-2.4141061298265676,-10.485795002689802,2.294190140634047,30.422213726582036,30.422213726582036
-9.27976114446329,-8.820582262617664,-1.8509804623744301,30.906875185664912,30.906875185664912
-17.903943100057617,-9.159107793511714,-4.2092896900534615,39.854094661659786,39.854094661659786
-11.396374945066325,-9.915182463734977,-8.590894626283063,34.420533023479,34.420533023479
-12.983042055937979,-8.002543567535598,-7.498077169535433,34.48041579762595,34.48041579762595
-4.910106685581539,-7.771309660179755,-19.316489159928516,33.94740713346294,33.94740713346294
0.5174131404774229,-9.080076436833044,-12.49873512398997,27.337336568357358,27.337336568357358
-9.160928088130342,-10.559727001406474,-17.800687410590026,Inf,38.84354195256819
-4.7471864821978915,-10.656019921867248,-10.034349119174655,29.910099293258476,29.910099293258476
5.736564331233538,-18.99774699860395,2.2896450666552752,47.098466304701574,39.61585019989984
4.922879192860403,-16.902489096571365,-7.340911622597135,35.389979245524046,35.389979245524046
4.8290542314638,-8.20617062140303,-12.154085576581988,25.450089826810505,25.450089826810505
-16.051841485833993,-12.924600324379165,7.149427512388726,44.57858683138754,44.12187956937704
-17.038165651362725,-16.62195984425283,18.053147356414023,56.134295776134174,55.078536894971876
-17.653456911251844,-18.277914655525656,18.988649741160295,58.133279113568356,56.9846069806261
-16.156438527989387,-9.190257713080872,15.156987111603001,47.72382969304712,41.25962095026276
-19.78508011933961,-14.50793767509377,9.324995845778076,49.18044791513543,49.18044791513543
-18.160883065787097,-16.19068622579529,17.086830248585805,55.2569626269659,55.2569626269659
1.2209887849861616,-18.73457458355989,18.578400113331632,49.06614502502263,43.76719389394072
-12.122425319807677,-19.03404849636882,12.607305078172843,50.351971805335936,50.351971805335936
-10.552797444759214,-7.17212818774148,5.664612016763133,36.483211725530936,35.56259059594153
-11.658340898307609,-9.70388459664787,4.443706043144964,Inf,37.69369644907456
-6.86795140840287,-12.95808601763536,4.156261608576841,35.845890595626095,35.845890595626095
-4.197900257221194,-7.8425973678308925,14.616473852609381,29.519961099348702,29.519961099348702
-11.760993966015008,-18.263971514797284,11.435979416506203,49.068869689241616,49.068869689241616
-13.002494035729955,-7.042169337693069,14.440112033628779,43.84110392290183,37.17157415845935
-7.0,-11.0,6.0,36.34064731001667,36.34064731001667
-14.283202398942274,-8.286914985201701,8.412889251571762,Inf,37.178778616990485
-4.201593246560016,-16.991526920448425,11.27788720617053,Inf,39.259010662458465
-6.704262764000113,-14.07868314186043,5.869714920529702,Inf,37.06289641573262
-4.87742523356947,-16.35572238981276,12.561580161089616,Inf,38.303903262001114
-14.516787748123896,-13.322937335009524,17.033829870537254,50.80303643485622,42.38374720860338
-5.508702571170998,-10.869188270176418,15.229976854242267,32.87478466094318,32.87478466094318
4.289670265286347,-9.299539344211434,19.609734221465445,33.792207877013944,33.792207877013944
-3.2463385333632715,-18.641516398882814,14.149407472367947,55.35753986311036,41.04148569434036
4.710899798214054,-9.307081754340842,12.120090152420637,27.710850642016307,27.710850642016307
3.9640560510746425,-9.629220202172641,7.9560166930063225,29.052571212764555,29.052571212764555
4.657399695330426,-9.946004612182602,9.076388592033684,28.89423149608436,28.89423149608436
5.06892828109433,-9.95545629068788,5.7884112157482726,31.507298516388623,31.507298516388623
-14.013770010045343,-1.1889970422649583,11.111393271876064,32.041268048785696,32.041268048785696
-4.2818956283751675,-1.7415850787926672,-14.670030246896681,27.727727608497467,27.439811457958278
-7.8505178324830815,6.281600977610697,-10.780933989299069,20.84515036646509,20.84515036646509
-16.030823394951213,2.3555999669261425,-13.632207245047416,30.35623033722493,30.35623033722493
-13.716049601915072,-2.7274290876262697,-14.962258350631377,32.46330570078422,32.46330570078422
-16.32327359387837,-1.0076360550179757,-14.798374401922425,33.04100746112376,33.04100746112376
-15.507152430098463,3.365274004868528,-19.390317312822525,32.40905960972386,32.40905960972386
-11.291727911775231,-3.2204612811832263,-17.415065418348235,33.34772923213554,33.24264239171085
-5.0243003794803265,5.803838984326646,-13.913631559864985,21.436343851087432,21.436343851087432
-13.036657649550492,5.322989672538078,-18.135474620988763,29.016328368171976,29.016328368171976
-13.190841579158743,0.21008476959579525,-11.063227220815124,28.93601288241822,28.93601288241822
-16.970984992644567,0.2937129526694022,1.261379657401747,31.80433120056216,31.80433120056216
-16.88284333284736,-1.8408480554557656,-6.394950153195644,35.23125022362909,35.23125022362909
-17.60955691556002,-4.260411054225139,-12.09553636048378,35.3059454012752,35.3059454012752
-19.519280766292866,-5.1681846350167415,8.55169855228204,46.11383380208564,39.300511786461435
-14.891763713787798,-3.2064991884023613,2.930254764075954,33.025633933655875,33.025633933655875
-17.878299271025668,-6.351868517483359,1.3695201787918876,Inf,37.169994492217675
-18.059451228195744,5.585378720567231,3.216011780849641,29.98354444108621,29.467990881656974
-16.061148212563225,0.7108288130441842,3.777879562141109,31.09894423973759,31.09894423973759
-11.631500594833453,0.023120600997668106,1.2879697801791146,28.65222634630222,28.244209908824338
-4.3853221432788825,-5.346232328482348,-3.5723892289488006,24.662686788220437,24.662686788220437
-11.100921724076782,-2.1353494739591206,-9.886714960672336,29.912112814486314,29.912112814486314
-8.81576347149112,-3.2386888640866047,-9.313690450724632,29.49233349794681,29.49233349794681
-8.553134247928202,-4.843713099690543,2.7410167402029195,32.24439360438574,32.04598787282909
-9.533611745771342,-2.0343365506504263,9.40004179389436,29.265004637736446,29.265004637736446
-7.143151444392837,5.8096684413227635,-4.206463448004536,19.49699775802543,19.49699775802543
-9.407946176178452,3.3878946523511715,-11.234345007569253,24.105418559589026,24.105418559589026
-9.771495954743097,0.30138286443902373,-13.287993558314852,27.608175821829118,27.608175821829118
-7.929142431122829,4.184086362541848,5.97600185091747,22.435802776574782,21.987150912903516
-9.707831352767693,1.2822297716155084,1.1495371470400073,25.940946387140023,25.940946387140023
-14.362501345919005,17.82525855889463,-8.72379405023917,27.641196238063163,27.641196238063163
-11.648352989104431,12.603277243684815,-17.709346490326094,26.444918226811456,26.444918226811456
-18.254202491023264,11.261942546525283,-12.524226313764304,29.79065380876542,29.79065380876542
-17.496598928537832,15.243519671543105,-13.025407808208449,33.03762680749851,33.03762680749851
-5.261400292289871,8.529739648466077,-13.364839197011795,19.346952238955907,19.346952238955907
-4.6133418008726945,7.319348933471382,-17.675709741376686,23.56341310167024,23.56341310167024
-5.222792327024051,18.744509757524938,-10.783857926813631,18.227208406553075,18.227208406553075
-5.807341196567695,11.376928845030108,-13.598845471894165,19.198017663262505,19.198017663262505
-6.842238566248513,15.571382548153842,-13.47855986005075,20.097774313201143,20.097774313201143
-7.02992765315031,17.433077991294034,-12.373738961647085,19.84324010203745,19.84324010203745
-11.43206987038333,18.31066968613274,-16.005221199647323,25.6170331818513,25.6170331818513
-9.280617622137317,9.519518724865854,-9.768986791101195,20.24326615555735,20.24326615555735
-6.407777282899509,18.64661278059642,-5.577795601174875,19.830606079412746,19.830606079412746
-18.854573928178525,12.815228375114735,-1.976467974825205,28.13398247725202,28.13398247725202
-16.79747914964451,9.410657487406464,11.00538843992096,29.323622346210367,29.323622346210367
-18.32684366124927,6.323674960372383,2.0446118253745027,29.646759329026473,29.455352959052306
-11.464477460844513,7.884228387064365,0.16815529732465961,22.363320171068292,22.363320171068292
-7.967982436169132,8.654246095018763,-4.442432144891644,16.525861709505957,16.525861709505957
-13.55248268982626,11.202220434322918,4.798972338359462,22.09456288852718,22.09456288852718
-17.190343657523137,16.852207392447795,6.132037246672446,28.526126970465903,28.526126970465903
-14.693972450777606,14.120899330656158,1.4711957833255873,22.575046725944794,22.575046725944794
-8.278973503885343,13.251211723073638,2.5607249180998863,16.010319636496714,16.010319636496714
-6.8938239800338685,16.328653529800484,10.044111722052591,21.706214400759627,21.706214400759627
-6.762870486833226,14.159580082982444,7.58158666068395,20.888948568564718,20.888948568564718
3.637980514248671,-1.7998418006167611,-18.412330759468354,26.270894331667698,26.270894331667698
4.505143068570714,-3.743786294091258,-17.989853461991714,26.686569541613196,26.686569541613196
-1.265359121399385,-3.4514043998243515,-9.996229614841878,21.908158298257508,21.908158298257508
-0.9753781436365472,-3.5426107732362233,-4.304193722141045,20.736326309163328,20.736326309163328
4.368282841822957,-5.505391594291487,-7.7037861652638995,20.224031802144566,20.224031802144566
0.01900565383424535,-4.537854950131859,-16.973403031395407,27.603793776531724,27.603793776531724
-1.1596499584229214,-3.279993973744073,-10.465704228966333,21.98165451475417,21.98165451475417
6.571782184559439,-2.0973724828484848,-10.128073438099232,18.8737275044623,18.8737275044623
5.617775394150534,9.374413771302539,-13.174497514085326,15.149974881630675,15.149974881630675
1.5042645628856803,11.228998666746797,-17.484566811733508,21.389939131838585,21.389939131838585
-4.127900017157611,4.459619650594586,-18.287307322963375,25.8339694365443,25.8339694365443
-1.5839808332843397,-0.10699298569000604,-19.167351105351784,29.34984904985599,29.34984904985599
-2.5367152264987354,13.182793139538632,-19.294785425021068,25.95076019316069,25.95076019316069
-2.468553115594723,12.417289838548903,-19.83687376238402,26.15739801530134,26.15739801530134
3.3539465055055544,-1.5015579192053075,-14.731739130611796,22.56732803275505,22.56732803275505
0.06394953516920054,12.25081952119669,-0.7456457890538033,6.980522482280718,6.980522482280718
-4.27059917982171,3.434153749078863,-12.478492208261844,22.645323908846578,22.645323908846578
-2.8858983051150133,6.729344543750038,7.388844849780114,16.612678540998598,15.789864108379671
-2.5775734984219127,17.39121090373537,2.8066542500851632,13.764334321559357,13.764334321559357
-3.8727706573705944,10.836188732976098,-9.543998605812076,14.672893781279903,14.672893781279903
-0.029504177220296413,4.984233684469828,5.4201070535757445,14.02765725406941,14.02765725406941
-1.1637875720728275,15.758527062260832,-9.064058285740861,12.902800170648604,12.902800170648604
-1.2729495730735536,11.271379372203771,10.43437737045786,14.13504815768702,14.13504815768702
3.0775427811343015,10.339874410315993,-2.8590150513921913,5.129878621511662,5.129878621511662
4.902421945939732,1.5616242034742172,-5.629642057611273,12.839582557432623,12.839582557432623
2.8323853246151316,5.710476362852024,-12.75126010844379,19.771875472734262,19.771875472734262
4.668166648549743,4.2533408756855735,11.057172441129566,13.998940588013852,13.998940588013852
2.5411514534460906,0.7261999140401798,2.268662547347997,16.93786849089372,16.93786849089372
3.1606960321728828,4.087047679804652,7.241901649965385,12.77028933959875,12.77028933959875
5.370368596165733,9.230719661373385,6.329248820130999,7.098168970473754,7.098168970473754
2.653157277962652,11.03801349811425,-2.664825573178451,5.188617832853495,5.188617832853495
4.072629950577536,17.898041238262522,-5.271894706873148,8.435002054229631,8.435002054229631
1.377588105628142,18.863692355253775,-12.745943484002975,16.43857236682704,15.560911811140759
2.9886610931279307,14.586474083540011,-5.681563037995501,7.420299627732455,7.420299627732455
4.665930506011378,18.091335472297246,-9.371748235151482,12.582069350925632,11.510592026367581
4.118737787584614,14.721732323535193,-4.507095216655408,6.00195018886921,6.00195018886921
5.010487940670991,15.179541673962483,-5.20362390875154,6.414463755795207,6.414463755795207
6.208498637465915,11.399331034460431,-3.3018901838564645,3.4481526067306483,3.4481526067306483
3.32843693864951,17.937348613494244,10.118338085310228,12.87064425371327,12.87064425371327
3.8747184755181685,13.703055159399668,5.75024226520523,6.76262283376634,6.76262283376634
-16.07754675423365,10.459761972606955,15.551316764371627,30.805031079194094,30.805031079194094
-19.182797554510877,4.634695596604015,15.971931647372898,34.58246394602713,34.58246394602713
-18.953094418825273,-1.5597860953785236,18.61516140179758,Inf,39.576222941293764
-17.31755564654362,13.355138603625498,19.76224547505702,35.034572442507425,34.89378685368716
-17.449511105833587,15.199612964394042,16.14615054169378,34.80258883029596,34.543030507845195
-16.162300626342542,17.946382851645964,18.729807404743568,34.76259881637111,34.76259881637111
3.984638944566896,-2.1683842024039564,12.064902690936066,20.535092617843873,20.535092617843873
-8.018746644537238,-5.002984764785694,19.481191316738624,33.0337688221995,33.0337688221995
-14.088154269425806,12.39300701829886,16.81666446864834,30.558952048938604,30.558952048938604
-8.530373045253965,0.18749645087282119,14.254448412213911,29.113958649677837,29.113958649677837
-10.781619557040854,8.584870814602972,12.325820563808385,24.608608020069532,24.608608020069532
-13.045631386088221,1.0347785349360805,11.545653987596864,30.179685559941582,30.179685559941582
-11.017018643904262,12.408734225922188,14.209401314478157,27.528184320320445,27.528184320320445
-11.260413813262451,13.775993693481311,16.031329153326254,28.191274760285935,28.191274760285935
-8.393999742954552,8.104524728011448,12.397940303645008,22.17208139464649,22.17208139464649
1.6167022798257165,-1.3376872042789323,12.241881121715096,20.477718593347774,20.307627065069127
1.2322530526759756,2.215472043730287,14.297724332718815,19.142829017660013,19.142829017660013
-6.318069458386075,5.1805963509859225,15.941473591496234,23.653557574740624,23.653557574740624
6.134584435540418,16.506383376372675,12.873992131970233,14.7446937062642,14.7446937062642
-0.10300845168856654,9.414258764318433,11.24077354378798,14.78521716147498,14.454432833426326
-2.0628136991441437,10.952352011395092,14.692212754982528,18.477262564681237,18.477262564681237
5.450938125334488,14.963953506995544,13.890532957749137,15.149437818404671,15.149437818404671
-15.215066634078243,-1.1107556263105138,19.785534133196165,36.15484318774841,36.15484318774841
-14.396962399487645,10.418306903696639,18.122233599741094,30.783508822894373,30.783508822894373
-9.434800718083247,0.07119251201993748,17.611599466583563,29.867199161881782,29.867199161881782
1.414169680568726,6.355068711079941,18.629559198383916,22.924911671491664,22.50463264469814
-4.915326240763376,0.3234162536768608,18.409043393491146,26.776671477474654,26.776671477474654
-8.27404516469696,1.7616116497242444,19.996820493686144,29.30697564244454,29.30697564244454
-10.415321349277544,14.820391357544139,17.546289113468667,28.114267508592164,28.114267508592164
-11.561634389011957,10.94174916134861,19.419557727354906,30.381031569971896,30.381031569971896
-14.893710515102976,12.246700358078769,17.939031615575367,31.664581170735822,31.664581170735822
5.51302657881638,14.67120717122043,18.98703955403149,20.254722813301143,20.254722813301143
19.85655948001621,-5.791325990162566,19.94093277232853,29.655744839439702,29.655744839439702
7.325639742962906,-11.611920104520133,14.200482417160586,31.77005952729337,31.77005952729337
19.337545161363792,-9.959422685602632,-16.32473984513032,32.9963702643816,32.9963702643816
15.088177601986239,-8.587725946682436,-6.263953365486312,25.10068108750429,25.10068108750429
16.922848310580896,-18.603092292522668,-17.957796920588986,57.04033255243825,42.11835801741436
14.645440717313967,-11.318348061892953,0.09641308086138878,27.57004048258252,27.57004048258252
12.214988098985586,-13.052813736718232,6.2543079525041705,34.30916333859094,33.81862980974816
12.929229560280689,-17.45579324031506,13.986848139217471,Inf,39.86923921864023
11.278940600674943,-15.011936869418774,0.6773314813273927,32.601281631882614,32.601281631882614
10.44097244004299,-16.75199934238946,-13.526402803506796,Inf,37.712583382850625
9.724459043678408,-17.086879178754437,2.823399418991272,35.62786068204113,35.62786068204113
11.976536603460069,-16.432809931491697,-11.11254985591545,34.8339508546186,34.8339508546186
12.951956308473704,-12.225079337786653,-6.650691823292059,30.178356640996746,29.336639980291103
8.276615054393393,-10.6453642758522,-0.012406333770815792,30.864846932556752,30.864846932556752
8.893825192444417,-9.772240102532814,-0.6875370580466438,29.600293386276945,29.600293386276945
18.772928393397336,-14.779495515747971,-6.148542748544097,31.025820547833113,31.025820547833113
16.857949351391568,-15.455155999604653,4.011114933001949,32.547075449105066,32.547075449105066
17.134481670291876,-18.736254424670644,-15.048673723108728,Inf,40.9027016391594
16.73784222046649,-17.495613611974726,-6.373892059378621,33.90935828921928,33.90935828921928
18.726538114319986,-10.90212653281223,9.588571596668906,35.17310500219236,35.17310500219236
17.653423102467272,-8.74956948978527,-4.7432864014099785,24.9656202032415,24.9656202032415
16.726141379905137,-9.502779432975306,0.21305416428766222,25.484963460814868,25.484963460814868
17.847466155556084,-11.153817366175725,13.868675016811622,Inf,38.00230604712523
17.512901392369145,-14.216127961443208,11.454062915105816,Inf,39.16504405746352
10.082459843854998,-6.540110795909682,-13.397889673051235,25.516011186085255,25.412418471022384
18.061899851145895,-7.3711527566905755,-2.5126895074196014,22.742793757186483,22.742793757186483
19.89584757219341,-11.840842983784814,-0.2652047774005055,27.953281652977275,27.953281652977275
9.32258365462566,-14.577479258676291,18.34209654777905,44.185401176083644,37.078778984455404
8.603037080109477,-10.909334576451686,18.772558801045953,34.78221208088586,34.78221208088586
14.698007684101881,-6.944885547026232,15.968692995936642,32.74877598589759,32.74877598589759
18.869357784343038,3.649554991069106,17.4720663875584,27.73214953155666,27.73214953155666
9.16575135298028,16.082564991926382,13.769525367255909,14.52438104277572,14.52438104277572
8.050292830152728,6.493874983623762,-13.199489399562863,15.068230078882245,15.068230078882245
7.703379204971689,5.459502192692796,-18.377334674305786,20.3597665120113,20.3597665120113
9.157261164715031,3.4495838401274703,11.367823311399796,15.650906521310398,15.650906521310398
8.558204604020148,1.252003962527894,-4.235345906160903,11.847228278691057,11.847228278691057
8.2997273076011,9.178755661173383,-0.823660800989483,3.2135848842953987,3.2135848842953987
7.782401799498118,17.735335079073593,-8.529757608092048,12.221761140647208,11.442261659078106
7.2599103923693065,15.765858483499677,11.403390053818203,13.667169291552838,13.667169291552838
15.055791113357834,4.955593165043901,-19.644384860190975,24.710843554895266,24.710843554895266
9.897336352229349,-1.4865493951568531,7.9093201175365095,21.72333329662975,21.539140722002543
15.303138389816496,1.140797221741046,-10.946671129855732,18.573304570393933,18.255685730341934
13.795276810978123,-4.100932207988386,-9.043870583995837,21.66717219714656,20.670942530150544
10.663078590619499,-4.313373941615994,5.645041868379632,25.41211685025347,25.41211685025347
13.532241479588237,4.389881822784751,6.226221108988881,16.588189763597562,16.588189763597562
10.430178758229466,-1.972189549946826,-8.385091215257834,18.72521142970983,17.425767260385435
10.61460274538981,4.614443326275097,-6.882995304417321,11.14498640025796,11.14498640025796
12.867976121240375,1.0128990018897,-3.1644763273017595,12.858766558660529,12.858766558660529
17.063816121184196,-3.593776856789958,-19.23811771369099,28.28228310736811,28.28228310736811
17.251066144076248,-4.863081829377842,-2.1257963029641473,20.26264966623759,20.26264966623759
16.21515783538559,-1.8333923837859345,-6.293656386982631,18.25290855953368,18.25290855953368
19.778107570708634,-2.9883537185274562,-10.640282536460015,23.99065248763879,23.99065248763879
13.36323544866034,4.711065860319195,12.378882878570707,20.156880113426098,20.156880113426098
15.902964403225106,4.317822662119699,10.118997822354636,21.14661386008264,21.14661386008264
10.448774660103759,19.436914243240423,6.647657821205453,15.531927788640607,15.531927788640607
15.735903112927438,12.00980374741529,-9.372340922402262,13.036080439942712,13.036080439942712
13.712858542104094,10.533457024074888,-17.184411054620156,21.239783794754285,21.239783794754285
15.609400869517565,9.07573203751901,-19.658001965081215,24.680784656192102,24.680784656192102
10.71623276830401,5.337182072300184,-7.973196192986807,11.681940250112154,11.398657129210768
9.5573029644458,9.883501806104196,-4.343816842144701,5.467001720763168,5.467001720763168
14.559667640068945,7.860078738865724,-16.92608336704346,21.73451549770835,21.73451549770835
14.898069964702387,6.9802371438571775,-17.611819292866826,22.725637107883983,22.725637107883983
9.636672864694937,16.383518414215253,-11.535837298136187,15.16141628411794,14.348445943261872
13.10335097214054,15.547142564424227,-17.13201537629694,21.96108152177489,21.797272728107917
13.834431080004705,11.300973740590521,-6.109684041771679,9.193819934551568,9.193819934551568
13.440150427125388,11.383618963729745,-1.0115703302592571,6.548185828070072,6.548185828070072
12.162073162280258,18.984568777243055,-5.8800447756008545,13.429523371108909,13.429523371108909
14.578975927804677,14.821426802024988,-0.09314738803487543,8.087645006386312,8.087645006386312
17.25813446977058,6.115155424724065,-4.714892182957993,14.034727283001153,14.034727283001153
15.824815147718809,12.187463259638108,1.37601187421593,8.933415558626203,8.933415558626203
17.541117590938796,16.946728640444135,-14.691069027834711,20.514107945277708,20.514107945277708
19.36367269082365,6.329481889358135,-9.792821889226877,17.49163581712203,17.49163581712203
18.904076690832127,7.426006328753438,4.282962583808462,15.305517737936167,15.124272742385646
11.02469078454866,19.940686448397784,13.282052346890069,18.834646339565396,18.834646339565396
9.498210255946724,18.69695922458787,8.652573113168991,14.824028540458743,14.824028540458743
15.915572991015097,5.700080503860619,16.318276264896767,24.325380477681946,24.325380477681946
15.730001130285345,9.741913738164545,13.715138471558205,23.651055760059382,23.651055760059382
14.58894622297403,11.009319727448627,12.68042658533168,22.030045321722746,22.030045321722746
16.953493876628045,13.586287192923699,14.704300875494063,22.755671446790586,22.755671446790586
11.083151813149009,17.84052984477686,16.804982553619105,18.52198848707998,18.52198848707998
17.071791673205965,19.5441494510452,17.398798467251723,23.88705500628638,23.88705500628638
7.532316093286653,-3.2017595425777223,19.933216373684665,27.2285558220693,27.2285558220693
7.035751207055725,-4.826363153063431,18.92389569774059,28.498755293262256,28.498755293262256
8.826180046139402,0.14084753840159436,18.2485094183021,23.26808317959098,23.26808317959098
11.498170462266035,15.716639793126461,17.52976028934107,18.964363792938936,18.964363792938936
8.791175488264766,7.848004560888189,18.1208889086004,22.93297099063177,22.93297099063177
15.06561774383188,3.18584564818293,18.951863975970767,25.268385822132917,25.268385822132917
