7.0,-10.0,0.0,0.0,0.0
-4.7266125832893735,10.262854615263493,10.161503772188503,25.521615911812223,25.521615911812223
-11.185699831850666,-6.857982539213019,-7.617678777224981,19.96549478603141,19.96549478603141
-16.75135887116312,2.6732472152259774,-17.829585752817614,35.00224793463171,35.00224793463171
-19.234892924078775,-16.34673612282649,-16.759860058683287,56.35047446872647,56.35047446872647
-18.305675042295178,-17.823195701709622,-10.37822400605556,Inf,30.266466298706966
-18.185906374398257,3.6422374224906484,-19.710536305000197,37.55858193874169,37.55858193874169
-17.06610340766595,9.523318929596158,-14.961726570121163,Inf,42.435091462316734
-19.05435840135202,1.5158713372315624,-19.10870151053554,Inf,37.879653516167956
-18.425184384510985,-5.3449533641053915,-11.262371539710854,Inf,28.21068606373086
-19.70667240056331,-11.716745772018218,-17.209607086795778,Inf,37.020428436657085
-18.84308463545109,-4.2028865958676676,-15.950824500024892,Inf,31.78188596585131
-17.965865406201047,-12.825155902674341,-19.69418667466168,Inf,36.21222645749121
-18.554005929649293,-4.2458411147136665,-16.870735849514684,Inf,32.295749824158406
-19.16172702664727,-0.11509054966094112,-11.627248021251111,Inf,31.298552616943606
-19.13527430423904,-1.3896942752404868,-8.919919357271748,Inf,29.701702536396496
-19.861234207922447,-15.823351138546675,-10.218566554210833,Inf,31.60381849232363
-18.502378524743772,-15.971439086875812,-9.48136557940284,Inf,30.05079431820232
-19.24712119849474,5.748738896170629,-8.889441285879318,Inf,34.74561647776994
-18.759494961691267,6.8321550664561315,-8.538949632188997,Inf,33.60634142915383
-18.924430829239878,3.083329343599573,-8.837814258746466,Inf,32.10308361634244
-16.87872393110898,-10.354474984590007,-14.433427311683786,Inf,29.50962444254235
-13.205165153871645,-5.5409725296906664,-17.420274045549924,34.59675695453956,32.00798665448521
-0.24354860928949051,-13.117858183451583,-10.170880458480163,13.836067462823156,13.217102829758176
-2.278781228229853,-12.754828009329291,-12.86628866294798,17.233005511895367,16.580643279365443
-7.350245853626536,-16.594649952893363,-19.29136954197226,26.274335630131816,26.274335630131816
-6.228800036432061,-18.622986118574865,-14.148526193897144,Inf,21.390364116595116
-16.66026729169177,-16.92042174994775,-16.729267199456544,Inf,34.42857918300804
-16.016068498847098,-17.253627144015702,-19.49661355756552,Inf,34.160572523903014
-15.357667136774662,-19.30892700212197,-17.786477791988577,Inf,32.30237842230413
-11.781765215774298,-18.53336417553182,-19.133382149280997,Inf,28.853087699281804
-3.2786079710408984,-17.663843432124963,-16.60255241069536,Inf,21.657717221579574
-16.05144118387325,-19.29341854123927,-17.593716896170683,Inf,33.022600404572806
-3.6900029521079603,-18.706090149895953,-12.780149685815543,Inf,18.999437370035885
-15.854903148639155,-17.2513518353636,-10.400593710835873,Inf,28.503573668605775
-12.547018451192908,-6.1534911674191495,-19.29973920854799,33.67339120440094,33.67339120440094
-6.450510910069385,-13.926094259214166,-17.763804292098186,23.676398702196735,23.676398702196735
-11.276145669982407,-15.819690332873346,-17.613248668041077,Inf,28.862449600731523
-14.102971887276636,-16.194410471149922,-17.454433623503895,Inf,29.423076368816822
-6.534125554375354,-16.33834070628349,-11.583767989854934,Inf,19.60208626411616
-8.08100599907192,-6.90609308048046,-14.8486685366312,Inf,21.587901905190407
-6.882091947801268,-15.047510786197433,-19.13093578345989,Inf,24.685744601422254
-8.0134797417871,-15.76747055838399,-18.02134135248967,Inf,24.859372070775482
-13.440566744552243,-9.267120802347364,-18.833944204878776,Inf,28.589566106121367
-9.831371392894619,-7.257513885557332,-11.252627700428475,Inf,20.62391884056995
-14.472565032439988,-14.13161071332346,-12.409509164911254,Inf,29.275209503809386
-15.05847676565816,-12.48188523705335,-12.260314418130882,Inf,28.222658247415524
-12.120998660581801,-13.637288538777463,-12.61827902609574,Inf,25.593507710802236
-16.443599623036,-14.052804447417389,-13.859158766051154,Inf,29.18588273107818
-15.853510057730444,-7.392983547003231,-12.016259282561474,Inf,26.40150199897723
-16.256462664656937,-5.944835425034887,-11.751492091045446,Inf,26.571165522014294
-8.466547819143617,-11.72618577474208,-14.159524135939483,Inf,22.23453680677357
-9.65094330624611,-13.709902438086337,-12.282666184467725,Inf,22.87677313139158
-6.735399782996874,-13.964509942601042,-11.990861281587009,Inf,19.299150432478633
-4.367376762873034,-7.835552589806065,-12.727733442636584,Inf,17.486660599494414
-6.19225484478803,-14.459642942186415,-18.879789706133437,Inf,23.95518492608371
-3.5236067778917572,-11.589850364243182,-12.270022929865663,Inf,16.94100601067893
-6.322481412489784,-15.859576706576481,-13.963293602317197,Inf,20.888663423237098
-5.888821959533432,-8.027996245121711,-15.462985589764404,Inf,20.62249132759177
-5.29751834923661,-10.139046857710463,-16.64046071447701,Inf,21.45834902011429
-2.841068305239183,-15.276510651576167,-15.579781867729636,Inf,19.593865605961152
-5.069231247807648,-7.019489558246841,-10.527680792143421,16.361254145951612,16.361254145951612
-5.924262604381525,-5.55489325555218,-16.00989112958681,Inf,21.68918849585698
-5.828902335429822,-7.739949599951608,-14.117992905254528,Inf,19.50607098480625
1.8004520992984467,-10.082784085136769,-11.965154320260245,13.166570015010713,13.166570015010713
5.872781469045705,-17.955393960577204,-11.50738397529481,14.406451532689893,14.406451532689893
3.7965742851942252,-18.167581955082923,-15.587680287984833,Inf,18.94351522585602
1.220360577265751,-18.3761002239763,-17.370137652390785,Inf,20.867356651514683
-1.8578561841286074,-17.675813388262107,-15.559513555046207,Inf,20.457151948697167
3.3952099209031488,-18.103405659050704,-17.829697661954818,Inf,21.056982528296185
-0.8448605728858922,-12.706806602645226,-18.471280847823586,Inf,20.66409331932087
-1.1441015366051417,-15.185874764704446,-16.39709173426094,Inf,19.839292422777486
3.5095283061608313,-16.406051936922683,-16.283190919483992,Inf,18.67613045531781
2.8594197765503964,-17.796085059575802,-12.586928680046894,15.777953865056801,15.777953865056801
6.9218871240132,-13.217683644873341,-11.994046671208203,13.174816028953037,12.44300201038924
6.155875815290955,-18.696470985312033,-14.817349671380153,Inf,17.617895668584588
4.803144125852803,-10.819622042687591,-12.608923985568907,12.86107340791786,12.86107340791786
5.750986272079981,-18.03858296752776,-10.622599705777818,13.66092940132759,13.66092940132759
6.874302756078894,-6.64794385748853,-10.857283011318746,11.606418772955106,11.606418772955106
-0.21018533191983835,-7.696061884681367,-14.442494691617487,Inf,16.652290314176014
2.5387219146338857,-9.24339938278182,-11.149135872397924,12.091922270331896,12.091922270331896
4.409280505091306,-7.893012522630736,-10.684884650135844,11.197376381721183,11.197376381721183
0.9708656637364932,-7.749739645224425,-10.17566165810499,12.394115713249814,12.141962707331686
6.807334536741479,-6.466908205861239,-10.663585271408111,11.484129282684403,11.484129282684403
5.254095727683925,-10.831432555137459,-8.011773899518833,8.24184341266231,8.24184341266231
-1.2610977372185488,-16.384810477994556,-8.264972457690618,13.371405275291089,13.371405275291089
0.2948176073788318,-17.76702327326464,-9.886514488777616,14.433453675919505,14.351102068448911
2.992101359185753,-18.20630066506025,-7.827621603514627,12.186043276141138,12.098392942961734
-4.3836759699567995,-16.567060302964258,-9.207739532827848,Inf,16.213258688589665
-13.201604722236064,-5.955188357423795,-8.033429799504237,Inf,22.213106579531008
-16.31456826527291,-14.802327936281499,-8.441492968968554,Inf,28.11570036418508
-12.127644456746944,-10.452603731551964,-9.214864717279765,Inf,22.07781756879335
4.401193465305742,-10.731991320374101,-9.025254741768487,9.420447433730903,9.420447433730903
-8.285012871411324,-8.671989697160818,-8.41780926268858,Inf,17.882115701045024
-4.370853653817219,-7.319085549017945,-9.89288764896866,15.383423086579697,15.383423086579697
-7.78640176710927,2.7119102769942316,-10.708216117402287,30.58102571470756,23.647352965441062
-15.731573504705922,10.031233662108193,-16.178626328906347,42.61182044335676,42.61182044335676
-15.958633035156247,-5.205029637846668,-11.224686078725696,Inf,26.172236792143135
6.446261044749608,1.3166503869718298,-18.94924505769219,Inf,22.729430487836183
-9.026347394756717,0.07632370859877113,-12.847671253171828,Inf,23.709488201572725
-6.365423053538493,-0.024441394509928216,-15.388150940670116,Inf,24.731581144524803
-14.172922205217917,-5.044296523149905,-19.98735846316583,Inf,29.813882841592502
-12.684570272809008,-0.7899846859141846,-19.597581792093315,Inf,30.637943147439824
-10.548539465154532,-1.3678081800305542,-15.031333142799399,Inf,25.186040110419523
-15.497031818508162,0.14210378525205414,-17.13429751845584,Inf,30.770829263053937
-14.064007906175915,-1.4113038076762834,-14.481404142177778,Inf,27.116515084646032
-4.599582989750326,-0.7295603180495718,-18.431309720238342,Inf,26.601474270244086
1.5739088591271688,-5.482133232206818,-14.972039593130964,Inf,16.8746441073952
-2.7388720285561092,-4.4530843280876375,-19.599510244348863,Inf,23.28342755358201
-2.9718439567452677,-4.401834259502548,-19.870818144632185,Inf,23.64435206491349
3.8167958851510875,-4.5080837786048455,-15.760690947970124,Inf,17.327024838209738
6.973671133490669,-4.326466098726183,-17.079689313196535,Inf,18.248517330226456
5.3704387272888,-0.9814517334295587,-15.404675673545345,Inf,17.967990551474813
-0.10712981691489887,-3.7041887492434533,-14.558277202616248,Inf,18.202975437830524
5.739426610982328,0.491902808093716,-15.205621061637125,Inf,18.552845794207645
6.382254897282394,-0.057523117065201745,-16.234088683130345,Inf,19.14040934894021
-4.0619331120159785,1.1129527851875665,-11.461810863550186,Inf,19.81350802818069
-7.870915715190456,-3.433031138800491,-11.30406432034273,Inf,20.23328850880513
-3.661427503206653,1.2832822186027038,-11.898924178209453,Inf,19.971015867552467
-12.525428118209074,6.0163170984569625,-15.992498097706687,Inf,34.5321962148645
5.66667532373333,3.3931179029757814,-16.038287451969637,Inf,21.02295148426368
-8.607934634099719,6.877145955211603,-17.073093556882863,Inf,32.42704528234279
-12.46500626474953,5.502879441588185,-16.48901782844982,Inf,32.195144705856514
-4.061064504253835,6.2863649120696685,-18.9917078327844,Inf,29.3377546224296
-15.178881274176792,6.179932625633011,-17.73139408701286,Inf,33.65727507440489
-5.094413371495712,5.412513780854582,-19.977010470930843,Inf,29.15575755940567
-2.703724133619332,4.295039327175665,-18.253362022902174,Inf,27.375175447493874
-0.3049037738640976,6.609285607062709,-18.90864882452722,Inf,27.285032290950493
5.56671747882362,2.782575289523372,-16.44497688852117,Inf,21.02120555050869
-2.60327403260802,8.958882960822343,-16.741458836099497,Inf,27.972317897258826
6.676889998767912,1.6005615623975977,-16.807657859012515,Inf,20.783147661773405
6.31246532405158,1.6694863461644616,-18.80184409103635,Inf,22.378845351584246
-3.258745362218896,7.827123105334053,-12.598663888161878,Inf,33.612754960243684
-14.82194221081536,7.608595490034979,-14.001396266192083,Inf,34.52258291287515
-7.904676984614181,6.264488986841712,-14.333748929025205,Inf,30.939370740486698
-10.710337001356924,3.817196849271369,-15.664882565902714,Inf,28.059543170648993
-8.242093748551467,5.609341676065629,-12.535252144107147,Inf,29.359008826965923
-9.535828074845192,4.872791259893763,-13.602964988595012,Inf,26.372466045336967
-3.42518207077606,1.5575237178056938,-11.396715707404708,Inf,19.772474246599707
-4.376737914100488,7.171726018384497,-11.606464755757875,Inf,24.700037786591974
-12.372929545487388,7.8436599887755065,-12.82387298531833,Inf,33.26825547151522
-14.259599215574159,9.853149962561211,-10.744591439247468,Inf,33.285864915818486
1.160523742954389,3.809498723803273,-15.190547977444124,Inf,22.420481591544462
1.8708029773718522,3.44442493854401,-12.16429591023302,Inf,19.523824965343287
0.025248190235480195,2.4153151192374445,-13.58086323290328,Inf,21.02082083928004
4.275296529231511,7.398277039085876,-15.07574876952555,Inf,23.68073615775594
-0.2368340753931264,9.286649189085566,-14.949643956566101,Inf,28.078203822187653
4.710993846711293,6.25563085111823,-11.607368190689833,Inf,21.04962965471385
3.570596568173521,6.482447863668305,-14.606987083012246,Inf,22.87415237082773
1.5229872576418124,6.266080033448063,-13.460464707986421,Inf,22.604379894790412
-7.479703915653522,-4.128120858589233,-10.095070212691386,22.60396265261251,18.75146402271557
-12.718735146461961,1.7696461681302011,-9.826662075276325,Inf,25.755370973436783
-13.338600903702744,-5.105605227052417,-9.975677309399051,Inf,23.607742216820828
-8.114233103122936,-3.6190297287075452,-8.263329419071734,Inf,18.546479632875624
-13.59398757039604,1.5244153292238778,-9.755668139734235,Inf,26.208712397726043
-10.29502090806492,8.828124769740793,-8.783122701954209,Inf,31.606710241195273
-6.348115040373061,7.976616405838392,-7.984082072365961,Inf,35.57799530127916
-6.425594617266492,0.522503464249013,-10.183761479235542,Inf,20.361705151695972
6.3421084229857705,-0.8547942036657119,-10.531032163799159,14.035045650152947,14.035045650152947
2.577371546402823,6.803706571548879,-9.501256374619391,Inf,20.39405409294715
-6.127147892978275,0.29176636195094474,-8.033188444587589,Inf,19.39416479413292
-3.104316303078541,0.19795781798673318,-8.748838352826525,Inf,17.056836341660333
-6.911570235997413,-0.8191600358005218,-8.331367741871523,Inf,19.49998231026459
-5.237999332096823,-3.245920200625136,-7.6896531703996285,16.498799179125612,16.498799179125612
0.8268536309778618,5.218264719661985,-9.462740372427465,Inf,19.583169206215768
5.820221355959472,-4.929235560563319,-7.631769019901045,9.23842129491349,9.23842129491349
3.4167133771399065,7.853277103884963,-8.25828121696956,Inf,20.469629042876882
-1.4193708658139848,8.73553374442249,-7.940940066135758,Inf,24.346610719548444
5.929369165435368,-15.813483066844896,5.059777307074089,7.781014210859328,7.781014210859328
0.41635442615419294,5.576198919872315,19.431608198609993,37.11254716620791,37.11254716620791
-14.686376512828119,-17.890520662567297,14.35624163962381,30.49108475525115,30.49108475525115
4.320987775764074,-7.87329718378329,13.778352038469912,15.901993303201415,15.341675740206366
-11.614953521228228,3.716257316237666,3.4131889842399055,37.891198710821456,37.891198710821456
-4.136599905172309,-9.942122365056774,0.6392530638592575,11.155081879939921,11.155081879939921
-10.558710107130569,-17.647220429805976,-4.321626380101682,22.345361612413654,20.431385831028944
-16.40266696075951,-8.953186797483035,0.4074943458305995,27.358230780140733,27.358230780140733
-10.702104996318438,-14.204224391024152,-1.7028886383487851,19.325577491274828,18.73315693244912
-18.45740091341056,-17.41431401505408,-5.528897277701148,Inf,28.54987325108052
-15.022442651743777,-13.117106224505442,-1.9235002396014877,Inf,22.868105357662728
-13.828453045867013,-18.281584487561922,-6.6894714283392975,Inf,24.474421866398913
-17.617088083295958,-18.32290532429056,-2.8500303286796296,Inf,27.45555029448472
-15.663745834624923,-10.244511007096921,-5.993256546654893,Inf,25.540093380945248
-11.441637686763606,-9.40020084449416,-6.312507498944351,Inf,20.40241297190955
-17.79874763422533,-12.717748542980294,-3.1156246574426376,Inf,25.91581212524358
-13.98032256415413,-16.925805198031014,0.24343193663801443,Inf,22.60363550825447
-18.915754787972865,-16.912623394522555,-0.6434535107113319,Inf,28.038893212156758
-18.61868497181146,-18.64772536430758,-1.5777440015516646,Inf,28.40481757996435
-13.373702029629602,-9.201981348717965,-1.0387087988318982,Inf,20.572481754340842
-17.959276531456005,2.308633996991176,0.013478264069952672,Inf,45.225356525310495
-19.827601681239216,2.2662421134771975,-0.2652472078998436,Inf,47.00607812351869
-14.698951616886076,-7.371849019230687,-1.2136387645790592,Inf,23.069448513934397
-15.97002744877253,-2.995522639486026,-4.171665473353903,Inf,26.347501090634363
-14.2769371552974,3.4943118698005122,-6.917817553713315,Inf,27.787184195585926
-18.44920929723619,-1.3755710114089403,-5.637783981898101,Inf,28.44921500885392
-17.709700419053107,-6.760772189434228,-5.108058031738798,Inf,26.956219340760807
-19.1845449480288,-0.5063354952240751,-4.6899669049389825,Inf,29.444641878799295
-11.957716573547392,0.5832292596368589,-5.035492614281152,Inf,23.781830234893903
-11.648677436364778,2.8079376287628754,-6.664040176959647,Inf,25.375615634775464
-11.861053197077744,-2.6541520548009316,-0.6774404557593812,Inf,20.822170312873048
-14.989824638245546,0.4160575183100157,-2.262988394191325,Inf,25.38627168341804
-19.3111761906141,0.029271958311003488,-1.3040582028793253,Inf,29.404170028228766
-12.208675949839973,-7.35129117008297,-2.7172861805562043,Inf,19.988144823633355
-12.775169532993962,-2.1291791618262046,-0.23840960773070918,Inf,21.917417198755125
-13.702349880205116,0.014660631345606134,-0.7000004618322819,Inf,23.972204276369894
-11.929883215901116,-0.21819767895001618,0.09776867189695793,Inf,22.097964606436115
-3.2668800014386257,-9.733965107973637,-0.6173983290268765,12.697455011795363,10.431611856866008
2.5351987646020646,-16.394338893963052,-1.0326462368153067,7.866916690347519,7.866916690347519
-8.196771546966692,-14.069333095393235,-2.281759529194236,Inf,16.6477798480504
-8.693742522856578,-18.333714900391538,-3.128312631256236,Inf,18.783198664907733
-6.337844300373838,-15.563277399618345,-6.062790957061166,Inf,16.6420423967137
1.8879046256493197,-18.122229745082883,-3.712589330785505,11.084814548175814,11.042470691418277
-5.873725999948283,-18.635037300797173,-5.293551897660542,Inf,17.074138597829332
-6.656180250463013,-16.47480127554955,-2.4252418553655986,15.936880271892594,15.936880271892594
2.8942471567410095,-12.996258020574523,-4.774373066889268,6.973478810294334,6.973478810294334
-1.9061879012181109,-11.021523859412499,-6.243028745452994,11.235650364369539,11.235650364369539
-7.468678378219389,-14.709045239642844,-4.887335311559937,Inf,17.572769184987372
-1.234231676871282,-9.929541984952408,-6.798962165787472,10.881588301579187,10.881588301579187
4.022072174499165,-14.684475229917826,-4.900746884110934,7.404706769057693,7.404706769057693
1.1379920436979702,-14.669128082455503,0.2569185248087891,7.498659977523506,7.498659977523506
-6.460733751793386,-11.206875008460973,-0.17309603480840252,13.922952621884665,13.553541979144665
0.819736628479923,-15.517488677432585,-0.5609662880397153,8.303795507071843,8.303795507071843
-1.938714287927425,-10.146356124658844,-0.07884499145836443,8.94026005041806,8.94026005041806
1.5712204801930767,-10.599349225349348,0.41295187964411184,5.477352994239422,5.477352994239422
2.944331203518942,-14.090910764604985,0.304202164658367,5.768582081213189,5.768582081213189
4.156796589629252,-16.281548451086245,0.34665309422997126,6.9037544092926035,6.9037544092926035
-3.9079678472773622,-5.509587932601816,-1.876585567844316,12.287357506883735,12.235671131292674
-7.888557367669566,-3.0748898693481763,-4.325186047214817,18.264183306732946,17.398127155223655
-9.506156677407818,-3.2252510451744243,-2.5182952887259376,Inf,18.149063252290922
-10.260559551598307,-5.345961160126977,-7.191469800561059,Inf,19.38304137686239
-8.28648545469079,-3.379090467655999,-6.240673699878361,Inf,18.18717063389642
-9.832423997068398,-4.915895379154609,-6.857338013284986,Inf,19.01569619443969
-8.241036024659376,-2.2032595710912695,-2.8707268103700834,Inf,17.498952676319803
-7.663664767869136,-8.082689325157837,-6.3694918052727,19.21859119140735,16.510405595959867
2.753333496038106,-9.082335439539273,-4.650539607005806,6.364259837383074,6.364259837383074
0.563729072117944,-7.632279035119094,-5.805924809898668,8.985568925940816,8.985568925940816
3.8326037739865555,0.046165288783896585,-6.200903487969516,12.769599928231095,12.385276079561555
0.799343908713837,-5.042249254281783,-6.46119680020278,10.511644374615814,10.511644374615814
-4.0306862549742295,-7.427640964005295,-6.182191074083603,12.917673394576727,12.917673394576727
-5.633342014824141,-7.6204650000046925,-5.015441434811301,15.232863828082763,14.271949217443193
3.098686497853045,-5.540095217962202,-5.230095471519691,7.903473688707298,7.903473688707298
-2.6521492773641597,-7.22869058825939,-5.075409222311018,11.264526157227001,11.264526157227001
4.254530228165628,-5.784907750825621,-0.8247383995829765,5.097528848849499,5.097528848849499
4.213656521662131,-9.115556105351938,-1.736283453992307,3.4000928244187194,3.4000928244187194
-0.7255691292005295,-6.1436010803857055,-0.3297065038258111,8.64088753403975,8.64088753403975
-19.439250011037608,-12.200276399774586,6.141283920771066,34.61362673048294,32.89751508202572
-19.766531395654745,-11.795766763918962,11.903011318714363,Inf,30.2480095849057
-19.49238287607235,-17.024709394067745,0.9034206880667561,Inf,27.931504986294037
-19.628454127647792,-9.027500578587606,8.427405239690124,Inf,30.092260239410148
-0.42546647476068244,1.8389003693021095,2.898096767627081,14.786921042075171,14.456593667225198
-4.290522773329624,-9.6129415935531,4.197235301331055,13.299257173567785,12.523900730680253
-14.158292702108914,-16.56371877461334,0.7173819184386403,24.159846492054395,22.57430042057107
-19.43917453924607,-1.3815062871228,1.0167010680494997,Inf,29.32953892060557
-17.46550477271135,-3.10542718886542,2.95927543079231,Inf,28.074122988772814
-14.917777157378849,-19.12202261048254,2.1215470591577557,Inf,24.44944211848753
-1.0499070073677252,-4.740609379957572,0.661000436621304,9.638418651348976,9.638418651348976
-5.5145536503754755,-6.429613946241508,2.1078965864502734,13.568342404042664,13.568342404042664
-1.6389507906266232,-9.120414428545462,1.2575073673053154,8.774193200471853,8.774193200471853
-6.172420396540446,-13.816167096245922,1.735759699992883,14.067815246769355,13.966269990647959
-4.0384887279048165,-17.45490509714311,1.890271966365063,13.599836111629036,13.599836111629036
-11.544204245475651,-18.31588970634997,1.9695464021507547,Inf,20.977562418557994
3.503690181445023,-18.08768403641766,1.4701390257753815,8.932867634492116,8.932867634492116
-1.3678582122657517,-18.63900414036566,0.8683156592470276,12.061304460837187,12.061304460837187
0.06311155907596344,-4.924111976847163,2.9738238610284,9.095531255613043,9.095531255613043
-5.634823041795691,-8.022863453783629,3.6219134439552114,13.545150052630817,13.545150052630817
-4.559266668346682,-8.694718361499234,2.129072124780116,11.851381380228595,11.851381380228595
-13.989705020627108,-4.84009044560981,3.959855187674499,Inf,22.38789604174945
0.5336923783313985,-11.65227012368585,2.142427568603786,7.009502600497973,7.009502600497973
2.934184155702848,-1.5060093637102838,2.114551344751785,9.651428018625364,9.651428018625364
-8.909071553358325,1.249514335756416,2.233740081543118,Inf,21.24518562145058
-14.053666263096742,-2.8687051669897734,3.0560432820261525,Inf,22.868637974787656
-0.4248711452766969,-3.3812239889910884,6.051576336995559,12.572770212909461,11.696171882166658
-2.376578320040874,-9.850852299354953,10.213134110614021,14.552626739946893,13.941173254202292
-7.766718000046362,-19.104260461079896,13.648064475672683,Inf,22.27860627642434
-18.13643691945189,-14.244144561456888,9.117906972969585,Inf,33.73976701031142
-18.71922144328865,-17.288982648486638,6.872219547034064,Inf,29.889745468021133
-5.904584314389183,-11.577989299966953,6.398887540204772,15.685042286542295,14.727946478809383
-7.908615258837823,-16.323161793146525,10.302085840432326,Inf,19.86370263056771
-12.377790007824538,-18.815778349017833,6.7885480269262,Inf,23.366566895796538
-14.708975986505743,-11.768877337713857,5.219291659834262,Inf,23.491229121648573
-16.38403564164853,-13.609593251212448,9.966262826995536,Inf,27.253581405205857
-16.441705209885058,-14.44773055097948,8.971800783721491,Inf,27.798228886552664
-13.37492232265614,-13.660357829281198,10.029346047268675,Inf,23.29079866842173
-1.7217633612933199,-17.90221740544905,5.902470016268282,13.974096348988953,13.974096348988953
-9.949195867987148,-12.762826550561996,8.447852963108762,Inf,19.41420097831663
-5.773726370028847,-17.894537143114285,7.207315715134655,Inf,17.64462044483438
-9.324441068765958,-11.630440737262164,7.927566366545669,Inf,18.474282065463864
-8.05693526115804,-13.365137674169265,7.608139757096062,Inf,17.775700542628716
-2.398240754832905,-12.321679503649383,7.173458266751702,12.508901324475314,12.471137960905038
-4.392156528269187,-16.06522962273708,7.241289993699915,15.35196794535426,15.35196794535426
-0.5399364726508367,-11.849593641917089,6.450345433245531,10.421979100297824,10.421979100297824
-2.8876733667007315,-15.973079168197106,10.631111463295582,15.743212003546137,15.743212003546137
-13.812890396566706,-16.01650644447563,12.96165994568068,Inf,27.26997482290811
-7.709173809152112,-16.77118097915022,12.241756185398486,Inf,20.888890718549966
-3.574227787455861,-16.490599168024566,10.880025487123099,Inf,16.57078049971742
-7.1814188599939754,-19.992547917903618,11.44693879983036,Inf,21.6301147627112
-11.122926189521198,-18.149149995715142,12.542263092608778,Inf,24.169354187835587
-9.253000431875158,-15.52442604457334,12.155958666820645,Inf,21.568185284705944
-2.6143491081113623,-12.634814712345603,12.423397601505187,16.071853615205644,16.071853615205644
-11.490238353799453,-10.178689136452386,13.619268092918801,Inf,23.87803777503324
-6.212883070398769,-10.68938862468765,6.916875121246253,16.178767329143277,15.330486346393366
-10.56768481655677,-10.942849792990534,10.184881364075284,Inf,20.851296527346246
-15.12081139924784,-10.791780117517087,7.374923849174806,Inf,24.02900090476984
-7.943047331685609,-10.356117469826929,9.329086924230836,Inf,17.93204119461762
-7.2398895918825446,-10.191825022562817,9.587683897221844,Inf,17.41154363446959
-1.3827110945299204,-17.71094178835673,14.129446566161846,Inf,18.54097008540031
-8.588174493420269,-12.891890237012866,14.018734688456874,Inf,21.75542657767707
-12.982914108258985,-3.977840919156918,6.242270606989315,Inf,22.33280737916214
-17.402147504714243,-4.434645361718967,4.366939966762857,Inf,28.330173605730216
-18.18124521311649,-6.212759134949275,5.004481938143712,Inf,28.24202411900422
-2.464542144018573,-4.592499954134208,5.165303511859882,12.066124971411174,12.066124971411174
-6.289380746461628,-4.69035484722899,5.819226629503255,15.947694416703833,15.947694416703833
-16.77469331338675,-0.0816189035924424,5.54161910089034,Inf,27.358958680272444
-10.701461708896245,0.6639164668434638,5.626027097802499,Inf,21.848201628830708
-6.12109889896816,-3.1066062980814806,10.930135793923359,Inf,18.537536516217344
-6.460329589004186,-0.6534557062387307,13.6107689411715,Inf,22.455565567441873
-15.665194329551015,-2.217175492638937,12.254065011590711,Inf,29.75406718660426
-7.163813610498835,-2.4860255035742824,7.265530882132012,Inf,17.627720240160734
-10.525546232529637,-9.5416851406811,10.511949546983665,Inf,20.739579186366072
-9.907116496200263,-9.762613402549798,11.74725840940986,Inf,20.747335640604913
-7.212186942929852,-6.57264561758752,9.824100258637579,Inf,17.676134469438622
-8.38067433810405,-3.2830521223033955,6.656525084111209,Inf,18.306238395038086
-8.160416950506644,-7.442928931077022,8.596554741592712,Inf,17.814421154908615
-17.433027542350672,-2.9603849864386866,10.774230863147103,Inf,28.402612402736047
-8.831398199942901,-2.7430913934051944,9.994634172475145,Inf,20.26853941417842
-7.153148504925353,-1.2564763154548153,10.184288794207585,Inf,19.701719027526657
-9.028342835552792,-2.102153608580622,13.15900560241257,Inf,23.117892986830796
-18.203141261307792,-6.010915331251061,13.200222529717664,Inf,29.607420665711494
-15.788326132446961,-4.382151355519959,12.81090486579798,Inf,27.017945336260787
-6.512598227652573,-6.644334200119895,12.343588074100197,Inf,18.64783216908108
-6.1648871840530095,-4.915532159192235,13.890986592533594,Inf,20.99391435890449
-8.110386205264328,1.7858312137064658,9.703461691092183,Inf,21.651163988867996
-17.093315607826682,-0.43808999360207324,9.069415296615961,Inf,27.930157348092955
-4.824916443690155,-0.8842587480569186,9.861230615040366,Inf,18.45766795944312
-5.112852215266797,-1.7192997279452094,12.000849866158063,Inf,19.430365742281282
-4.521906806344607,-9.4251848234663,8.27915892087054,15.32148283780544,14.333128323086694
-5.757637380461693,-5.61822912769899,7.46211663043524,15.770254240035994,15.769611758533165
-6.049194729517033,-7.926435899293374,7.559628213167322,15.428372939200273,15.428372939200273
-3.6399251492775093,-3.042692105414666,6.9922308326767,14.874788663431634,14.73466258826261
2.68186254185337,-13.345234359920468,11.89145495199159,13.801316332725472,13.801316332725472
2.992572724971776,-14.844548577844945,5.478109804114155,8.338993423289843,8.338993423289843
2.5106866816378037,-13.390850488846331,11.184585412574705,13.125610433127463,13.125610433127463
1.0272849562692272,-14.024725011402221,11.507564694773844,13.8413557032019,13.8413557032019
1.8270764484766815,-18.494195977588674,10.334841971704325,14.524957783087368,14.524957783087368
4.023080256771159,-17.308395211452037,5.94715743244074,9.881466148838232,9.881466148838232
2.9640941501175,-12.109330594000784,4.874341114436078,6.670608134479601,6.670608134479601
3.367277519761487,0.7079019896692103,5.4653567739418385,15.102638153918381,12.620757082704888
0.7733234157511149,-8.829661737679855,5.05334431904533,8.104164468957402,8.104164468957402
1.6444831483834221,-13.179528350841858,8.660022435377535,10.820075509742399,10.762334393142732
0.588536652504537,-12.197002316916867,6.770848874499549,9.580087469231565,9.580087469231565
1.6972323622757273,-9.196758788850516,5.736569827084345,7.853201541027663,7.853201541027663
-0.05788825954172694,-7.75126099010488,6.0362111899310555,9.555441347643233,9.555441347643233
0.8084671995079873,-7.748216224257716,5.529549427776594,8.601251389564725,8.601251389564725
4.036711320916531,-12.075585003240077,11.324854644320173,13.209780189044803,13.209780189044803
4.178308183848316,-1.9759700654549732,5.465979354778952,10.241790458701583,10.241790458701583
-12.58222201585908,1.9155710907483154,11.432978362310394,Inf,29.961473569819425
-7.286689234665129,3.29086092754304,1.5823570561265043,Inf,21.922447526654828
-7.632652720080388,2.0817396688879413,6.4640911817184055,Inf,20.60671575210646
3.890364811475642,2.8572182994121853,5.988555794035673,14.893842679137006,14.893842679137006
-15.975782694511684,2.400194926641859,12.946293192426921,Inf,29.5533611650943
-13.865021936182211,4.771794975391099,14.319799911690197,41.36362636850178,41.36362636850178
-1.8299607247164857,4.242254589343474,10.49150173168961,Inf,21.506114484291
-17.83895906802762,4.103879197433955,-3.49008885976545,Inf,33.720353898042426
-17.32892997436131,3.943477389086496,-5.1816342540343285,Inf,30.5275359611393
-17.566322564112305,3.771076738044428,5.367029058572701,Inf,31.40754673848061
-4.986132132343641,3.9010360554588956,6.034155313982126,Inf,20.693437615703356
-12.242876431276635,3.7166071121738042,8.929635712147732,Inf,25.81544125327732
-15.245202349321838,5.28990653300653,10.746058147696917,Inf,34.31457169811081
-8.618275872980883,4.801380464991098,9.445830432444158,Inf,24.483826149775883
-11.730282933890228,4.26351792368969,8.50052663885954,Inf,26.089406237331865
-14.019598789788832,4.202232268181216,-5.268672280042939,Inf,27.11917445243259
-10.402597834300567,5.327092121380019,8.005554124640426,Inf,26.1178418334697
-7.511681264533605,4.827689500645285,8.397720524381533,Inf,23.75785138495501
-8.569179123445352,4.802718508223567,5.836058172414795,Inf,23.6073253800976
-1.2035979301647792,4.894022201442844,3.352492219112648,Inf,17.372447526015357
4.060666320953352,5.41211998522801,-5.946095345226885,Inf,17.312859763358325
5.5422160091368085,-9.58426240644604,-5.2351230933857895,5.450182172516094,5.450182172516094
4.667854441337049,-18.974529122165542,5.75076957425938,11.253923924094751,10.916629975653239
4.37782321091963,-17.676974419705083,2.4153677540366125,8.464381178871726,8.464381178871726
5.223610131643959,-18.43773153129569,-5.14667418245069,10.115445983786863,10.115445983786863
4.745995310444123,4.386724613895041,-5.16851457454484,19.791009561167915,16.139535471015453
4.670612254973953,-8.969118640520097,-5.463032408510422,6.027726498476507,6.027726498476507
5.718972970716436,3.4298467438740587,-5.9810834844372085,15.239069608076722,15.239069608076722
4.710076505722149,-0.44333930373845476,0.5092474666735995,9.840368197147368,9.840368197147368
4.351402801018189,3.454718228682623,5.14054596772894,15.287644663120664,15.287644663120664
5.842276019979096,-8.933195028903231,-4.763671817358333,5.017067554235866,5.017067554235866
5.201121759939742,-8.977763891298887,1.1135093085689434,2.34964519976195,2.34964519976195
5.373466404492547,5.479424039024536,-4.165218699843827,Inf,17.20387100676964
5.545486984965578,-3.5513513963011007,-4.768966899696041,8.15130187241822,8.15130187241822
4.796573120170571,-4.572827736796317,0.22000600375538681,5.861543434192965,5.861543434192965
4.953247835700889,5.091577867578245,1.3045081181327163,15.437410263526651,15.437410263526651
4.841175490640836,1.684781939499942,0.1961131025336904,11.995394902266021,11.995394902266021
4.7176326117883605,-14.899680046810184,17.56558417275685,21.963259746118894,19.7050535544246
-5.904493151327097,-12.946729725765964,16.5158974910928,40.797716484317235,21.33216673772788
0.436622341886725,-15.926670705801458,18.405085610815526,Inf,21.02063662371932
-18.816326166434933,-13.668961796117971,17.366107346084746,Inf,37.119609098960964
-18.964395110270384,-17.732221002677733,18.322018130978492,Inf,34.89985798945969
0.7192520899038186,-18.557808256737715,16.69798573248169,Inf,20.53556835484974
-2.899945989959445,-13.633230745808147,16.60027152005793,Inf,19.980055727154756
-15.221345296859736,-17.68787522068724,15.836073815754503,Inf,29.266967348724855
-16.034320176006666,-17.318547655534573,14.431634986861788,Inf,29.08834073015671
3.5907390204390595,-14.09132325205765,15.865245768541733,Inf,17.945434880980947
-1.3378272581264206,-13.813244133572775,17.641792160963604,Inf,20.305219602349197
3.3919047150789865,-17.397614692073287,17.252275244723037,Inf,20.45006020781219
2.1520594959201205,-9.601568863173018,16.358406605862314,20.784884237583995,18.303249108646348
-0.5496930021106223,-4.269297069015936,15.400119042642622,Inf,21.96422936528377
-8.39880534758997,-9.590329287599753,15.639666665907626,Inf,22.66325841600383
-11.761544808443078,-7.5667893614202075,15.37379221222919,Inf,25.114520164007725
-7.5014129023125165,0.6110337015253009,15.351048506893179,Inf,24.158949777760775
-18.49447669711885,-9.195713568458892,15.188185471255863,Inf,29.985698994031218
-5.2448669621858635,-6.235092365160666,15.110008462950653,Inf,20.964136117068847
-5.397767864507612,-1.8666434604818676,14.398386155949787,Inf,21.529426181292028
-0.6349634262636101,-1.2937806088998016,15.981023106668097,Inf,24.428613413815206
-13.229099387144299,2.161919127607355,16.26388795916658,Inf,30.216058748492863
-9.32221888287045,-6.412345779274018,15.739049030283105,Inf,23.701701084332704
-16.152090094552236,1.915494254969552,15.953127248724414,Inf,31.760600036128473
2.3497197851498264,-8.533129565543929,14.671545966606978,Inf,16.836516196369207
3.7053414566354625,-10.45492746235606,15.557707557398722,Inf,16.75858828751603
1.86565140812327,1.7981500075950052,16.04065609699088,Inf,24.89406330233345
-5.210754514360296,-4.688389012012024,18.083577641990793,Inf,24.382553661048647
-12.62027477945618,3.152210492116847,16.850172335607276,Inf,40.80471176335556
-14.570707311195568,-7.074188685115281,17.341403356870387,Inf,29.542156957572708
-17.1438437609621,-4.885964986586986,16.414752935031487,Inf,30.64366962972269
-9.280924915560718,-1.4368249436620744,18.007452974180566,Inf,29.592616131925716
-11.733142606195228,0.9225673774700205,18.190810043862882,Inf,30.966467105243517
-17.759778870442293,-11.056976684988395,18.58764956241692,Inf,32.180530250562484
-16.172678229443626,0.22391450163880222,17.927235624285217,Inf,32.01666473439623
-11.887452265842482,-10.074653244982299,17.70685436813207,Inf,26.747189366957265
-8.80521787174299,-4.046719401404992,18.969443947205804,Inf,27.29670420162123
-8.13613301819748,4.49683182434347,18.80347681788529,Inf,32.68559072918186
-14.504231481865535,5.35813309221199,18.363034719869162,Inf,33.139288392220045
0.5663035627010338,4.167710039373471,17.140939618579367,Inf,28.57454172354923
-0.13202005201790712,-0.7549022641074998,17.676666223694156,Inf,25.159297361806935
-4.894414844440691,-6.006116816599363,18.973139890606774,Inf,24.127461900725685
-1.7583200614721939,-7.540686800207066,19.746989995086253,Inf,23.692480156023713
4.943943135528343,-10.821606557268684,17.309954712616104,21.32366274001495,17.843185822727214
4.894967082218216,-18.839651783053604,15.530826940920413,Inf,19.625780109924676
5.112197811117333,-4.813969089601482,19.05068358374215,Inf,20.719954303546416
-10.452950058260955,9.58426081217537,-7.086357669944032,38.79427965458262,38.79427965458262
-19.26960746087986,7.681023789580024,16.842924353451153,47.99983868696251,47.99983868696251
-3.147796432160792,7.896976668467055,11.3027746009639,28.586340696000175,28.586340696000175
3.0,6.0,0.0,16.52619769099756,16.52619769099756
-17.800567223970766,5.948571638587126,-1.9005675469585448,Inf,45.97669754943837
-7.433176610626928,5.913537959577901,-0.05465008104214064,Inf,23.414167809888006
-12.113701674019293,5.95137603786787,-0.8136274148075628,Inf,28.155981089887803
-13.526902258019993,6.554782112388686,-5.208937917517025,Inf,29.958550275398963
-16.122955588686033,6.559377204853718,-1.7407504632066377,Inf,30.277055621892625
-11.38213608718086,7.373270276663398,-2.3121281051639464,Inf,28.19133291216381
-8.296015995457413,6.54990107499323,-1.3908434446679223,Inf,25.12731185627562
-13.591961916598194,6.76861579017131,1.8635279652363224,Inf,40.27115234597906
-18.99836764844819,6.612541328262502,10.8627645629538,Inf,37.93352462131571
-14.892037933777074,5.718764930613112,17.207983005904197,Inf,33.33274192702635
-14.356208375737678,7.65573595829882,17.150603384857476,Inf,35.744791021592064
-18.972818217903964,7.688470903883591,8.515190771921066,Inf,34.100950114358405
-8.737076346020443,7.526883608567381,18.09643050653426,Inf,34.8238962355337
4.274074050742556,5.67942894403334,19.58486244599706,Inf,40.7133385443448
-6.54355713990503,5.5816322546451325,2.8558132079319876,Inf,21.959149653316604
-10.41325453561691,7.330633644835906,5.847913031666565,Inf,27.15397642159878
-8.36885982689977,6.1819838288217,2.0328235543989592,Inf,23.551018861633594
-4.915499575794087,7.27178619076242,7.942500869888221,Inf,23.12392649482038
-2.5444967467093633,6.4318466820638704,19.524310373311522,Inf,30.827944090939503
-2.738041055892168,6.122062161999704,6.6862006294457,Inf,20.62451122533548
5.8944651900221885,5.6913666375733385,8.95638457089472,Inf,18.644170160713784
-3.682772070397398,7.48428122604566,6.946390894730278,Inf,22.129210567643923
2.221434605146513,7.868164813903647,17.559103717155004,Inf,32.067264434527175
-0.41582445626699993,9.903860282614687,10.588153846915667,Inf,24.346605846439537
-6.826078668440951,9.529898560271466,3.1414365139379967,Inf,32.88546862161108
-14.908932339612377,8.877369840479847,0.5999364780754419,Inf,32.64252755512298
-18.09709059112052,8.350374404638814,-6.1911201900902935,Inf,34.008358093958165
-8.321269252080885,8.518613171400695,2.891136126435619,Inf,26.29941314536582
-18.31014980868452,10.153556034607707,8.045569110205726,Inf,35.823436497751885
-16.175741128049683,10.076090287663682,-4.2430402415523805,Inf,33.4597642431585
1.2875380322969932,10.06496001568264,8.055571529298923,Inf,22.831021141330027
-6.399203656977752,9.881470487624036,2.354044184930313,Inf,25.24304892404646
3.765242870699595,8.180379536322828,-7.042253659152395,Inf,20.48413445567851
2.181171060630504,8.999493360460377,-2.968009921583075,Inf,20.397317375804413
-5.870314222243511,8.28856413636803,-4.977865374030213,Inf,26.401829241318858
-4.164057758157362,9.031484838842179,-6.4143550630538115,Inf,26.254883080507874
-1.7122051036454948,9.418832782830364,-3.9841352951231883,Inf,23.58074435152966
-1.4568055084119536,8.051103299815622,2.7241569022577323,Inf,20.601391689328132
-13.750716247815511,10.095414531714091,10.827547348250775,Inf,34.57181464857524
-18.280209220659735,9.817627218616074,18.548304102000486,Inf,43.27618447885002
-15.851292957087004,9.761935639494432,13.217026684441407,Inf,34.030844791704936
-10.627111179264768,9.036829852594124,17.434333860670222,Inf,33.38413857600065
-3.694576080602026,8.33731558025687,16.12036729018631,Inf,28.712392470903445
-11.606473659007133,9.252568798581358,12.322733154094301,Inf,30.30190850263665
-7.227638087097885,9.64731657455065,16.184074013228916,Inf,31.0326560998431
4.66217928600048,9.619606913287555,17.09953624523098,Inf,27.768890397753346
6.279572010611226,-0.17069874084852898,-4.433154390443983,11.766589816123798,11.626997952783398
6.1238828439112964,-13.948319986429123,-3.1210861454743437,5.1086192570889954,5.1086192570889954
6.3360669657266655,-7.578864351616499,-3.488906810212555,4.29827589065899,4.29827589065899
6.583946415349118,-11.35733297522088,-4.940971200273534,5.140880254669944,5.140880254669944
6.270896587175514,-11.150996999431175,19.43811095762304,Inf,19.709284164409212
6.304127490190659,-14.58977514664654,-0.90867468863987,4.730323893398568,4.730323893398568
6.669309131594776,-11.78720137759397,1.0716664195919918,2.10995595437476,2.10995595437476
6.632656989776471,-7.414919868228109,1.0316921549701235,2.8074844393992207,2.8074844393992207
6.474952751956895,-10.250947307734792,1.7092051475246883,1.8055557040041357,1.8055557040041357
6.127617610467475,3.8898744716775298,5.2222362244997385,15.781791177358755,15.781791177358755
6.049139439817026,7.5832229936318,2.5101350109727605,Inf,18.22024545280953
6.813204892247818,4.615168813227875,7.923392642124824,Inf,17.146613660624794
-7.788215629132438,12.990052606919711,8.548040082437105,29.92778059032294,29.92778059032294
-16.11266596325993,19.75553902446884,5.292238055809122,41.13797803140273,41.13797803140273
-17.852299436861916,18.384328053117265,-10.261207010341833,Inf,52.98782122729519
-19.439878432515005,12.431001593988142,1.4157219132595067,Inf,43.48432824159008
-18.599220222032713,14.047079800977976,-4.10685375076369,Inf,46.946527847313945
-19.86404995913352,10.356193617017215,-6.01978875959607,Inf,44.355090446683406
-16.54486997747916,14.745226173838724,-18.267921213475297,Inf,43.01394397762444
-17.943832115396454,10.817000280487939,-15.926984032084848,Inf,39.34965992052944
-17.374026319907134,10.77523540503094,-3.3296422728906094,Inf,34.74914114046531
-17.45032331862035,14.778778255853851,-2.5267268305561075,Inf,37.767892697316235
-18.293588077117136,15.454029243652194,-14.563184408136447,Inf,42.920626443479335
-17.502128113004876,15.10426013812841,-18.22370824675623,Inf,42.89218009049958
-18.2159528105778,11.130862409921207,7.7290115482425925,Inf,39.595358337212055
-17.5733779908482,16.437399416358183,3.2178411689211757,Inf,37.60575883672628
-16.63220002501803,18.72096570922487,-12.419733483641906,Inf,44.80768178331589
-17.515339972655603,19.634517842662348,-8.251704120189638,Inf,44.44595085146619
6.434648551772639,13.3402264308505,-12.378205260906165,30.894024203133483,30.894024203133483
-10.124548507101752,11.796260080063192,8.2113867597025,31.46232301782655,31.46232301782655
-9.037307615763606,12.338393911656908,-16.690051828955443,49.710957028256004,49.710957028256004
-15.072032355950498,10.538625926508303,5.310726227305082,Inf,37.33370033690723
-15.261680170261602,10.282457084306749,-14.1173745798939,Inf,36.90927297209474
-11.211174299256736,10.376381161903101,6.789161555845766,Inf,29.721075719439757
-13.14014351906656,12.82545924028529,-3.50620762163598,Inf,44.32092875820579
-10.716112455444406,11.369469580962217,-6.2532579819776934,Inf,33.46046007812325
-14.397866230496899,11.4901039620392,-13.400451285037311,Inf,37.47888069399171
-14.120348307980697,11.833498984995163,5.817102469488262,Inf,36.120691836105266
-15.958902523679193,10.992634842825293,2.333641183220063,Inf,34.34708522080571
-12.664501022077435,13.112961033000673,3.334723017535623,Inf,31.675950658900938
-10.40067030115531,13.069653682110584,1.958245998247115,Inf,30.37460849114239
-9.745723508530073,10.54627604583903,5.566783219945144,Inf,28.459220101536992
-12.889468989545207,12.567607335479416,8.089955197174355,Inf,32.772339278776656
3.7587850905153815,11.36507744158406,0.006306183871149784,Inf,21.737864643164677
3.335089952785033,11.062955760268068,-13.149388799798336,Inf,29.433174441847576
5.212380433775579,10.930548456543008,-15.917066498563939,Inf,27.43078724166593
-2.517148935307148,11.273556171549714,-16.070593648123996,Inf,30.501771851513936
-5.1967739310885275,10.542145797370548,-0.3734985779642557,Inf,25.904773942736664
-5.2248384993971,11.040119468323944,-1.215348462192722,Inf,26.021728179306216
5.947651916073742,10.83784169987652,0.670098037243001,Inf,21.22726658548363
-4.391560991024495,10.677610091324823,-7.032157723744614,Inf,28.333968137953484
5.733303099252531,10.397611814893235,-2.1604290963182677,Inf,21.065267406472636
-4.090596875637367,10.971778694027272,-6.292816970430453,Inf,27.834628551947702
-2.102423480163438,11.03720972721586,-8.466210110679002,Inf,26.67821917406944
6.482049667739467,11.32378914284321,-6.674538765671514,Inf,23.200067841392325
0.18012041239273913,12.216473300796636,-19.970965924022018,Inf,31.67752511545432
-4.88545843848514,12.055655138868474,6.271603379093904,Inf,26.864091147391512
-8.646967900876481,11.859356098695262,-6.573517922570566,Inf,32.66070990110753
-6.161270324192438,11.552388958696973,6.99353848215403,Inf,26.43719139058309
-5.2653981994857535,12.782425980101067,-12.253121120999229,Inf,30.4173654506265
-3.843003175445663,12.696594256280378,-5.814579351769149,Inf,29.77645968500152
2.937355883345134,12.282389157455242,4.768987839237802,Inf,23.66991942587464
1.1790761568780113,11.555748813577928,-9.28021338513438,Inf,25.114554691270968
6.698783311159751,11.711924931405147,-10.968040800983472,Inf,24.956198334437826
1.7927730027675537,12.207068978105923,-3.427797107891486,Inf,23.718895052535927
-1.3847395727797007,11.47417872727469,5.690429348248447,Inf,24.35794838271335
-1.6820933942371568,12.82362267507488,-7.882469541114077,Inf,26.886741227765548
4.789829209584042,13.21120059400662,3.7606541483369966,Inf,23.921962826189123
-12.143415479974164,10.365352085111432,8.305341946657137,Inf,31.12101367323251
-6.569920908971847,17.94683339711503,-1.6091889571410434,41.29541972910941,41.29541972910941
-15.884421587172257,13.391053395140332,-14.122324799433672,46.37619770333867,46.37619770333867
-14.130242723293458,19.1217350980018,-7.10985888856527,Inf,48.48479618121168
-2.946677165646186,16.204374673044256,-9.94137436156767,Inf,50.54687211467456
-9.4632488736434,17.053476632292757,-17.03118396725732,Inf,52.06330945511582
-10.983413375421138,17.927086464345052,-13.330108433819614,Inf,49.77978778587743
-13.672868064149624,14.919642874548018,-10.041699082956992,Inf,39.435275566461684
-11.26948260375606,14.336053151530464,-13.205141150707327,Inf,40.20988457773975
-12.989097599498836,15.25054884598886,-13.927564043945884,Inf,40.16220569146849
-10.984481933184531,16.552452149972147,-17.538067234091443,Inf,39.06905149976509
-14.704325289321343,18.364687399833215,-16.64068218508404,Inf,45.3945645172883
-8.405423020468437,19.055353276590196,-13.6257578813483,Inf,55.77121188171475
-7.024929494505772,14.538818165161906,-14.025105844948422,Inf,44.52307987082337
-6.260234129464957,18.858349285103372,-18.060632750270862,Inf,50.48366587398103
-8.352251365812213,15.968253742915486,-17.538055949619327,Inf,43.555503699211805
6.480330993704662,15.636461017699439,-19.021833470735842,Inf,35.01299319119427
2.573777300263849,13.9610025380966,-17.986486174940577,Inf,34.55727445493048
-1.8084615649108997,15.615643421815513,-15.316891854280552,Inf,36.63603197549269
4.064117543470598,13.48617491817027,-14.443280281717472,Inf,31.059598349614742
6.846778833944967,17.600620459147194,-19.372570974198318,Inf,35.11854568164892
1.7569397197258425,18.909826384582196,-19.887066966399125,Inf,36.98954503208083
-2.1781984235468954,17.50496547506141,-19.124793060095698,Inf,37.49847388972405
-5.824017838893951,15.648823533919575,-16.893319958317434,Inf,36.04751120882355
-1.6797125138560887,15.392543991018798,-12.683394874364922,Inf,36.07476524268934
-6.119346815887514,18.528776970924753,-13.275657290850393,Inf,39.17986021389759
-5.726774134406325,14.165642061727688,-10.484254647993394,Inf,32.052042657446066
-6.562739624871048,16.729142344570825,-11.306625050019976,Inf,34.44741952281062
6.783795084748824,17.60621450240344,-11.550211398552976,Inf,31.897033637633307
-1.6033090621496697,17.3089987622673,-3.3582383798915245,Inf,43.20728868806936
-3.8464099868005697,13.801436131415457,-4.579656687225908,Inf,42.198885765447315
-4.408462523594681,14.541947860547367,-4.099846396891875,Inf,31.622321740940357
-5.2716896804152835,15.004128095724468,-5.804289360945605,Inf,32.33072451865997
-14.935333397107184,17.198708482325372,-4.643013480142981,Inf,39.3850962491941
-15.348162682991378,15.355239307198339,-8.216381326782338,Inf,39.43535101368492
-7.2615389146049925,15.656942354221648,-9.555986121150397,Inf,33.36428477934816
-11.754768806155731,15.081436456195206,-5.121630351530664,Inf,34.6374853141465
-8.792818197452918,18.254411466226095,-4.732398535452909,Inf,34.80501511385145
-2.708228702505828,13.914375994254378,-6.399667821122055,Inf,30.223987596181765
-4.821450715292315,14.181682417752633,-4.274188543889421,Inf,29.633597340524126
-7.785092084161667,18.67497389354655,-3.985819636289783,Inf,35.17252162660785
-13.674290242107716,16.892564024142864,-3.151603937214418,Inf,37.546902222157236
-9.360028268022145,16.669998059076285,-1.8734537580609434,Inf,33.038025632350994
1.480834030663594,16.740446136685776,-9.476030621116394,Inf,37.56668409236359
6.456495463802554,16.17847014517711,-4.104363666415969,Inf,34.395835495670845
6.867593106509709,18.69528466174421,-3.8084873642260035,Inf,30.773559433405097
4.7700662729812215,18.897294026382845,-2.280072745520094,Inf,29.880948547390503
6.814108063775535,19.880561932377276,-9.87953499715954,Inf,37.90568100311397
6.584724193765101,19.589823604321346,-13.240665974751415,Inf,34.37594007648795
-14.216680936716495,19.31115117614376,-1.8804630841038161,Inf,44.3950297388896
-15.646971166810566,19.750539568670703,-6.047535948781855,Inf,43.18661159479549
-8.29561662769608,17.69003931911243,7.824754204930208,34.086734768790265,34.086734768790265
-12.05604110035245,18.006866275132253,7.82266903113797,36.554160959455196,36.554160959455196
-12.895932609376901,15.131799456209187,1.6987559634129283,38.736216618349474,38.736216618349474
-10.74761559220284,15.432144904352768,1.5258216518539385,Inf,33.54227037471264
-15.357750404062909,13.69366002830646,8.37439477631601,Inf,37.03126369549871
-15.091160553974374,19.61377585194215,-0.14978041667958308,Inf,44.05826743445172
-9.822849489685064,18.83949977544883,-0.8472139078625247,Inf,35.41640179106822
-5.213168881994381,17.581198989923898,3.6041257910203583,Inf,35.3600155482288
6.178391036291373,16.898855675899554,-0.867391988655779,Inf,28.047173781672853
-4.808085654105874,15.998859117948982,-1.4855213466834627,Inf,31.487192189141332
0.7837595729095526,16.814304795912378,-1.447992673012351,Inf,28.321177712479432
6.549829903048476,13.641297627603748,3.801380605521132,Inf,24.486230876790216
2.63073239140774,16.099773681441732,1.5907477225040552,Inf,27.06329425599243
-6.842400439153042,14.157637322717001,5.061808656202629,Inf,29.98042783759851
-2.758012454365499,14.65434071636583,2.1597798439413722,Inf,27.327475644292136
0.22795700815980524,14.442743525950029,6.353672815540996,Inf,27.800775581835396
3.2307234284847475,17.84066346795388,8.041851232771926,Inf,37.47852368621156
-8.811460132651856,19.592108682343337,12.231758389023199,37.556932201039444,37.556932201039444
-18.87933222636108,11.171051036274147,18.167013708031455,45.05335008459314,45.05335008459314
-16.331048127282692,11.11971556336588,16.833892049065582,Inf,40.37207158284949
-15.872815371138893,11.161677643052705,19.020151761783133,Inf,38.46902452919895
-10.558322998987704,13.135200587080682,18.963715779722193,36.466627065245035,36.466627065245035
-13.109353943990305,18.498897499825702,9.32900919398703,Inf,37.62659853680927
-15.169866627118012,15.34839539745655,18.66728915804343,Inf,40.48627320092911
-16.438028624082506,13.145592959906615,15.254646498412725,Inf,40.4415653802019
-16.860673684771186,11.895024143260187,8.785955617958852,Inf,38.22362955741557
-17.541828860563562,15.181108635189453,11.639055647412118,Inf,40.30665236417969
-19.16392073964652,15.090692527108601,10.559287635321812,Inf,39.878673609614566
-19.222024268704672,14.1692887238327,15.176653975648136,Inf,42.41017820719985
-16.247452833165674,12.082446276443491,11.446691211971789,Inf,37.822249674102096
-13.286625899279763,13.817606912967278,11.882339982654972,Inf,34.879077406096584
-13.327031198174408,14.392586056129637,10.081265451869985,Inf,34.74073920431109
-15.387700618853177,18.12176224690286,16.64099239300934,Inf,41.69279974457684
-18.245389249994677,18.634012821324326,9.104800195004277,Inf,41.41874886556629
-13.5052636988918,17.242971526911745,14.422048551303234,Inf,37.655966718823905
-15.15135945132708,15.772011217319587,17.32963722005354,Inf,40.26309437787579
-9.426036206449018,15.052853004429224,13.047583284880346,Inf,32.82628030599905
-9.476231880054984,17.688722784757758,11.790785773799328,Inf,34.48582035926261
-12.388702328927952,17.8067012481757,9.396174387871056,Inf,35.58432158990624
-8.859629768862556,18.89574769381386,15.083761226256705,Inf,37.08784689402473
-11.164819962264287,19.93997565607944,14.2875896036023,Inf,38.15966126297466
-13.089211192195531,16.844107613314037,17.830519975184743,Inf,39.11149529305479
-8.91173286544273,16.80402004982922,19.123620495013178,Inf,38.303886326907815
-8.33730539635626,11.917400525914921,15.58230776380735,32.24171566377551,32.24171566377551
-7.485268876206339,11.238204915702994,9.65819214707631,Inf,28.151827480074544
-4.3100856499456786,11.736144520678991,9.800956361115325,Inf,27.0945343036023
4.865583932096904,11.115910118336522,19.961400917007445,Inf,31.46701540341459
-3.057550034841814,10.7477707358745,14.651787133572007,Inf,29.266363398803172
1.5763564323762154,11.42877370082413,17.582942401897775,Inf,31.777703514686078
-4.202757285918981,17.076581322368256,10.39047798122602,32.359285485585154,32.359285485585154
5.957680718325705,17.101353643518337,8.752431755216563,Inf,37.671659603498156
-7.676883038096651,15.610981355208551,8.746299416472112,Inf,31.791333509237383
5.991937854628759,17.739177683873564,8.959173235922336,Inf,30.621187752718445
0.8626322319749491,12.13490553353546,16.51811900779385,34.1905714140104,34.1905714140104
0.5841309892333335,18.380043832450028,19.556128400789817,41.14102581546574,41.14102581546574
0.6546951897689368,18.142273094460705,13.817603911194226,38.39880000635027,38.39880000635027
-6.130815762972306,17.037815177809854,11.133036505838323,Inf,32.50844302048203
-2.3684719717713776,17.051178408704956,10.761398145017608,Inf,32.73285993256523
-3.0273351293799067,12.358313693510176,10.504190205340713,Inf,28.2411612056873
-2.2963821109532105,15.216275142659875,13.576678373247375,Inf,32.0105150962364
-4.4495993723352,17.882691876880244,15.592477274415529,Inf,34.88292615100728
-8.591507897535653,13.189846940106705,19.862250730839023,Inf,36.71403615649953
-5.705881423393553,16.35386884579688,16.33979727580771,Inf,34.252637182810396
-6.397068452907968,17.780430015932907,14.909471614810286,Inf,34.56858011820012
-7.573662188343029,17.107818636320218,18.01814987662307,Inf,36.87445195987019
-3.7466376755143855,17.743588930143304,15.711134106830364,Inf,34.887518621154555
-2.7068404960768717,13.481444377876635,17.70177584858031,Inf,33.96522309892691
0.05772045221922539,13.034063100885206,18.625495376093653,Inf,32.98496641546599
-4.3077013795250885,18.19846746782227,19.39496529985169,Inf,38.64149241204283
-3.99716749778775,19.463966389177763,19.477862802333036,Inf,39.10209009483538
0.748384960950645,18.988066745969547,12.484155075941104,Inf,33.111148542128596
2.1725216325511276,14.964038526238767,18.114400411240304,37.693130200259844,37.693130200259844
1.7436740809579447,17.841709782699162,15.068628239581628,Inf,39.235681640850714
1.6340765752343671,16.883142107447952,11.58114924192968,Inf,34.811501073120304
6.834992620459708,18.11087057099985,14.450969109114254,Inf,40.375124194944775
2.612292674032581,15.61583886189041,14.683177064120997,Inf,31.577013706572757
4.670566202373692,16.761429954230607,16.007747471793593,Inf,40.204352956680914
4.5886548592851355,18.04371960808787,17.276047192862805,Inf,41.217077197155966
3.7531434790416363,17.237971005503148,19.658656495252195,Inf,40.82382729440488
13.873169827982387,5.3680942983261914,-4.451301072031377,17.413582832961204,17.413582832961204
13.030379004351076,-4.351994287171115,13.679900342741014,15.981398964283187,15.981398964283187
10.906864123002407,-4.929143154489752,-14.239524656512765,17.374968293721775,16.85423779320461
10.793897816553645,-6.535808858558569,-11.356237155196824,14.072320433857156,13.400753982546574
7.339476936315226,-15.832288897950875,-17.85122106345363,34.91310269400682,19.181132247652606
10.668565366710673,-8.488160235684505,-19.206830638186688,Inf,20.449951283725753
9.443119343660136,-9.653668595049076,-19.58297680663229,Inf,20.554168300388014
7.427825990058004,-16.104604098574924,-19.650954435159722,Inf,20.641692170886607
9.285138961483277,-16.31080526458879,-18.95061324396231,Inf,20.414587742401196
7.85634597084675,-19.708862126183647,-0.9322806680959488,9.791040774664056,9.791040774664056
7.049074908968862,-9.762505150229037,10.659987815184387,10.788022088916367,10.788022088916367
7.4471160556803255,-11.78025637233306,13.399949507877189,14.689323678326126,14.213974048036878
7.120723024961642,-15.793833666163675,-11.754921350735055,13.993590919409765,13.28953561382814
7.313885888712626,-18.11615460680369,-14.656392970156977,Inf,17.715018602648886
7.807466038107744,-18.948257950179404,-2.597530631128464,9.352565804382076,9.352565804382076
7.536377079719916,-17.235123155125525,12.946092406535044,15.953988016345651,15.953988016345651
7.846415139259754,-7.559651652940111,10.78209105235618,11.750262946760833,11.368047012412898
10.450063850052736,-16.7147894550384,1.7498713187004,7.749412082664457,7.749412082664457
8.553019042098768,-19.228460971905264,-10.538812483051911,14.532167183164479,14.532167183164479
10.070712447975456,-17.61658380930185,-16.527415508362438,Inf,18.91847905508247
8.63822188399288,-19.71710816124584,-8.118432208289166,13.144431940689476,13.144431940689476
8.573829307363372,-18.034321938777957,12.568991463225565,15.856051049405078,15.856051049405078
8.856945517931916,-17.296416295777036,11.811849631993752,14.904348321524438,14.904348321524438
9.183456091637758,-17.67354334936913,-2.1438091447339858,8.261154016709911,8.261154016709911
8.93992719726895,-9.400922497630537,-10.789304033958356,11.80841907001646,11.742484933470152
9.78635280597338,-8.49370285150056,-15.152834968479567,16.344924995717257,16.344924995717257
9.98807795310465,-14.687026921645394,-16.52480416921022,Inf,17.477684783554068
9.484841007616886,-15.784994465457949,5.424295508375003,8.3104499012202,8.3104499012202
8.865383041541275,-12.068728250250302,-9.412820510774758,9.816337424575188,9.816337424575188
8.772334908251107,-7.093528787267598,6.420291228193271,7.26697223004623,7.26697223004623
8.80248616774341,-8.777523354799692,10.808483232520079,11.312671545034112,11.312671545034112
9.929539018293568,-10.265316479871975,-2.8996111003556635,4.130415987222338,4.130415987222338
9.824818336258907,-10.80706030755092,4.119127869509384,5.0594623605930344,5.0594623605930344
7.734295757056245,2.895570622541399,-12.032532636417361,24.01060294427683,18.106856832815417
8.94028062094998,3.523997903080584,-17.95801065613628,Inf,23.039729354204745
7.418465424825644,-3.533350785017035,-19.273470116537233,Inf,20.596914221326735
7.816361480211089,-4.385943817225817,-13.928949021439951,15.535699992159964,15.485522612443228
8.632075900836568,4.395653242508672,-16.0142432774741,Inf,21.964531986088073
9.309265477631506,3.9460763381622925,-13.941188018596149,Inf,20.62909917589355
10.618978584473364,-4.4120750877061266,6.857528451958821,9.557594220813943,9.557594220813943
8.55656606171835,-4.8572675732241155,8.459091901363802,10.803096110807445,10.300802910471543
7.821908078449997,-4.885431387796295,4.771194452317662,7.042630295577607,7.042630295577607
10.57287949576681,-6.020083143757526,0.6633487768525548,5.389363382963302,5.389363382963302
9.672345484729732,-0.751427262674671,12.391493919581613,16.25992445150829,15.907339691370858
10.526554748551682,-0.21795435021209286,2.3083119070749802,11.127097019638542,11.089302501562287
8.810671648205293,0.6136768001046811,-1.7458559627231907,11.577711680537096,11.577711680537096
9.256939497760818,-0.9571451317652624,1.4695269724620559,9.43538603276533,9.43538603276533
8.058040161871503,-2.268144978852238,6.134862809015075,9.926609327339184,9.926609327339184
8.513858051115257,4.912923100060258,0.7050128353586942,15.40148634607443,15.40148634607443
10.714699943461497,4.32683523426082,9.145698215046814,Inf,17.647796739174545
10.994204337777767,-5.828729916189772,3.864794444744348,6.949086163240436,6.949086163240436
17.417078430526217,-17.047443937584752,-17.11211475830538,24.735630916753827,22.05784594517138
15.935613549706929,-17.420901534403257,-17.48624226805959,Inf,22.00196655513578
14.454799446951192,-14.17084209586613,-19.77960653927238,Inf,23.070447015673196
12.794885658795359,-19.789543032900994,-17.87724497205666,Inf,22.49528536736069
11.323711521066215,-8.295741680943278,-19.503870152941687,Inf,20.9104800993706
11.734930503495882,-9.340875040783692,-19.808897029654347,Inf,21.185403284642177
17.188118215356738,-9.564472025913853,-19.21707370557529,Inf,22.01620917916209
18.689164218466587,-14.116229441963553,-17.228199931958912,Inf,21.55348526517994
13.254192219431722,-13.589057443137591,-8.8569328859003,12.18677272601326,11.71924038598482
11.26297490883216,-16.44107104864032,5.023551147556411,9.21392519283071,9.21392519283071
12.750322481265258,-17.551676224875568,10.485397640044425,14.982583075406758,14.587335154352399
12.807995945158964,-19.984479041809735,-7.792718489585759,15.581435172888277,15.35959678331113
13.140255649970882,-8.608911455917578,-8.92064699906256,13.951041089101977,11.152185862818365
11.82467841549385,-8.251412788975703,-15.978423794666314,Inf,17.78980880873197
11.81201051927789,-16.254721696323962,-1.2574582823492442,7.991131964118443,7.991131964118443
11.183903964219056,-6.874487785943053,9.767171052606535,11.39798286075489,11.39798286075489
10.93486736817404,-16.251727001894707,-8.887364634162429,12.656903447535246,12.656903447535246
11.672375188343072,-16.011813350622475,3.016182734479731,8.18964882953721,8.18964882953721
12.132025115108348,-6.773550718564367,-6.883836427206216,9.172505693882702,9.172505693882702
13.111083035322665,-11.662417012321642,-5.905946202852483,8.659628556609835,8.659628556609835
12.709635156229943,-15.565358416098984,-0.3878754498525083,7.982706012468392,7.982706012468392
12.601759897375956,-15.02739964000682,10.714351285911032,13.367268354186416,13.367268354186416
13.232015555372236,-13.127627835166678,-4.749974451139183,8.436962192885892,8.436962192885892
12.972145824670108,-9.87576295445936,-1.2396175447490343,6.100705881441827,6.100705881441827
18.291356772416528,-10.32754932231522,-2.0335629382686093,12.537193520790051,11.497785213515492
18.47923453090209,-17.31026160990539,-4.638611759315765,15.432781605666275,15.148156864468271
15.989309879495252,-14.609563976174238,-8.24238339288108,13.983016829832337,13.126922420033255
15.367828543402368,-11.712732515818374,-8.679344475827593,12.23554381269063,12.197343781095729
15.823584924113035,-12.361528507102229,-11.378388428787956,14.807314893356958,14.807314893356958
13.378194638880103,-16.966139304982484,-6.669406118531702,12.556898444451448,12.556898444451448
19.77291458311374,-13.484597379954941,-9.281513648414546,16.372276071088173,16.34694255064384
19.118137962846617,-13.489039264615128,-11.984633439385686,Inf,17.39871868513324
16.56776204856147,-14.749257441072094,-16.278668858262595,Inf,20.308932595647928
18.45287975633319,-15.340302922472304,-13.555768153038397,Inf,18.942277538244642
16.240830607578957,-14.07173388572824,-5.38673321410684,11.694856172219042,11.654067409584403
16.587722306886008,-11.88073726844336,-10.094087935855525,14.107124819530192,14.065278138514842
15.137164614197104,-12.606231269193735,-4.508630751546434,9.660933735455123,9.660933735455123
13.466947111096772,-11.011782071614924,12.32075428080661,14.035747160200925,14.035747160200925
16.07209903811615,-17.727971420758326,0.1876303369306882,13.671777677306864,12.021798147531904
17.40878163993399,-19.411996950910748,11.470703239542772,Inf,18.60344654325332
16.913174676065793,-19.621960124940053,6.44457618415144,15.851855960773372,15.418273916535583
15.264458086613715,-19.401143597090762,-3.0810889597752755,13.005610384699924,13.005610384699924
18.906298775388663,-15.751328291020172,9.272323883852582,Inf,17.62800039539249
15.775113658639093,-11.437185144627255,1.3712214438267694,8.997131159985498,8.997131159985498
15.392261561278048,-13.077546852132826,2.0627384914124924,9.173670956816165,9.173670956816165
15.873041272067383,-14.834552317401917,-3.1284983887965296,11.63078428287237,11.63078428287237
18.852615915702238,-15.140134596142376,-2.9712628452910295,14.181060621189886,14.181060621189886
18.022188500042134,-15.690467071577316,4.941027256220131,13.867114680782265,13.867114680782265
18.659455469470018,-13.577275898664185,10.229547851092526,Inf,17.792091061461498
18.450607762742877,-12.946917625938577,11.344198498274778,Inf,17.913939607350834
17.090310098706887,-9.372493310216203,-8.41970392352624,13.893840671310635,13.21585491194013
13.732856912278876,-9.558341190417163,-11.604194439286983,13.655898240998745,13.655898240998745
14.997326216442502,-7.477568226228568,-13.594171187615043,16.306841712941,16.306841712941
17.173468244707564,-8.87748763384602,-13.601991304932834,Inf,17.33716132823432
17.82286023181407,-9.585503244760316,-12.625107625610719,Inf,17.1249428078556
13.963015398962533,-6.746202639238863,5.265195319432401,9.316279432416053,9.316279432416053
13.939106018256417,-8.987144841984174,0.1902836067982605,7.015217441728934,7.015217441728934
16.100607369071767,-6.113299465583584,-3.3170684007291484,12.306892135377279,11.416644669552145
17.549736565702915,-7.278461695159466,4.270010795563877,13.076367286057295,12.724895627156723
18.242459609903335,-9.165383604840507,1.5513390673632976,11.532195763357109,11.532195763357109
15.857906250270915,-9.451446147172646,7.498289956551556,12.106062671418039,12.106062671418039
15.630393155808598,-7.469480917856677,9.03071462593882,13.497477311017107,13.364148967192602
16.767589665928355,-7.981841410290276,12.573949425316599,Inf,17.241576055996234
11.667779552742104,-1.2786569442783673,13.20202686217661,16.71098172673446,16.65783334332759
14.562425802910582,-2.569064718817941,-12.550571336510474,19.672614746728243,16.635510086060215
13.028374540832289,-3.2957258388910375,-16.481992476683615,Inf,19.863291550826624
11.81592224897792,-5.242314326697182,5.394243355859089,8.65601186785123,8.65601186785123
11.941022034934932,-4.974830782566677,-3.7317013697773476,7.974435373539,7.974435373539
13.450240574345912,-1.8746408198302156,-17.40186257221275,Inf,21.483589562651314
13.556973682183873,0.48913703847865264,-1.482224405064585,12.864538951015263,12.864538951015263
13.250484072393256,1.0788909774743871,-8.104506567299818,15.55623352905717,15.55623352905717
12.31301972661285,-0.8687067876177501,-2.986345403850006,12.164207689602549,11.938029964662126
11.500486006711668,3.659273890686201,-11.33066507895375,Inf,20.042765369020184
12.381453948514519,2.022649314694416,-15.822389406466746,Inf,22.56451439372705
11.702406026273966,2.3713991665598932,-3.8753777567366754,15.325943720075998,14.996279854662045
14.54499771215189,4.149357825426101,-14.441969297613362,Inf,22.49550801012385
13.669089687024005,-1.0789385738909658,-6.93736213866778,13.307394671810453,13.307394671810453
19.457985465710323,3.811083865494087,-0.2490000071560594,21.877334932905693,19.35412499399873
16.33760743164941,1.1970703899989488,4.282700566912343,15.785854356023592,15.310003517791692
17.593755493109356,-4.995618223055587,-4.5608209090910545,13.687688989239817,13.578672541707409
16.235390297815407,-2.9536796755874732,-15.194193374240204,Inf,20.22470556850696
15.56812961248707,-5.200842056977821,-8.789964858414647,13.404946153876999,13.404946153876999
15.478773933482273,2.979955652446435,-11.994848099738258,Inf,20.039982856075053
17.31373698337513,3.2473631615213066,-12.574246456638445,Inf,21.29330760865208
16.017929551013893,0.8347215633807252,-6.310574455726705,15.525770338192473,15.525770338192473
15.332873991539138,0.19776012924412,-2.478084445274522,14.28568816754649,13.82664524719413
16.290493171438825,1.0010043753881348,-4.301153631034831,15.387449664647615,15.387449664647615
17.643242287911143,0.15069380606083982,-18.01893645512515,Inf,25.51389342144617
19.399834376802986,-3.8005594024676626,1.6500546259289521,14.686668031775984,14.544416989720574
18.82158900843892,-2.5926343448060223,-13.675857435920244,Inf,19.8283169037142
18.203746049359438,-0.15680089525951502,0.9709494491002246,15.01759381528355,15.01759381528355
19.049531779180775,-4.810310354397753,-14.686091024992036,Inf,20.240049171420853
19.155384549669392,1.2105262362593265,-18.121435066353023,Inf,24.78505611842333
18.503445220768654,2.3689104363865425,-17.665815005959587,Inf,24.764529121785888
16.583459721581058,-4.9637603843536215,6.343074765365806,13.124021092772772,12.66376400144841
14.997379799910306,0.36498566681641975,12.77564084859037,Inf,18.33339965364478
14.681230074177236,-2.768615933513665,8.02149415033485,13.263790010368583,13.263790010368583
18.851923639226065,1.7521942121613776,7.407492115145146,Inf,19.445165883586064
18.856255486249218,-3.493479314781922,5.193728384340311,15.192427413883767,15.162918728702923
17.446528520855615,-1.011766027408516,8.987080203014095,16.492326695613436,16.492326695613436
19.92508464114198,1.4392607770776777,9.010165955214138,Inf,19.978199009636633
19.78312244525314,-3.026796356167285,7.870398623142172,Inf,16.698332898931604
19.942497719033227,4.57880474936692,8.227704187733636,22.109968114464152,22.109968114464152
17.90619904631349,4.654472796184564,-6.269190734158121,Inf,19.786964276491492
16.067057161160847,4.130002411248242,2.155512432814266,Inf,17.96341914512811
18.374453766702665,5.127446117745585,-13.228663607168807,Inf,23.857007560510894
19.151775793275966,4.13121975596485,-8.047913094177792,Inf,20.39467556919724
18.55121458474703,2.1238666179707195,13.55881977413187,Inf,21.604961432452434
14.43518043432907,-0.913158266106624,13.345239551798713,Inf,17.85796835685744
13.67044736204258,-14.332373437262351,18.184599625660226,23.37831124215144,20.77758827358447
8.888276340587158,-7.25562359982276,18.635659775102454,23.062898043848854,19.286894481891796
11.792962756213008,-10.555898302570874,17.96548728524121,Inf,19.27057797145756
10.80332393194995,-16.34958603796779,14.10495724542944,Inf,17.108804807602866
7.574785293125608,-16.230112540444097,13.779446535446752,Inf,16.664347245467667
10.221687558672574,-17.27120770984665,13.822972386665697,Inf,16.871381273070682
9.575989187199461,-18.328579854300582,15.09122401937347,Inf,18.306831319399983
8.122336656871163,-14.221989336919236,17.522313149829422,Inf,19.042136153391205
12.663378991400542,-18.55562517393354,15.877781470247854,Inf,19.62132172776115
12.381638264780229,-19.962528549661638,14.931565957852165,Inf,19.658483909189798
11.638539305494866,-16.019658543445054,17.77337002514333,Inf,20.56046772587833
10.835878224807153,-17.747192654307476,14.856008546315707,Inf,18.03838565988032
12.121895118015658,-12.29226769543975,16.809080300239103,Inf,18.893100220626764
12.776531527068627,-8.637890712894247,17.19684948362879,Inf,18.837547434440165
10.89595728863631,-11.040241866264582,14.345969289727883,16.00482712654226,16.00482712654226
9.224336872775645,-17.35760216228463,18.535223216735368,Inf,21.638030262177377
9.214553870699397,-8.790878546279473,19.16753435895997,Inf,19.620445628676446
11.786673730202828,-12.529629439088508,19.485408257827203,Inf,21.225930513228963
11.06720628041056,-19.604496151977287,18.21662010726545,Inf,21.91749632880626
9.267048925122907,-17.3490272730964,19.243336361611043,Inf,22.347328083152306
10.606854425199774,-16.286839848506503,19.411534634410906,Inf,22.36458119874009
8.321093062966956,0.6064676348894871,19.686718456674804,Inf,23.802474597629768
13.659821805697675,1.6534861741041524,17.818114601022728,Inf,22.531115884721174
13.185032495955,-6.353926669402847,13.902975771614969,15.985313773576156,15.985313773576156
8.788122234413478,-5.728985334713679,16.340094739971533,Inf,17.628723813014485
9.601071507033723,0.9425581586946379,17.74375278897609,Inf,21.521726709801293
17.10038111382204,2.5619049147689736,18.243497219658977,Inf,25.05840638826874
15.128383452894226,-18.86764427590842,19.383528839287223,Inf,23.179808540439538
17.513105804471977,0.8108651176559611,18.851557547773893,Inf,24.554379487117824
17.24246433930476,-11.916397958760871,18.931111011626626,Inf,21.701885454835953
16.77972326194898,-17.63738224670994,14.671950087275022,Inf,19.686285315357264
14.131307310126545,-12.390506605040894,15.99183206802418,Inf,18.013066349419688
16.505404095440127,-19.309824486490264,16.85050399281802,Inf,21.80705334157447
14.145816774023643,0.010875554120303832,18.96476963366416,Inf,22.92464590589522
14.152931273901139,-3.726596475023136,14.737358857072337,Inf,17.645569788100048
17.416040375458202,-11.593742656523744,18.114012879546294,Inf,21.07107664252679
15.169863761341645,2.2641484063450434,17.99348553110803,Inf,23.569717292918046
17.01179082113554,-9.68226236004182,17.71435592824907,Inf,20.625472368687003
15.862265568302554,-1.116792113499212,19.023238452756615,Inf,22.839779004319276
17.596350411067036,2.561238457823343,18.714216230528187,Inf,25.670723952592837
19.09907197448328,-7.569394298513883,16.782949531129688,Inf,21.99093723357025
13.992364380131178,-9.351513222130787,19.58877553148313,Inf,21.50948042139325
17.150408234780414,2.5981878036466455,18.45003604447676,Inf,24.800352882515455
9.90226528931047,11.760391647460693,-18.01609275228514,37.69887682069313,37.69887682069313
11.057690059863774,7.805787704785558,-19.97735753701056,Inf,32.002935854959034
17.151169502942658,13.552976640251522,-19.877662749662896,Inf,36.23024871564825
17.962604960535288,8.656897460482995,-18.638268916493264,Inf,33.18996953678174
12.918565556480672,8.216032492737362,-18.831264451930636,Inf,29.252982271210083
11.14571210691027,10.944260562883255,-18.291705178147744,Inf,29.071499203188843
14.660849467509479,14.59371780532507,-19.78113060525689,Inf,35.69954254792161
12.59805766898517,15.320810209048652,-19.24230691181102,Inf,35.36825727633022
13.523707298449487,17.68150221541019,-19.29595892095361,Inf,37.54508508210899
17.432455467278423,18.10425534041662,-15.993682076802616,47.75066848245548,47.75066848245548
9.14043963881591,16.653452843043326,-1.4950813497660675,42.58766182067595,42.58766182067595
16.295356452768672,7.163202379949183,14.11879919370351,29.04761974527593,26.2129154324669
14.63833866050723,7.208339856899315,12.797348994981405,28.377999494285316,25.650542064953513
8.237557914217028,6.698111813947882,-0.813354504871544,24.251983483694133,17.488562148889354
11.57238193431498,5.760492476811638,-17.20950468135679,Inf,30.30200149793277
8.072344053898838,5.892505766315324,1.2456734988884222,Inf,16.390319114314405
14.004090465296954,10.294200392807944,2.5137885543090377,Inf,23.299110473914244
12.862709291879504,10.922867280874957,-11.33667652118942,Inf,26.317791301912465
10.927388781060465,15.697067832956613,-3.4861365499062558,Inf,32.69915105750471
11.49521445369368,11.724450708573002,-15.625379981850243,Inf,30.890050644678265
12.085558325311254,15.252120338142383,-17.9444611777716,Inf,32.8669880100783
12.670372925449406,9.550737880055191,1.2325291134936407,Inf,21.65162356519193
7.349772372591026,10.296663109379782,-10.969240963986415,Inf,23.881661159660915
12.188174910046534,8.925469262379224,-10.880100923076235,Inf,23.9467767513619
8.180792032963183,9.259598348828977,-3.3907516566427276,Inf,20.40122513042018
7.609410612545126,9.903258843783256,-4.520539377005974,Inf,21.34696091840214
11.413753642775681,7.3909285770260595,1.8870782783801872,Inf,18.06768184538801
11.871237973372473,8.586574090541824,0.9673267871122526,Inf,19.343430145504463
10.818537840566755,7.760735510913772,-8.664287494671843,Inf,22.447519034605392
8.515386595938963,13.02611536263008,-2.1879466766481386,Inf,24.015028344810077
7.6841859661033425,12.684775763943094,-6.255747066342785,Inf,24.704333120889174
7.660250692883999,14.31180494283506,-12.208782087623167,Inf,29.525351969252622
7.132693793033145,12.223192704472872,-2.2816563474976164,Inf,23.311203634863137
8.300191844264873,12.6896897025145,-7.165168372652522,Inf,24.924596930548404
10.1788486315927,13.985181626052388,-6.764425276938493,Inf,27.070329008722517
9.910033686191603,12.743249730971264,-9.038519244732486,Inf,26.960411431925458
9.046132304149054,12.910513771936309,-4.236497054904715,Inf,24.24742877691374
11.511759556167878,11.105004812897661,1.4998399554757142,Inf,21.803176586871643
9.877093315207226,10.931035535797193,-1.2999349070423065,Inf,21.88962191218233
12.723291644624048,8.10766078872237,-12.514841413383913,Inf,23.87083456398313
13.086109267297573,11.963521939082511,-15.624625016435854,Inf,30.735864633643395
13.711275108557778,8.928022528287709,0.011371893338278483,Inf,21.080351274413466
13.967474987904922,8.212366422846095,-11.130811612838256,Inf,23.338204367559378
13.481134468223452,13.820527631408275,0.9619253218477475,Inf,26.935407536771507
13.869134050308645,14.535377689960008,-15.236594689073568,Inf,30.877938918135882
12.994603232260964,16.587750614967014,-1.3808379201202996,Inf,27.757385979247765
14.479723909543026,15.409930352477147,12.093981887554236,Inf,33.94515527683147
12.448744720027861,12.523337445725069,6.301667384674452,Inf,29.44964826496517
11.356350182933525,6.858886815458973,7.62111268377997,Inf,19.74447554458031
8.691419027061855,10.7671270751257,6.405051407606397,Inf,23.216085550919274
7.877447601464766,12.118746853618447,7.027679440200014,Inf,24.38620114439204
14.137050242184387,9.173726732303813,4.668788044646071,Inf,23.493843970401343
12.091603560690054,9.904379109197432,6.006325858110664,Inf,23.51436596971201
9.946503624871433,12.390567249283436,3.8893039900154207,Inf,23.65420380882813
13.112785004901532,11.054040623838219,4.704344894483079,Inf,22.991307402149552
12.815740798779657,12.496317660879264,3.82416801746394,Inf,23.70531276097579
9.21516897816658,12.487679035041701,6.609881772826753,Inf,25.02196308732765
9.412296066738044,15.77529347806913,3.9239623644771626,Inf,29.08424524259887
13.016379358654113,16.349436922003456,4.710776936358521,Inf,31.213654941450528
12.813442870722731,13.264480091796067,4.799670600587245,Inf,26.508845263804083
12.10351297400343,15.010120059920176,12.449574226495066,Inf,31.181891431696293
10.671662111371269,15.957273101498714,10.18932170508765,Inf,29.49373868602255
9.120512392533648,15.12921004578125,8.268664881987966,Inf,27.871619852795924
8.79147456649666,14.121700784960609,9.472245594777704,Inf,27.573297204268854
14.073878480787997,15.792165939744656,8.17963159973596,Inf,29.36923541663854
15.228192620685817,12.325725917287585,11.04418467764015,Inf,31.60586314823036
16.839160820920434,10.332982017582637,2.0694802436006654,Inf,25.199396795978274
14.871985276550191,6.935966515975267,-9.09083072449481,Inf,21.69328093081785
15.279014134678455,12.030567886457959,-5.295629093057146,Inf,24.27491232033553
15.828693857954946,5.771582558401612,-5.044984884364574,Inf,19.496690481846706
15.838603804881053,5.892779409862001,1.1698528406017061,Inf,18.939573313270394
16.16661957555931,10.800648186769884,4.396280375166775,Inf,25.39162573152515
16.768967833205096,14.393231843985681,-8.956119652476664,Inf,32.05968445641729
15.3002264505742,14.898534564920922,-1.4688718580368203,Inf,29.057145456319173
15.106553802691778,16.472858426271742,0.33926048570236134,Inf,30.107876316194954
15.041813019112872,14.8636177684078,3.3058702892208487,Inf,29.66151157773831
15.834787371219214,13.189710403801598,13.794966010291496,Inf,31.506971013068426
15.681437702761976,10.61846506806111,19.175526830064058,Inf,35.202798935502706
10.645400451461356,8.622226443166056,19.56417418551409,Inf,33.69519881721483
7.761590366044402,6.980436163914749,15.79479028971592,Inf,24.921051592590025
10.923470435794371,8.673947151945107,17.166677290804117,Inf,31.631330346994904
15.506117846293456,13.734955592891936,14.75660629529284,Inf,32.519926524234705
13.739742618082417,11.102056554253615,15.487645886017702,Inf,28.994740057233784
10.96829909017356,15.090689877605563,15.621298044305775,Inf,33.64396943589562
11.804604008696664,13.599048473863547,16.10399102229075,Inf,32.21337508021172
7.031759132138056,11.532658327753396,15.663775940358285,Inf,27.61095470723292
12.130828437730415,13.309652830922417,19.323740254886246,Inf,33.382890210861696
9.0052160758042,15.514494978660203,18.166113213728757,Inf,33.86531999025447
8.186025192762951,12.486139100227959,19.949515672188568,Inf,31.831525726021248
13.652821805161828,11.619372003066665,18.540010132425337,Inf,32.52311581037081
17.025869099690212,15.127549842950607,15.675013048217878,Inf,34.46950777325653
16.235026152323144,10.845481367799792,16.40656522258879,Inf,30.717067102648286
15.7782396590557,15.243680455182783,14.43323993353929,Inf,33.92956446978913
12.848338711308529,19.9657870890412,-8.367783617600217,Inf,51.07023867864161
16.338422593497633,19.76282581870982,-14.713660443068726,Inf,39.23507279867136
15.830105594268993,17.165018222577075,-9.052953927480853,Inf,30.66112966413808
9.173345198998526,18.52240200084252,-9.040309798235997,Inf,31.980029135066943
16.814036796892935,18.226967476216565,-5.087115092054297,Inf,33.071665850518464
12.774553451471391,18.146584246782822,-3.5025914119588464,Inf,33.03447314246778
16.411543116504518,17.855101518904625,15.33002708771349,Inf,36.76237587211696
15.555455698720067,17.12060345274155,-3.3429130993725593,Inf,29.733665085972866
7.522758325540462,19.93795800244976,1.982487708900031,Inf,31.51373912036341
15.976576085827702,19.50887705699308,1.0673706395232507,Inf,32.83289725215152
14.66757211158896,18.63801144230733,-2.4776575726494876,Inf,30.62189425842945
13.096757773784987,19.889509713684,5.325435897188029,Inf,35.029819821784756
7.629255565255811,18.265431236793567,5.9615082195808355,Inf,31.847188406032878
7.52968091702585,18.439712783096375,12.121819667743623,Inf,32.51182829596037
12.058435378157611,19.61758071106017,13.141487095734739,Inf,35.84123355908618
13.78531733784704,19.347209384612007,2.124183874948482,Inf,33.468983153029406
15.96744418650217,19.326439790437604,14.93781478536269,Inf,38.86204705785276
13.227175169273139,19.634081444392365,4.193071871214038,Inf,32.2696667665189
18.859703110862746,8.341791215415697,19.335499974025474,Inf,34.978801116417465
17.86601954595028,6.725850592682178,8.419400358029606,Inf,22.858035015661272
19.492462752245913,7.33304309456857,2.6730194261637408,Inf,22.805764071453062
19.80874754246655,5.555074882083247,2.294098572069654,Inf,21.09643237953954
18.55726293715017,5.620980816181564,10.75614716443858,Inf,22.90159533548745
18.327732433865016,5.833945363066189,16.515428991028244,Inf,25.7487070765378
19.609285855384698,13.417448304316018,-3.6617754304026207,Inf,27.32915027675157
18.712643712387674,16.177827540741482,-17.87543448046283,Inf,38.117219848596335
17.75675187820631,14.41737284998571,-13.137017901107848,Inf,31.39305838249928
18.703666186700133,8.989659070521022,-5.592672075717795,Inf,23.557861003653358
18.64261386672471,16.39328765635603,-14.43251558074973,Inf,33.322474238554875
19.12622979234598,9.470820743751219,-4.50994782216366,Inf,24.079199287310388
19.789463342483472,8.455494629005944,-8.788532734039363,Inf,24.382458572911695
19.630596622927413,8.357188106416913,-4.35296363093439,Inf,23.46658417444432
17.58486071000757,15.6665681822098,19.048908193626474,Inf,36.29497849308096
18.413408901188504,14.884617775126578,14.33197004889795,Inf,34.34142578176073
18.267412993461903,14.216313631479416,0.30446205033306484,Inf,29.697780718502585
18.11449603581991,9.502372057021134,15.323221168662506,Inf,28.318308724802534
17.899363569020664,11.260788557921568,15.23786143032801,Inf,30.0918917800437
19.694004696977686,19.98555111908793,-2.135722655958201,Inf,33.906054962194524
19.84161199814948,16.10590790407295,13.267514085979812,Inf,36.03932584979588
19.1150802833958,15.591280629704194,10.285443004212247,Inf,32.00342279445624
19.39370103707398,18.132706912106627,6.675237592518322,Inf,32.65783938890867
