7.0,-11.0,0.0,0.0,0.0
1.2121059807166574,-11.307774757347362,1.2454253512779268,5.928366282992462,5.928366282992462
-9.7034052309598,-12.14098841657127,12.707553663767932,21.778382543745533,21.267679688023602
-16.568156850657985,-19.551019693151524,-18.40809083092859,33.683537544375035,33.683537544375035
-16.625495083339786,-19.333962229772517,-11.96724593852279,31.977430124525572,30.315900252023056
-18.493978666209586,-17.010169792202568,1.1147714526556207,Inf,27.228828166517275
-19.154489333358875,-12.427087582595986,-16.736483862813103,Inf,35.10139130596892
-19.639181490635718,-18.384325263109176,-6.439739936924571,Inf,29.72742253139773
-19.591985404444216,-18.463568522154166,-17.801776770827942,Inf,34.3396950122958
-18.869315567564186,-15.913855219907571,-3.7868724770696787,Inf,27.647189955782544
-16.67137984979813,-18.331651959211168,-7.0802526223867535,Inf,27.748813154238547
-16.696793344888825,-17.35479581540071,-16.607385771528563,Inf,31.167372216669957
-18.012917839360334,-18.896294508881468,-0.5156221507068359,Inf,26.918054583142034
-18.8735634157851,-12.86940054010957,0.9875165292763484,Inf,26.9592206823168
-18.102169146641973,-13.287460205102537,4.160559097387004,Inf,25.827149211333193
-19.75793375027351,-17.140003147482332,6.282793959207915,Inf,31.98107897834148
-18.658289299542943,-13.8062388899752,9.12158854163879,Inf,30.67110074834487
-18.253826044491632,-12.140635871249001,10.547109650260111,Inf,29.52781289471517
-16.66134505219871,-12.530686716597375,9.603048021126199,Inf,26.031530273555695
4.3171899851704865,-14.85172052139224,-13.413523674957588,15.695280835176227,14.707224804670865
-4.245297219680744,-17.380271180838626,-1.0713151868957453,13.189685904037653,13.189685904037653
0.007809179261784038,-19.33603203385376,-15.51817903269229,19.32855672971851,19.32855672971851
-11.10527334919138,-16.693858509173857,-1.3699410787616983,20.237766622793558,19.617634213998734
-1.469894725029075,-17.913192876864894,-2.497895850616885,11.748115342779045,11.398710270342232
-10.798349945028054,-19.83929320284745,-19.13326011360569,Inf,34.24636156462081
-13.669722366539672,-17.52623638372203,-15.361674375097651,Inf,30.00303817225247
-16.002107822673253,-18.664981522193685,-19.984038158195283,Inf,35.30426532732411
-12.065033887833625,-19.97957228445868,-13.08641975338415,Inf,27.715862723926044
-14.919611952227338,-19.28198391699727,-3.361925565107178,Inf,24.639145370918776
-12.208218501530448,-18.48148084273258,-3.292296624681992,Inf,21.485570719640407
-12.426512057242753,-18.732034432467035,-5.586815533391425,Inf,22.631575730020607
-11.87061136391475,-17.292587322853016,-11.520578803885346,Inf,24.687559356310537
-2.6743718181529097,-18.518792922266066,-11.22618628640402,18.380432940804916,18.031913167901866
-3.2076016870578243,-18.677907811361028,-3.8576524020141,13.539386014057094,13.539386014057094
-7.386189320596657,-18.43351005159775,-17.019483876076347,Inf,25.49989778939566
-12.743065912384965,-15.01244673757494,-7.42437406621117,22.941184171723783,22.163507400746262
-4.6192011722171245,-16.14240821778571,-17.207499887574443,Inf,22.575871212945593
-15.024404552015627,-15.996044630437343,-8.893430438760292,Inf,25.675610515887612
-15.359252371994137,-15.02685390025249,-8.200236111847605,Inf,25.55880654550995
1.1743608904933183,-18.147614049764627,-13.3564898114167,16.59980601020184,16.59980601020184
1.5282724892754551,-19.20187078417193,-9.689130877883727,13.853695277868459,13.853695277868459
4.487071259522992,-15.513056343090375,-4.789516928454232,7.044285685473956,7.044285685473956
0.9381508700477426,-17.183411211046284,-15.822380928188418,19.258019938335742,19.06147546626933
5.1484715914889705,-17.792601225295872,-12.432655246108721,15.04749370550644,14.904220209199956
5.0152510838434665,-16.64573027825935,-6.399909459800988,8.761982636863024,8.761982636863024
1.199558198094266,-16.200741868819506,-10.729468436475234,13.868043992228586,13.868043992228586
6.304010819782739,-16.56578374557343,-5.27851507984213,7.702277006807121,7.702277006807121
4.065999638234466,-16.972499765890355,-1.3039383820234036,6.780808718767581,6.780808718767581
-4.5246874234008505,-16.23749418056983,-0.10073603324244829,13.611144597274139,12.868251822362808
-9.891144356503219,-15.635382423892557,6.884285794925464,Inf,19.9986920125912
-15.590877803399508,-18.121416574153237,0.18268792742168927,Inf,24.603940046628395
-16.008950482959534,-16.388092370597327,10.746253457909578,Inf,26.53688357813704
-11.71917566017422,-18.98450163667107,3.4722397885078564,Inf,21.357825850296038
-6.3751417797689935,-18.00788255514334,3.394656198326274,16.599863281968254,15.529148669197262
-10.253926582649102,-15.977297980441092,12.005409855924896,Inf,22.261824080865615
-5.514544398278858,-18.338023901670304,4.678381574002451,15.765252647674625,15.258500014286192
-9.140220360985314,-15.065518053431832,7.991358414598686,Inf,19.637201878042625
-9.671792737986955,-15.592621650400638,-0.7648170746886329,Inf,18.097932245602415
-0.1508420519491267,-18.07695239126175,0.38978753246914977,10.23318777286682,10.23318777286682
5.978851804930407,-19.755150527910892,7.831635197236189,13.027532836202631,12.646505667827661
-2.6286746432996644,-16.01415208306974,-0.20566791695052444,11.034496184016568,11.034496184016568
6.240870768665374,-15.58411726594323,10.539089424671584,12.248091565878873,12.248091565878873
-3.1104472620873658,-18.067244773141383,10.6138974921463,Inf,17.409145183067707
-3.8321262628101316,-14.994295616195696,11.421491696844459,18.131378579275967,16.517627356019773
1.8293125656305236,-17.547834927008683,10.807546404563588,15.557962601304109,15.557962601304109
-0.3218430461214261,-14.944997829320092,2.510905812864806,8.687752382892551,8.687752382892551
2.7549829278852727,-16.416248924523195,12.236824616787565,Inf,16.213714079212522
-13.902087064057174,-14.533385563621755,-4.229265386906214,22.472755980490945,22.251182904586095
3.2426295792469233,-13.77784595528646,-16.1049254142917,16.878885567298525,16.878885567298525
-5.94472201348009,-12.178853412612218,-13.67038349045492,Inf,19.434609958641527
-3.414698734742405,-14.50145294434086,-19.54841716818901,Inf,23.004097071187072
-12.90896474367539,-14.465949391386319,-19.851622095668535,Inf,30.83018407428238
3.2058641759966093,-13.73768603813648,-19.050214010664295,21.5474937349833,19.824677384407146
-11.512368775357755,-12.552099115026092,-14.234161840389818,Inf,23.71241778754859
-6.921031323562126,-12.81880537217198,-12.692239292281116,Inf,19.46515940213381
-4.127891096934828,-12.828174371062264,-12.998842567054032,Inf,18.740556818493992
-13.557216447597131,-13.985768315421074,-16.798153833566456,Inf,29.243024362315637
-11.68016878025135,-14.583955050675543,-17.12230648795405,Inf,26.202416861765368
-5.262256444422739,-12.773517622812891,-13.218931657350232,Inf,19.069794901020874
-12.593541684353387,-12.821145015970039,-13.830051659432279,Inf,24.511686165794444
-13.050751719305342,-13.515970859852402,-13.131211405977528,Inf,25.172065561054392
2.3518405430448013,-12.770447994756493,-13.682711568302217,Inf,14.640439801815145
-3.492238948573725,-13.755770342039702,-5.453773277780103,12.622003193083948,12.40877742145007
-6.693548335669917,-12.563095458508826,-7.364676368734004,16.536387664841,15.74943969998583
-13.707540137051692,-13.293732814550223,-8.89859680562683,Inf,23.753230731072343
2.592005279004894,-14.662780621442257,-11.630932696191767,Inf,13.63663584070472
-3.866655833599488,-12.243260846067407,-4.546942143926387,Inf,12.238624268222615
-15.717620293763854,-11.364506042115892,-4.833277267627052,Inf,23.864569972853168
-16.07451905327541,-11.566626200150338,-13.983645343698985,Inf,28.999600170915308
0.7254041263723892,-11.819861836066767,-13.94425775486492,15.538309416656935,15.538309416656935
-8.825498753431154,-11.606552073626872,-8.26005258165507,Inf,19.020284434381825
3.161007063461973,-11.616765060889387,-19.638710114098696,Inf,21.02189982889613
3.586942168435918,-13.654712428144178,-10.087605142111968,12.7305334119222,11.575820635712954
5.441190161199625,-11.589959528706189,-18.99732533100935,Inf,21.11993413178805
4.848908436386388,-11.45659002999408,-7.986056598583726,8.283282523632906,8.283282523632906
-7.61904319039445,-12.656333132203468,7.01475553426296,16.62524152722773,16.62524152722773
-13.403678496400584,-14.524040951459884,7.238447167053501,Inf,22.25917050836789
-8.212268359771784,-13.74923781025851,3.6742794261517275,15.91453885636534,15.91453885636534
-14.679341992050228,-11.479605036050673,3.3275793905744777,Inf,22.77708031050161
-6.287882324761389,-13.826800167741533,-2.2234899298520716,14.53235367037246,14.53235367037246
4.488821085831283,-14.215574959454953,-1.3169079858954262,4.287212206335773,4.287212206335773
-1.7192369629515198,-14.307985942361432,8.590308002033442,12.918888232990808,12.918888232990808
-1.0647966657827297,-13.198725925108103,12.092457746628597,16.07445775358956,16.07445775358956
3.211831466885336,-13.665693450723051,0.6650748220273499,4.679579781070367,4.679579781070367
2.104021142474515,-11.896445886347866,2.674584297772185,5.6504535540411345,5.6504535540411345
-6.483708652085207,-13.497677315968728,-2.665436693153005,14.599347175764281,14.599347175764281
0.2947200687201601,-12.647788008415262,1.7593469557241725,7.125397251249731,7.125397251249731
2.660693139949963,-11.463465049306691,-3.9495039420576106,5.8858274920298825,5.8858274920298825
1.6290583617261944,-11.801662658068928,-3.979714663605609,6.732592806846627,6.732592806846627
0.7695124035666652,-11.322041971319976,8.31451890696675,11.474517069131903,10.479452427246887
5.313849588118458,-13.721376546866004,12.564518856742517,13.948780750089565,13.948780750089565
-8.44059984901187,-12.598834116713462,16.50115826938635,25.80277517140808,23.660850786265897
-10.322674092074351,-18.818832004546966,14.760408837389349,28.792033752044848,26.37168545348969
-10.090194278150086,-19.1030210171302,18.029157708805876,Inf,28.116682271729964
-17.919884946635225,-19.220424656350623,13.498845283805075,Inf,30.71848640424193
-8.781126358384093,-11.951832183133035,14.428019898084344,Inf,21.815161068391646
-11.839778038424518,-12.095674473955711,13.607452459522769,Inf,24.096994190501206
-14.994288723055673,-11.736724358702766,13.204847602321117,Inf,26.29773690196817
-12.144573945162387,-18.295599574969756,14.295353271571251,Inf,27.525763851913652
-9.455428325470736,-14.149443227213068,14.2990878804003,Inf,22.534706465969727
-18.238161970306646,-14.55157112371249,19.817102909098054,Inf,33.34526451526813
-19.612613626613236,-14.566713031393022,18.11856700937681,Inf,33.41757137838285
-12.52671510416909,-14.092114521911805,16.993640785270344,Inf,27.26914884110433
-15.088831250310877,-15.332455079563383,18.887333615166796,Inf,30.57485644631609
-16.239442216132545,-14.966511392378017,15.253875425965376,Inf,29.340598758255545
-14.032874733370617,-12.818165387776244,17.79836981684894,Inf,28.495471491132356
-9.194122200054728,-12.298233106422956,19.629747873216807,Inf,26.44039872755284
-5.564931372421729,-11.412087263579167,14.33785003141925,26.285724223162937,19.96270907103282
-1.922711170053411,-17.140951988458177,14.04410434274861,31.12317807425896,19.067952625017526
6.335130913609639,-19.93656284624702,12.97668948769293,17.237536582278253,16.773241633933107
1.349711949017582,-16.083745969397558,13.372063969092657,18.633575902359183,17.85386980077916
1.0413003747804161,-17.576237371927867,13.472839469797691,18.541815751518936,18.337451229701564
3.9937866880839223,-16.98810542566436,13.110502249976896,15.940344744628181,15.940344744628181
-3.3869256813495774,-11.887553225058038,17.32010796894432,Inf,20.86284282551408
-5.358760646396092,-18.00449999923093,14.265084712401446,Inf,20.607414719094816
-6.518980195252366,-14.817203070305895,15.735416419139142,Inf,21.54149871193537
5.582354195241528,-19.69638532972222,15.51342058344305,18.735646049887094,18.62727476563246
2.783896343204475,-17.974187988271932,19.978713300053812,Inf,22.73027342748429
-0.5880308340131464,-19.300016616707467,16.160111248327794,Inf,21.686880955485133
5.626049585651074,-14.649979168309573,14.248120819881436,15.521397682538101,15.521397682538101
0.4755457577060156,-18.0129326092824,16.313273223878227,Inf,20.76156999722841
-0.844111484958681,2.4796024874180915,-8.664694261946924,Inf,19.43820271168701
5.768216428739681,8.101222494933626,-17.648225781572158,Inf,26.690712394393657
-14.423804609996438,4.273941736776106,-19.22284441166166,Inf,Inf
-9.53385120481034,-2.2815120091686047,-15.31665773967287,Inf,25.7716195881904
3.832694143079351,1.0850738030594975,-16.884057974159887,Inf,21.40625863840342
-6.186044611536943,-3.052444006213566,-17.395229752351817,Inf,24.92541425174134
-10.406246727539683,-4.729801800961484,-19.892150544397573,Inf,36.66380290819643
-13.032265290301561,-7.86875600566491,-19.92048470131313,Inf,29.34411350430832
-1.9257438508472617,-5.998508207852238,-16.167949578585414,Inf,20.764057130269972
-2.9188637616388817,-4.450908466378758,-17.902112620090698,Inf,23.0135753841882
-12.659786171215908,-10.250757542640718,-19.50773400682558,Inf,30.625062756744363
-19.6734903505362,-5.024725003170731,-17.70230501801113,Inf,37.19063300445259
-17.482740863356298,-6.0621958040990975,-19.454106307337682,Inf,32.29080898166764
-0.1315192487711485,-9.682470492552557,-18.06684240830858,Inf,20.260434325107163
-4.247901382706072,-2.52627900284957,-17.832470881192286,Inf,24.458120687710977
-4.518411918611305,-0.10727021833757178,-19.757448939783995,Inf,26.826113351632966
-18.801532611690426,1.5668475167133344,-19.573570205644355,Inf,Inf
-15.932403856351858,-1.1232635162423144,-17.87694997038762,Inf,33.81835381521579
-9.466989944136293,1.5171365573783575,-18.538667125091077,Inf,29.678250579056183
-11.339191954139318,4.079107707759462,-17.922424452622696,Inf,34.05532385991467
-2.225143314995293,1.061985522630124,-19.114954669176775,Inf,26.073840164859792
-0.2621390191585782,-0.12051772917171633,-16.8365264009148,Inf,22.43349544345503
-5.239481783846491,0.5747831550681255,-16.179183998991817,Inf,24.093791437509978
1.265495786902111,-2.877185825488098,-17.44582318161383,Inf,21.872026712890374
4.164487029010306,0.02339291241755248,-17.476441621100697,Inf,21.458894964523147
-15.993879805326472,-7.2212630406555345,-11.557776502017942,Inf,27.62850482757964
-17.898713109402735,-1.947518104855746,-14.758794020456731,Inf,32.60134449975463
-18.67332093541127,-8.312818831016555,-12.520581858256792,Inf,30.940872352110183
-17.506738176210355,-6.247282507509784,-14.967553774968048,Inf,29.593778780809256
-16.72594506279321,3.5174823832386792,-9.812240844520321,Inf,32.39388200386431
-18.271965912116208,0.02941615814201981,-11.123565597066412,Inf,30.306924337715838
-19.8547561019507,2.0902327027901713,-14.627359329753302,Inf,33.7470440175378
-3.0335671982058443,3.6788182309261686,-14.916858365295882,Inf,24.185496439848215
-11.031356879841736,-11.052865572391486,-9.648553455532838,Inf,21.663030464087015
-7.862258787078478,-11.209407209578659,-14.759528501518036,Inf,21.126975241566512
-14.115781955902156,-10.717789888517943,-13.912541679170607,Inf,29.077694758235722
-12.78585028374101,-6.861582794429868,-10.651182953828178,Inf,23.16764429720549
-15.558040817009573,-9.797350135705756,-14.292900438097735,Inf,30.410250130882403
-15.048429473706397,-0.7173271337144804,-13.791768404049147,Inf,29.758462316873143
-11.008367931812,-9.974170997945695,-14.682912231543348,Inf,23.34735619860451
-12.773420707311365,-8.432026772647925,-15.142337332848896,Inf,25.73580580779179
-11.537342769361008,-3.8117006202778185,-13.421713556110761,Inf,25.721688484350505
-9.958007411937126,-2.981116304815295,-14.2664123638572,Inf,25.112991388431542
-9.024088966937382,-2.1205818942346184,-10.634307245938306,Inf,22.192713781664995
-13.069691944982873,-3.3007203108384253,-10.34655422691312,Inf,24.081395444481604
4.58048654663785,-2.418132793699783,-10.292138395879649,13.974235918195184,13.974235918195184
-4.048670136773511,-10.605823684130975,-9.709243533216805,14.769841474924815,14.769841474924815
1.3260925046348326,-7.627967847751549,-14.848234455078835,16.894790221912803,16.894790221912803
4.541528718065564,-8.523083381780054,-14.517749889474869,16.44317420543825,15.450078236685096
3.4628348997488274,-8.664918736339846,-15.309034068053426,16.241965045202726,16.241965045202726
3.261571611399596,0.4565886461209061,-11.940647674982277,17.540907028102396,17.540907028102396
-0.6165274994122498,0.8230341569243222,-14.895604823431352,Inf,21.636221388440845
-1.5363092436686827,-1.91345200454073,-10.556591592182043,16.986854998503254,16.986854998503254
5.519458525530425,2.4821591280394344,-9.81956259066962,17.05101732804567,17.05101732804567
0.5149555915140525,3.525009502649155,-11.211477724087446,Inf,21.04522128376793
-4.939196646358264,-4.693490239903291,-9.578894933029725,Inf,18.035314816379774
-1.0634894960385495,-2.862148898073009,-9.290035127724208,15.33526498060936,15.33526498060936
4.054468826693096,4.2571629086628064,-15.013972116387988,Inf,22.086693031775063
-6.662030633187213,4.138130378558877,-9.168309574093465,Inf,23.55736067076333
2.9696312868981067,3.965089115275191,-12.578618218118436,Inf,20.91356788595884
-0.9983263672987697,12.257329162983098,-12.345636643222111,Inf,54.95045703718498
-4.06083860999197,17.07885983199725,-18.088758104355236,Inf,63.05043131777487
-14.424694108238727,7.433011656563167,-12.766920205474266,Inf,Inf
-19.958810025761853,7.3794548947311185,-18.852109909868624,Inf,52.54164483222591
-14.844762216926792,5.8969076489302985,-19.696845868325184,Inf,48.42898986640416
-19.69851383414852,6.589617032758895,-19.101382433217005,Inf,42.3471145118845
-6.019023126447598,6.7844487044346735,-19.31483324250855,Inf,31.635657025077236
-16.977997491636714,4.613746327985318,-18.205233760648873,Inf,48.587185302485764
-5.977935739633891,7.143792891394902,-16.255127177001683,Inf,29.953409390673116
-4.649763284026758,4.37350214518964,-15.536434512809256,Inf,25.59023945209795
-18.247648361435004,8.216893051660854,-15.073207275724103,Inf,48.3096852357165
-9.954696667167049,18.02535305927975,-19.358385421558868,Inf,45.292183654284734
-15.466913066652337,9.69618456299311,-15.365995884094676,Inf,Inf
-19.37374535336246,18.41716712066698,-16.388510362887594,Inf,46.91353559333543
-4.97337346092837,18.242516363935323,-19.95807972737999,Inf,Inf
-8.657070896536734,17.27315424945681,-16.370201297885288,Inf,Inf
-6.412265373492652,8.031374615643678,-19.99432322237162,Inf,32.330442773329246
-18.833251153395967,7.8036437324489505,-13.336058846965262,Inf,48.33926370637361
-18.9366399240524,8.291176446845068,-13.766779422896507,Inf,37.0367748995322
-6.173105748053098,9.729280549444404,-12.860216204566841,Inf,Inf
-5.862711159948457,13.843506821123277,-13.839616450900882,Inf,Inf
-17.86788350650309,12.686550824180074,-14.181895679867846,Inf,40.6119783139517
-5.004423311356234,17.53073314657673,-12.911047846668797,Inf,Inf
-17.661882642493623,10.565579181804033,-13.512707737913994,Inf,38.378422949651906
-7.731870674919961,17.345967946190783,-13.421576360487881,Inf,Inf
3.617975267767825,12.672565477211805,-16.424927799130664,Inf,42.14888414032909
0.29437683963350736,8.013261479409586,-14.724248897094512,Inf,25.620793541784614
5.121024906448977,11.065959243805032,-18.537782356464767,Inf,31.0535596007905
1.6622300510220356,10.49407216186711,-15.511082903585436,Inf,28.866076604212203
-0.5210705670857081,9.414788703109494,-14.285049584745098,Inf,Inf
2.9419661110376367,14.129422377577264,-15.826390720174572,Inf,42.86574448394178
3.546367124856893,17.954342245868915,-18.981385582616845,Inf,47.860672428006154
0.4156493197148414,13.172630832189412,-16.209015658272115,Inf,Inf
-2.9385726915724035,12.912451634429004,-17.8530641465297,Inf,32.77479316997718
0.39459996651871876,15.782992302936798,-18.934925436175565,Inf,38.75150443520304
2.1636080257572203,18.4965311386007,-19.664075873024842,Inf,39.129960431319724
-3.001943609663016,13.350102153832509,-17.02321374565125,Inf,36.594380893617064
-2.152117974414818,15.363396617666027,-17.468332870605412,Inf,34.341474919972526
5.577299467290622,14.811883636688279,-16.168377986154763,Inf,41.91887476898566
-3.6378970756045277,19.572682050455143,-12.602719206334987,Inf,Inf
-3.4974807711380684,16.041424950201204,-13.746188373286321,Inf,Inf
-3.446005513925769,15.626381028773004,-12.674665121542343,Inf,Inf
-10.906851523583878,5.67542448766649,-12.327280694585303,Inf,40.07036041717819
-16.044685955903102,6.53416120696982,-9.041971026522457,Inf,Inf
-13.384697344419134,6.372260635242164,-8.851892283926057,Inf,29.377635268452106
-16.561190897361282,8.476193229069644,-10.655888663585218,Inf,35.67890813190951
-11.183787612058369,18.533622459010466,-11.64753049485003,Inf,Inf
-13.149147515892707,10.469091034379623,-11.557911634795772,Inf,33.96819937178842
-2.363050674716014,10.545681061028294,-9.241573704619404,Inf,Inf
-4.093379794444774,8.107092855411793,-9.53779934201994,Inf,Inf
-9.262214090889342,4.517668080305874,-11.699289849575019,Inf,26.033374289241713
0.4719806632960726,14.000975772099018,-11.905903615203863,Inf,Inf
0.7342166611653127,17.56582890887556,-11.845340985713202,Inf,Inf
-9.489160580804494,15.905682203152047,-10.965429465672782,Inf,Inf
-8.997265398028329,13.670289321795437,-9.305330717862113,Inf,Inf
6.197389471444321,2.4593962840246952,-10.500863335211914,Inf,18.012411741909844
6.188333130515112,-1.6757156190291589,-11.368201347931324,14.80355710089973,14.80355710089973
6.576374262732632,-2.537592185047579,-17.060470205901037,Inf,20.051737313616083
6.5879227952591,18.622073835306566,-15.166026271443975,Inf,40.16829378611125
6.327551258726665,10.647318212997394,-16.248751745065626,Inf,36.67093338174338
6.743914436124001,19.63047325460559,-14.209479289447362,Inf,38.515759917425086
6.294449305593215,10.204433569716429,-11.31753174297578,Inf,24.341605884114614
-5.212773831493873,10.697475486829326,4.723467654219313,Inf,25.702432197285066
-11.097637650406238,1.7552462311545725,-0.8331903635657056,Inf,26.523234358376065
-13.083997337224362,-8.299375100368627,15.051988901036609,27.407127736229448,27.407127736229448
-19.508852532514062,-9.53118942793286,-5.05558937979159,Inf,30.031895914332594
-19.73832694111981,-9.589776731074409,5.0988276590002535,Inf,33.35307315730101
-17.112253630848684,-7.755924098936493,-8.536324559884347,Inf,27.067838976608357
-8.988473910758188,-10.932700590901288,9.163489888223538,20.08216514299979,18.91848827738221
-11.998774838847224,-10.731700157335968,-7.474235021890028,Inf,21.873404113697916
-18.385379363366916,-9.114332150475839,-3.2580812937333974,Inf,26.73930804778233
-14.179503922014467,-10.022526774439013,9.012683314004207,Inf,23.971553279011104
-14.854759396525639,-10.375032034961986,-5.654515286685147,Inf,23.431526471841135
-17.202717145432686,-10.011982331724578,-2.0899267033980706,Inf,24.63989344840232
-19.10672835718899,-9.242946673614094,5.743974244211696,Inf,27.722358810308418
-18.672335450669458,-9.584334608886085,9.078570688666161,Inf,28.48618379157447
-14.926396161186135,-8.624893988118005,3.0855010257033477,Inf,22.729899872619182
-15.611105275208734,-8.484755468262826,-0.8177376837634327,Inf,23.21237617348267
-18.455692568420297,-9.108513632349453,-8.336909539191169,Inf,28.052197024157067
-8.960985132271118,-8.92715035036212,-2.0891705731916232,17.388318111707843,17.388318111707843
-7.407569891559378,-9.10605573181984,0.7402686185590994,14.839121701871305,14.839121701871305
-11.482432986543847,-9.746460411906881,-4.417649321974562,Inf,20.027614421925588
-8.15074655952496,-10.468402364770162,-1.5285887452507225,15.559056976030345,15.559056976030345
-10.329890473054455,-9.656813573663792,0.5321679934114627,17.82016139492626,17.82016139492626
-11.397075277159825,-11.269028597640505,4.309102774194507,Inf,20.0007881784966
-11.755295553299856,-7.892698523572088,3.5858336902520875,Inf,20.17505598949166
-6.460999766307589,-7.884701949020307,2.36185959345309,Inf,14.404238195263542
-10.293150351464746,-10.062762800347391,14.514665800024353,Inf,22.89604770019165
-17.78215853345295,-8.939699156668244,9.892040182165111,Inf,29.12825432513124
-16.40302848971361,-10.474805425672837,11.24985027296092,Inf,26.61791325798938
-8.689075287365435,-9.9572090790471,13.630702358495377,Inf,21.17785714526736
-6.5909965408073745,-8.61598809262265,14.76931980497912,Inf,21.306886055331365
-16.942315596113502,0.7147248051427724,-1.316431352096366,Inf,Inf
-15.582037426942215,-1.2950604165880009,-4.1822244468397685,Inf,26.8056842282542
-19.127556366023803,0.7919129477165114,-5.967009129286431,Inf,Inf
-19.166036144826553,-1.6821213178805294,-3.8633345748403443,Inf,Inf
-7.933092014880625,-0.7228973862886612,-5.817611386105321,Inf,19.929454036785046
-11.84116743843207,-1.3667725022042916,-3.804238990968585,Inf,23.516452674731116
-5.416599836839948,-7.186396640021231,-6.162541593557229,14.532874037113196,14.532874037113196
-8.619375091142425,-6.7523850985161715,-5.226522382777485,17.897731732570854,17.897731732570854
-9.911355985283112,-5.993326133451076,-4.664676736189897,Inf,19.41855200424849
-11.368758405901342,-3.3467297471691637,-5.411319949692137,Inf,21.655764422169433
-15.142082512008175,-4.187378300145266,-2.672374614304964,Inf,24.619827555109065
-8.686610693898462,0.27537229160778764,-6.861908616072858,Inf,21.558837188150658
-11.795609657164752,-0.4879489322219328,-2.510858796531828,Inf,24.477508531754676
-12.085829260670184,-2.992503184999748,4.337695042032699,Inf,22.153028302907565
-16.075805010882505,0.6294517219229157,4.888907397944202,Inf,27.653726659674533
-16.323654268462732,-1.3466434821088598,3.213679346183717,Inf,26.909039746667254
-15.833887139006979,-4.620288344776933,-0.4306625980054335,Inf,24.45660636883158
-17.82193979166877,-7.549362242359061,1.1747982573735456,Inf,25.629458915351975
-16.612957600099012,-7.577671879639407,2.9846595878617137,Inf,24.436642782193328
-14.869758071783714,-2.4181259649559372,4.185795110863275,Inf,24.999647772619404
-18.264978657055924,1.7369065720294046,9.41188835747414,Inf,31.4279847567865
-9.268772326739976,-3.167567602193124,5.551730229546905,Inf,19.44830721796044
-8.013135581956039,-5.146784156520967,4.235235392804817,17.713966786625754,17.713966786625754
-11.91491276704701,-4.778875254105923,2.7347107763195844,Inf,21.397965365549368
-8.346295632683383,-7.185873653351269,2.319855057185059,17.49682720636418,17.49682720636418
-6.6697785102746465,-6.16230304863409,-1.2636149845917366,16.146774868412525,16.146774868412525
-11.554095978411372,0.4797553407244415,14.902484238920088,Inf,36.31981987235865
-5.928973690830519,1.5895642240149677,9.916416317250167,Inf,21.49152741404618
-9.294496805826222,-1.6084078758349136,-0.7592299691862081,Inf,20.762455566767997
-11.532794341593098,-3.0699934192704603,4.157441817680947,Inf,21.62809691950658
-11.02498804385891,0.254573759467867,1.1934865425940266,Inf,24.60585757628894
-8.239869293398439,1.2895251548743474,0.1384304794551312,Inf,24.021736466489457
-7.248665034110866,-0.6307863851551154,14.79779115894307,Inf,23.727472064758224
-10.88239869153715,-1.4927797850765927,10.037911492242397,Inf,22.930359802579144
-10.550570713579726,1.6881274435419158,4.007676762516983,Inf,24.70234210466684
-9.016737202813419,-1.160209717561873,12.7690886492461,Inf,23.416154624830096
-10.181248798596636,-8.62107520153244,18.175401143170298,Inf,28.29877207003487
-19.896634862862008,1.6127028901981255,17.662149076493805,Inf,72.06913569631165
-16.109315128106925,-3.0998749692303917,18.097098261720376,Inf,34.04926492485577
-11.19756765456156,-8.595512983866822,17.453213056514727,Inf,26.958963525056294
-18.90932132780213,-7.8312272348502,15.698644562861624,Inf,32.613861982627924
-17.341754751090104,-4.0044934796690335,16.022754419736167,Inf,33.213825817388134
-12.649321240467435,-3.0835459219994554,18.640187903487018,Inf,31.909922929503423
-19.6715118987861,-6.323032916573377,19.19190600158285,Inf,35.4345924745906
-12.535722318636315,-6.8711363551906235,19.102204889635964,Inf,29.187830412662134
-11.80648691887022,-2.3597204865288113,19.33987481281047,Inf,29.592802224079662
-10.810782639712295,-0.7650767325834984,19.810391887413957,Inf,29.99736024329193
-9.881892432300647,-2.7585349766058087,15.921845123251792,Inf,25.649955042925672
-7.14109162642746,-9.484390852619411,16.301639063437854,Inf,22.664808968764994
-5.694545218650022,1.147264928253584,19.872865861392896,Inf,27.26302089500372
-5.989905413012275,-0.676681533845354,15.567954552219135,Inf,23.682622890881554
-17.575673677376116,16.02620770681459,-3.987593743191809,Inf,Inf
-16.955252534350926,19.10269227458854,-4.191041003382612,Inf,Inf
-17.75767754354692,13.10002657019438,-4.896361936930331,Inf,Inf
-19.75095922263244,3.0956059237668825,-4.237992687058352,Inf,Inf
-18.764274155894157,7.035518112333197,-4.375854540063031,Inf,Inf
-16.245570892358387,5.501956778679428,-4.677251369011897,Inf,Inf
-7.757254400157736,5.068524956067382,-5.154670889461039,Inf,24.88964755910711
-9.183266996298673,15.228590202550478,-7.672617046651107,Inf,Inf
-12.02048060683377,18.654753631836456,-8.053153563594275,Inf,Inf
-13.565770266513288,17.551083192085784,-7.686520095387666,Inf,40.11764506406511
-8.818030870965625,16.4232430166157,-7.9970866484978576,Inf,Inf
-7.326009695581357,11.950375238862925,-8.351457177552692,Inf,Inf
-9.887569771271716,7.240931514410931,-8.542691200755153,Inf,28.57055431719249
-8.109415967047733,19.8821524619309,-8.423487475857323,Inf,Inf
-8.838739929506083,17.977844034932737,-4.45578353922083,Inf,Inf
-10.086792774587794,6.643877897187345,-4.2431036862395555,Inf,Inf
-12.154760409939422,10.146868453403115,-6.084904546836718,Inf,33.00060376631169
-9.637202699666796,17.98536749110744,-7.567815626714278,Inf,Inf
-13.570171387240926,8.509375024150412,-5.579583473715939,Inf,33.464480246482665
-5.849333215817634,11.180588093268149,-7.240576377616357,Inf,Inf
-7.4220790966019035,14.068283798012892,-4.618043909013627,Inf,Inf
-7.8468057225900445,12.270636968870711,-5.8954891312924484,Inf,32.130313864893175
-7.129467227774144,19.845287458830683,-4.239739091823473,Inf,Inf
-13.692365894295788,8.637331204582239,8.800460610224299,Inf,58.847589515262534
-18.225028538378396,7.8375339686027985,14.128433847100759,Inf,65.88832847339854
-16.243732956958475,3.608324445040772,14.200645494692537,Inf,66.65543042439951
-13.857737206156564,5.621271832589201,6.555900143440283,Inf,29.41378033722941
-14.70108198158301,2.699984138438161,4.944265793387636,Inf,27.467482029391128
-15.478439384864116,2.1849166359604055,1.7542757331186394,Inf,28.483223550991827
-16.39885695195339,2.251011235324583,13.240662947480438,Inf,30.326635880943204
-18.12857837885515,3.2467739337774226,8.634201213515233,Inf,31.843402968100293
-18.454075796289253,7.671357725841581,8.311357216203604,Inf,34.142427258495275
-17.626118524800198,4.014689964909515,7.64536716260805,Inf,31.602412007146288
-13.723414651622567,3.511909509117608,6.218321690580069,Inf,27.504584081318704
-18.56626821834425,6.547126895795312,17.263173129983976,Inf,40.9554050744127
-18.635111646081164,6.812675383754907,19.94196028516317,Inf,43.64820214061603
-17.385957503224986,6.268585142078429,17.955751829386735,Inf,40.43247225437667
-18.254454121691374,6.220631343876004,15.712431176767254,Inf,35.357616187192384
-13.875380971923574,3.6410900903741634,19.755801598277955,Inf,33.04112657086887
-19.171380522209223,16.76967906339368,-2.4964930491161823,Inf,Inf
-16.12303942095158,19.244573557846564,-3.3215082549587223,Inf,41.46632118065585
-17.461376085957845,8.82850102056122,15.137389528782876,Inf,66.22313368788178
-19.749037969107206,19.23627346780202,7.9071804556100105,Inf,68.68568131842417
-19.695470720627082,11.042830306940623,19.751586979839814,Inf,46.21645543914974
-18.66998353792531,11.990459564242553,10.485630145205516,Inf,43.94324088085487
-19.135300953695335,17.97975750377003,19.558815612245404,Inf,52.272162912896256
-19.146371701534814,8.192075898317341,-1.8805494402715794,Inf,36.40481707275936
-19.12969079765044,9.427860767229419,1.3676228627168285,Inf,36.28049936918476
-18.4261576425447,11.974002861263592,17.800023961618294,Inf,41.67843799490221
-18.441322920941687,12.469466687928886,-0.16762643541174072,Inf,39.756446336260474
-14.686993460381466,17.529892037711726,16.9048507620192,Inf,58.22173831704487
-17.1416069782269,13.483279402179022,12.348592812463167,Inf,44.065002819540396
-14.476433165969489,16.481173180347838,5.8252133186549955,Inf,46.138780158020126
-15.727029707141682,12.15587802024956,7.1844307532149365,Inf,40.68224838280622
-16.31827892139909,11.932512304903781,6.061492846595449,Inf,36.20572117965462
-16.39729803745987,9.631182989116141,8.140898206046678,Inf,34.41787621536716
-15.613699089822877,16.98065706037734,10.46205001866263,Inf,39.679218078678126
-13.868107839519874,9.200971861217013,10.961985977119227,Inf,33.625236855199276
-14.17642605309747,9.016549532341394,11.261859178381776,Inf,33.33851308469751
-16.92940364271226,14.852993364616566,17.10144261748404,Inf,47.72449109493479
-16.803011226886994,18.925705988988355,-1.7038510168057925,Inf,Inf
-17.33512772722299,17.755547973759306,16.661189251223306,Inf,50.13856989924004
-16.719347271153254,19.711658252163026,14.782499298779953,Inf,44.90866426278599
-6.918711135081521,16.0683560937792,12.322318050425629,Inf,49.08489511746005
-13.678277160353396,5.023624915830105,19.113281149129627,Inf,73.19857709265855
-9.007465981220166,8.91287944073288,2.438316874776987,Inf,27.651013194465804
-13.332957286770153,9.533840651966141,9.84190436214223,Inf,38.03280869957965
-11.023133393844589,5.671022632381273,12.170143282086833,Inf,31.81180651079876
-11.426355326126858,2.2858574545927013,-0.5668080650699103,Inf,27.19836722695794
-11.888624887044603,4.510769119261813,8.763053164682049,Inf,28.173734269944948
-13.44399615171299,2.329854757338758,1.2193442002375043,Inf,27.434562224241056
-13.467813244937021,2.421489102686742,9.589753162852546,Inf,27.52141868089454
-13.509140424132733,5.043934665917238,9.821454452695466,Inf,29.82223090236392
-10.212179308694633,9.143886079501115,1.8006669788073992,Inf,32.407553056269535
-9.128577928509465,9.068418372699824,-1.3489664079152597,Inf,31.249651248265078
-9.709742639167693,3.723451121937167,-1.9952890486127117,Inf,26.056170167721476
-10.85940293092829,2.1429907424528594,5.749367081880656,Inf,24.99548631875302
-10.642538094292702,3.171347090263062,1.1906733407250947,Inf,26.95379487483016
-11.23949661772155,4.128582429768663,12.23441943816141,Inf,31.909161136746388
-13.146680409202594,7.5249469894398935,17.360734884396727,Inf,37.71847466044972
-10.581078829782138,5.641179019114972,13.707351765694881,Inf,28.732304737373283
-12.515771713451018,14.18783572612768,-0.18424039071334875,Inf,34.5074830977328
-9.28464526971613,12.330669112358194,4.842738897576595,Inf,29.72938053304708
-6.582500356588925,6.8549208016153145,5.534152788766306,Inf,23.584182418822216
-8.216791367094132,4.156294007855408,11.974697614947623,Inf,25.498862364300393
-6.158019666502694,8.270879951418799,-1.904995467888149,Inf,Inf
-6.016896129935754,10.151731472900956,-2.86456937783651,Inf,Inf
-8.381398750072302,13.902831612401478,-2.5325363578753546,Inf,34.12599530967461
-8.93707251442943,13.641583458281474,5.054515090286031,Inf,30.461398979288273
-7.616542962680795,13.588903753359567,-1.1076743463484533,Inf,Inf
-7.18760731860117,12.852513232204004,2.82401465457756,Inf,Inf
-8.26035165467716,12.697304540765174,1.1694067282316496,Inf,29.196304191433942
-7.3032713269731,11.303240323377786,2.740656053322841,Inf,27.418088987534762
-7.102949170767152,11.035064507659609,4.84632034222485,Inf,27.133755501908812
-11.76801825539691,13.57752167220692,19.75119390914316,Inf,40.6638279342679
-11.436435149301154,17.387272441008726,4.609922482057165,Inf,48.76234465536684
-13.144674922352877,18.379341921332312,-0.00802699573728205,Inf,38.57186170653944
-10.040853756235224,16.45322054707043,-2.7102554855909915,Inf,Inf
-7.046435657054211,17.225419847662813,16.182941100223886,Inf,38.69833091954361
-11.463413147767376,18.104971276014922,12.739393107354985,Inf,44.367662771514745
-7.466422698749442,16.4733246022236,8.721568047735744,Inf,37.64753468595018
-7.578325771305963,18.377377274705168,18.900096056545024,Inf,39.42473554937331
-8.079219740032899,19.816644447974205,19.302672381714316,Inf,40.95174503965183
2.0658198024653274,12.30103955542036,6.881001758019821,Inf,25.208673784422817
3.0,6.0,0.0,Inf,18.89767467041644
5.861723670935355,11.40061509775191,-2.68888885485266,Inf,23.33324440014208
3.1534684855244777,-1.5026391157110126,-2.991511714500021,18.006868845460268,18.006868845460268
0.3574049641749326,-4.972204414419776,-0.7385714173259039,9.000215340201537,9.000215340201537
4.142888967377914,-5.537854217692404,-1.6848579471013458,6.390372939181411,6.390372939181411
-1.280873838353756,-6.365537300314337,-3.769280444768725,10.969149828070535,10.969149828070535
1.3701218164284334,-10.125806082916169,-1.9524355243019187,6.02260307865939,6.02260307865939
0.07494183702070956,-4.141595694274702,-3.891678330066817,11.224396927772062,10.931700328723647
-4.934507380103126,-3.2751640375697306,-6.7516132657321215,16.607744867216216,16.607744867216216
-3.8440117351810343,-2.363916522424976,-7.2832280269846805,16.224463777218208,16.224463777218208
4.005263285182885,-5.978611512598135,-2.649540716016155,6.418945111021981,6.418945111021981
-3.9816733252202567,8.771944817207114,-5.297392650155741,Inf,Inf
4.9993287930285035,1.7593603148003112,-6.802222038863643,14.67803402133972,14.67803402133972
-1.4873477311891676,9.517898410797141,-5.939614181771828,Inf,25.550226082672637
4.400430578505947,2.1857178948154328,-8.113625374188747,15.898639207561782,15.898639207561782
-1.5801856865912,11.53874461661016,-1.6996757880832831,Inf,Inf
-3.609281680205534,11.178543831612878,-0.5153318761604737,Inf,Inf
-3.191790901808851,11.327843348184345,-4.233589954169927,Inf,Inf
5.393685169690876,1.94263979245898,-4.019644809864369,13.770647037187953,13.770647037187953
4.147908694516502,7.1536003262174575,-0.24133089648276496,Inf,20.190783829253586
6.0817878329504715,10.009133522847637,-5.380361751069005,Inf,21.979992746296915
6.430719911100333,7.40314476235617,-2.954156833958315,Inf,19.42995973467715
6.505744370984914,-4.203731239542954,-2.985134070971867,7.439394001721816,7.439394001721816
6.009402320525048,0.7271191185289254,-6.066887889523853,13.275218474999951,13.275218474999951
6.239020103166482,11.909357977560102,-1.6508908298469294,Inf,24.930269234248478
0.7926620178892847,2.3821968462435095,12.207330678136643,21.401788678226367,19.43355826983434
-0.6000858820593962,5.700761753448624,18.797979495475666,28.911067710839085,26.69983627810571
-2.748788882023039,-5.278803290247387,10.41442159172015,17.186965755171542,16.25100131186393
-2.6528229593582076,-8.360931423201867,5.068467791898392,11.730926071225351,11.730926071225351
-3.2827486385981715,2.4444759283561552,9.352356371448636,Inf,19.876088824434362
-2.8835054010187307,2.0637954889393555,8.952279801895262,Inf,19.20287015904824
-3.5268059994348704,-5.950295636933918,5.1899652478457625,13.057327127143129,13.057327127143129
-3.8556065245454185,-6.272756470542937,7.8804087702854915,14.771502995847388,14.771502995847388
-3.4741943324085938,-11.073958754355067,7.719715686567437,13.216583588393323,13.087628332223218
-3.9539084183071616,3.348205552649315,8.483853630671454,Inf,20.34841928856851
-3.851066495488496,3.871552179288969,2.381522614247096,Inf,19.182298963633926
-4.640057620840405,4.782237224854555,2.616406417989758,Inf,20.373117261022085
-2.3093116498644584,4.116889362831877,8.55623751520417,Inf,19.79345615911226
-1.145153341662592,-5.412574947480175,7.010450157838484,12.527179728366772,12.527179728366772
-0.3826312479328209,1.3349044320795933,4.2003110035311835,15.17656137643158,15.17656137643158
-0.8738183196470644,1.6473386340504348,7.944818687635625,17.120979456583974,17.120979456583974
-2.515656185736937,-5.509292871431004,8.71634395742241,14.606880068604394,14.606880068604394
-0.9168681830841763,-1.6811585116859185,10.3174596145331,Inf,16.933389747157957
-1.0662861320088268,4.443437870375071,4.964499590421411,Inf,18.194806531052436
-2.0408415098003374,4.662009924423167,6.070482739686433,Inf,19.245253944148285
-1.1190209351188507,5.550925275178109,8.357963622915207,Inf,20.253166744688933
-0.661840094191966,-2.7686261892308366,11.789093643275102,17.579278936746995,16.949661334218135
-2.447098834318542,-11.14657856607173,18.7184910974916,Inf,21.44690962054437
-1.9022914053310735,-11.291080946985952,11.382533112122005,15.254899373235993,15.254899373235993
-0.9075605383229579,-2.5819338079178493,13.517104694075897,18.70866873221956,18.47565237197458
-1.775539524747014,-0.9097260219266019,11.529419133715805,18.469354493916477,18.469354493916477
-1.3529087059691207,2.657219891167479,13.275807305613974,Inf,21.846182092518443
-1.6947169544147656,2.00170943483732,16.900816207453076,Inf,23.79580628849383
-5.011051912134565,-6.046226211369028,14.335929835285846,Inf,20.431945924514267
-3.555704789225871,0.9337446183404552,18.335670902483272,Inf,25.00184904961567
0.28196737074578593,4.9446127491990595,11.475810860322468,Inf,21.14470649813164
-0.4135796575878459,-9.585127995037892,15.913709092546569,18.129782490769074,18.129782490769074
-3.338406241763199,9.046134583880114,14.391447435732161,Inf,27.34149767775689
-0.38576405167624017,10.855335469105782,12.26849319791161,Inf,26.4400938472637
-3.865147839533698,6.779292461070838,7.466728787680932,Inf,22.264721466092166
-2.5636930941284604,9.301746499475883,13.729398944321204,Inf,26.795698500804207
-2.0044544369955446,6.385213473441446,19.30263536133829,Inf,28.046998414589154
-1.996926048952119,7.478703205808948,14.434641848803025,Inf,25.592722862145905
5.962825795299462,-8.571751164188397,16.555573374852344,18.193667398057908,18.193667398057908
2.3646321247620072,-10.81164314035953,10.088489599821209,11.560461197993206,11.560461197993206
3.825096055729425,-10.993199519042971,3.167640025523781,4.484863948124447,4.484863948124447
6.065634778264073,-10.040737490237914,10.45218984312725,11.9151499736629,11.9151499736629
2.913504439990504,9.889022143377481,6.025481982494661,Inf,22.664372890322756
2.7921898598115007,-7.546920920011342,1.9807077283977108,5.792462724425847,5.792462724425847
2.5938537588433093,3.9046804170363174,4.924139366700253,16.57114074203309,16.57114074203309
2.5450353822990763,-1.8222082434158509,2.689454229366717,10.61352723941419,10.61352723941419
1.6219922576142238,-0.7600172864041532,5.122247408314593,12.649811645802876,12.649811645802876
5.5773355454893725,-8.298599531068689,1.348988087278407,3.337859718935082,3.337859718935082
5.192299944200187,10.934325105543998,5.279194504285183,Inf,23.750149639380552
6.373259111519438,2.8964456898464945,3.1194385499653094,15.343799906090299,15.343799906090299
3.639742287912906,-0.5818958229283027,4.663526319132643,11.95690534136085,11.95690534136085
3.2178195773428016,10.36292243708619,2.631875679697302,Inf,23.452470275120863
6.840492877240383,-2.6902229544322687,5.3108062279568635,9.863189132332444,9.863189132332444
4.285720159342272,6.448501488489484,17.092438708839467,28.654413657829227,26.2035501530855
0.8950556709885689,-3.3555359967103726,10.323082303998852,15.361717935863528,15.197951078580862
1.1041008548308362,-6.6396438926452905,8.657952365003759,12.739288764439157,12.001564757688318
1.0411723288098713,-5.942420288985781,7.930706160956049,11.671368592786086,11.671368592786086
2.2282425538679718,-6.390418004266438,11.603750687760268,14.067166967415037,14.067166967415037
2.5481483115595154,10.152253257719313,15.286151282846241,Inf,26.831526647504017
1.146153613666712,3.33371208177784,7.283544331821616,17.28742727889575,17.28742727889575
2.448287643349172,2.7327402147977686,14.974096193404321,Inf,21.383099638039646
2.957197549446473,-2.921581435400533,10.052960085647513,14.242911792984122,14.242911792984122
1.4408714175657948,-1.2316034699179568,6.210110262972677,Inf,12.860636499735161
1.6144670328733142,0.026121220403005907,12.275288993229097,17.77507963266048,17.77507963266048
2.2543309705103987,10.640259394858624,14.29760028637083,Inf,26.62731591470829
1.9940388929384412,3.0505347168879453,10.272054124891081,18.321986043024005,18.321986043024005
3.5529952775562457,8.099774978031196,10.016147635545536,Inf,22.19621732536185
2.719272392354142,1.2930439055860816,15.505126214179903,22.558289400219927,21.12595504658004
2.4872199617856268,1.8197559484001502,18.975989056687396,Inf,24.64397971264943
2.872771077682515,7.2733482877822375,17.308574851194123,Inf,26.5062918520944
3.8065258619919895,-1.0404381384063015,16.439630006058167,Inf,20.790779036838437
6.442718547894792,-7.707732452490248,6.579836312615981,7.378606516278412,7.378606516278412
6.5429226689469004,-8.509954608623405,18.094182590851695,20.388987396480715,19.72355269877317
4.363888351268663,10.236998190721174,9.422496641102562,Inf,24.077597872607374
5.465148648925997,-3.7770706299505896,6.23184122069901,9.662418038701254,9.662418038701254
4.77696582098045,3.999613769554415,9.087031934811492,17.81755522238811,17.81755522238811
6.038234522699515,-1.0746489984669765,6.107064412614669,11.83492054691672,11.83492054691672
5.8443475908780655,-1.347683134453792,8.468521346582556,12.986339431631027,12.986339431631027
5.614719519176461,6.535393955705384,8.927045906124977,Inf,19.847763089588433
6.727277926655173,4.190447715005945,7.482495269262948,Inf,17.079329359519846
4.5197361402768905,8.163065829709836,12.814465738289641,Inf,23.41168276161698
4.515890615166818,1.3533168932217343,11.49739225864436,Inf,17.07510949901349
6.975950565396005,-2.936203588613047,14.758077808542744,16.86203722720787,16.86203722720787
6.920864856805238,-3.498189921270452,17.84619537399624,Inf,20.00135772238626
5.386787930518786,-1.645174056341805,15.34353519138837,Inf,18.99158071829108
5.539402489458645,5.0488616982683325,10.38392379422083,Inf,19.207855488066073
6.774726916810707,12.164627931341492,11.321080787244924,Inf,26.49060351021615
3.951195474056391,17.8812288592934,5.7737543811311625,Inf,32.17612518061451
-3.0208637403135796,16.76788484089984,-5.917109637036102,Inf,Inf
-4.153211579515679,17.690505430507258,-5.705177297965065,Inf,Inf
-3.316684109394341,12.323502374527877,-2.111965677432501,Inf,Inf
-4.416439663593037,18.01894818969477,1.3096741460453032,Inf,33.81982690015748
1.1113128544774682,13.653615082901645,3.8319830485612982,Inf,26.492454166962244
-1.589502315147115,13.212751531911252,-2.1742150309373613,Inf,Inf
1.2498284695187962,13.245851392317292,0.6419453521670277,Inf,Inf
4.741228398778851,13.907799035889603,-7.038053289644877,Inf,30.592354569968244
3.5961066734430425,19.101176827157865,-4.5262787440776275,Inf,33.24957458341358
1.0465782512058723,18.63052549860506,-5.985455909071353,Inf,34.7926463785208
1.9195053991484912,18.108296819765393,0.927113363492662,Inf,31.912845266693054
-2.7530460258056237,17.611391794206128,-6.544479513571719,Inf,Inf
5.424695917346352,15.053480860782251,-4.395463315243244,Inf,27.161424477022734
5.492254268623668,19.945283449029645,-3.843442155693033,Inf,31.963473724850278
-2.538899934541501,13.33269287902975,9.969880198501535,Inf,31.67239188947505
-3.5073397905077,14.124534940433449,14.440061628594748,Inf,34.622281972554056
-4.322692029465234,12.954345773021238,18.484751369185936,Inf,33.085892363224474
-4.066388135385388,19.390429529364297,5.908690730995616,Inf,34.55039263410836
-1.8737696821396632,12.656264597936023,17.351325671114026,Inf,34.43359776805946
3.452948560984794,16.664594306545204,7.048242648179084,Inf,30.704975860938582
3.710720486989736,17.908497003148554,18.43575011875199,Inf,38.393645132118166
2.6442790468081796,15.48649233126632,13.138293639024646,Inf,31.436750404914108
2.5132109887429444,15.140727482670407,12.996451054164233,Inf,29.912328522517996
3.075282382881035,19.54354179860203,19.414352995056078,Inf,38.92235895041958
0.2859431471999656,18.960668773021546,10.485224873605254,Inf,34.154502651938984
0.09722278199442158,19.08974977893468,19.092167884923803,Inf,36.86876843873934
1.5566082333305005,18.711019436456922,12.422858743028875,Inf,33.495242507887866
5.054405748476938,18.289578662737185,12.271507801921018,Inf,33.34890078772386
5.437650394891243,14.29454962336657,10.378408843823372,Inf,29.084020748112234
6.872755720559304,18.399863445732052,13.833985153006282,Inf,33.21388097866442
5.639066173066869,19.295856678794053,12.885691116338656,Inf,33.85935188492244
12.596368318310958,5.9607268589629285,-4.5739451346469195,Inf,18.43655521059456
15.162296848887095,3.2560773066790887,15.28109737573655,23.644928422126856,23.474452250020676
16.030221688188533,-11.24606757747392,-18.882341791850237,20.93199189123597,20.93199189123597
8.711886964165263,-12.89637926644792,4.983801935930465,5.600454716974039,5.600454716974039
10.665018433779558,-16.113949445575926,3.772505477195711,7.335982321906312,7.335982321906312
13.271046809503233,-18.385579236543286,-14.693025293844144,18.774853524826554,18.774853524826554
8.794242773428238,-16.077215075166826,2.418117567608391,5.9029410144670305,5.9029410144670305
12.505508710415114,-17.29291470721425,-14.177280358271016,17.344483924555835,17.344483924555835
11.591449828741283,-17.158473699318098,-19.4415403276731,Inf,22.68920197598008
10.934072879743546,-19.920456865799096,-15.712001461967047,Inf,19.156407553584394
7.793632985873664,-17.988356451969977,-19.893359187123245,Inf,22.08748338053845
10.496325106079833,-16.471813148864882,-1.3403982595048873,6.630361670194055,6.630361670194055
9.93884159146985,-19.426419515749956,-1.741696482259787,9.092570725129438,9.092570725129438
11.826919735985815,-19.36267755003464,2.5727048218586575,9.992614274749002,9.992614274749002
11.902198510182949,-18.489295387818103,-8.664138119058284,12.779927350369375,12.779927350369375
8.917417141655733,-13.439186088583694,-0.6552924827031674,3.171044860569264,3.171044860569264
8.496650689312428,-12.93155289529679,-12.38082642507953,14.182057042605628,14.143140029741186
7.123807697752021,-14.45632855700869,-10.694596802853544,13.59707295362158,12.278324881610326
7.894821933211187,-14.802789497378344,-4.227361649710488,5.7560838050683225,5.7560838050683225
12.02409414198651,-14.317078606057567,-5.484973259094339,8.144290274743893,8.144290274743893
8.720771321910696,-15.346633822969835,-13.823726770130955,17.02270540689846,15.40326901981328
12.87968234099936,-14.681515815679207,-15.787666631620088,Inf,19.234579877328187
10.3822744725177,-15.694612608805443,-8.566485634026124,11.526865159345373,10.836513466882483
12.077360855544839,-12.928825527582832,-16.006066211125784,Inf,19.277531136291856
12.018350577860645,-13.097850149235493,-1.027596597914826,5.535410783221763,5.535410783221763
8.77980399989837,-14.999255663972573,2.9559783107616155,5.282003021351278,5.282003021351278
11.380944502100327,-15.148404258273,-0.5591023455063109,6.059251443313052,6.059251443313052
14.037863421594864,-14.529564397005155,-1.6865982547463076,8.051953803055667,8.051953803055667
15.511187289337258,-16.758414975291586,-17.229816996087663,Inf,21.587045382567858
13.392910412743923,-19.561225576379464,-18.56990801472208,Inf,22.36722159525773
13.894030705958528,-13.08469196823256,0.6507641968985993,7.231672974981478,7.231672974981478
14.905686586493758,-16.128508686322558,15.104458646495189,18.73180838141169,18.73180838141169
10.696270716802267,-14.97543358174009,14.900097518006312,16.73509924296976,16.73509924296976
7.435331374667271,-19.2257831901526,6.772474864500957,11.445553109263951,11.133224048987948
11.170523245916499,-16.52469711189604,4.685464554051634,8.358775054408188,8.358775054408188
8.164202313627005,-15.719975274667206,9.714958294326593,11.137285343032525,11.137285343032525
7.617330031485523,-16.524007341558633,14.127128234948323,15.49783599388362,15.49783599388362
14.108209996288139,-13.067283436342425,10.178218377827257,12.877330426231792,12.734870412109164
15.083309918867933,-9.606207836815441,-15.131837824572925,25.13342758352893,20.094813513415737
15.82116231951855,-12.68722965028882,-16.3103637718958,23.887617861293343,20.987958071163284
10.65489112891468,-3.5168039183021023,-17.36523569435173,Inf,19.686831912299205
13.1319858736058,-4.465529972274345,-16.730111519050645,Inf,20.290144330551072
12.432860756909207,-10.678373017577263,-16.922410289854632,Inf,20.60051116010121
13.187174434176697,-10.537949297457478,-19.131125068596802,Inf,22.743416920650468
14.204511563212286,-4.369706833538194,-18.669331816390276,Inf,22.458557780311747
12.872544866597579,-12.887575373527893,-16.304804521276218,Inf,20.059810692823575
15.533707891755213,-1.8306906931424578,-15.988414305641054,Inf,22.267557861805056
12.167597855387172,-1.2164906149827814,-19.812881898636316,Inf,23.09243520030159
10.717043755824225,2.1855479582085735,-19.07221108375832,Inf,24.05437442903133
7.181751149712969,0.9350156937864469,-19.70044063155825,Inf,23.59156078934904
11.618966380228652,4.61797535645357,-16.357747778268905,Inf,24.265889926341053
13.867544608597754,-0.7362224717601435,11.678752713396783,18.113949489700154,17.321965526892296
9.864622107631025,-0.6122585857053764,14.677441257959075,21.378997581961837,18.952641409693754
13.105122368431523,-6.359365472111884,4.255671130075818,8.770333216150403,8.770333216150403
9.297040089199271,-10.800720735359448,-13.764895827156804,16.358196673348523,15.605237355649795
7.964011010313268,-4.4368912232814495,4.065929795676695,7.7804562299660045,7.7804562299660045
7.174697077433851,-6.760176458457385,-5.949633025962191,7.307855764579847,7.307855764579847
9.075306828673455,-4.662084536139659,-12.406806571959876,14.35834492095292,14.35834492095292
8.466623227551999,-2.798841732733379,-3.4523189696403733,9.018230806787408,9.018230806787408
12.853903380204756,-9.449352984134336,-12.241399691577985,16.512840581680212,16.20006484839242
11.912532947628868,-11.880631925320762,0.4576584715376413,5.011780504571554,5.011780504571554
11.913413677374844,-9.946229599488579,-11.760189906157406,15.454569266969322,15.454569266969322
13.711650334136365,-7.312468823096063,-7.037591425218146,13.957700741334069,13.957700741334069
9.645779775422476,-3.4337433288563375,-7.83419962708809,11.860107772112535,11.860107772112535
11.853133569208083,-7.299725839625637,-12.774880104943325,15.600194350975382,15.600194350975382
9.972459510304237,-7.172347167362201,3.3205033924376366,5.874707186472201,5.874707186472201
12.707464901533577,-0.9939965033184066,-4.98206279344128,13.874393960181028,13.874393960181028
10.904435992581032,-3.3216604180775917,-6.954112704855717,12.479250582269021,12.479250582269021
10.631988463863273,-11.022147357948269,6.356833263355355,7.321281298051666,7.321281298051666
8.52245187217994,-10.42771554269474,15.03244711992103,16.269452597421772,16.269452597421772
9.514646306011201,-10.951067859170829,4.288483684973762,4.971612687552002,4.971612687552002
7.65793106626818,-4.63985735031315,8.317658397343386,11.108033376472324,11.108033376472324
7.694998778550737,-3.349406488762199,5.459856911194603,9.424682587074242,9.424682587074242
9.928455663207359,-9.018900368412028,14.188765807872443,15.43590539806706,15.43590539806706
9.584340973684029,-6.400144890179185,13.919194618710364,Inf,15.468461709331564
12.235179794585974,-2.6287252716231535,7.486551176419553,12.441316445043931,12.441316445043931
12.712987979421555,-4.676411865090762,9.931634825675104,13.631987449135613,13.454103478440832
12.572109226087235,-7.229672811773371,6.523791406149371,9.371425859743852,9.371425859743852
13.276651111288402,-8.641624106420016,7.19576979534623,9.835516711178638,9.835516711178638
13.198591662078762,-7.5428069652355845,10.784414070336172,13.50971675039315,13.180437650912754
13.235006144139533,-5.739557261350852,14.540815550616117,17.552657601391132,17.552657601391132
12.423209330426317,-2.2789123470500954,12.94709197419099,18.396126658082743,17.482590421346497
8.128798819756284,3.590662660578161,4.781889912293238,15.841558838728414,15.841558838728414
12.088963578958968,4.073429405853631,-14.114487171035783,Inf,22.644796531422344
9.349655102336214,5.049006898444901,0.02468295382625385,17.647136635776526,17.647136635776526
8.282760313784259,1.396427862728995,-10.244288329145226,16.59236234066163,16.59236234066163
7.863159441517613,2.4814785503028247,-5.320089639308083,14.649568972834752,14.649568972834752
8.181404242778942,2.065577989741307,-4.820135981647331,Inf,14.079342590181579
13.845569903416134,4.976149637078198,-8.825385645367998,Inf,21.065295049553953
13.595385344474742,4.919448742509964,-2.6051763169662507,Inf,18.32381296945696
12.851758513123919,5.029164230951668,5.32608008760759,Inf,19.26391601777863
9.049160936231935,4.151270991198686,11.392699627173684,Inf,19.08348895744083
10.105798910835144,0.7679873587996227,11.315699007668655,Inf,16.958537189086748
10.428916032561418,1.263701308816259,9.40233071503507,Inf,15.968843541142805
7.388473365768469,3.715748163552554,8.92115443065384,Inf,17.236883099739856
9.831768732123408,3.8015671601704,8.657011891124196,Inf,17.39496351065325
13.102009349077079,4.981144825296802,6.1155456092549265,Inf,19.377761315523937
13.73913432565228,5.698191274848661,11.014735450768313,Inf,21.60905895218182
14.968224021039909,-6.388976871053158,10.770139154804763,15.050865792671082,14.3191126907635
13.987652078044846,-11.892158174816041,10.32293128289566,12.588854801441116,12.541816742325748
15.298306861180052,-9.14119718043458,-1.8999165196413585,8.713594405636426,8.713594405636426
14.810855622981677,-9.681392731024578,-10.225563258796324,15.33656506296029,15.33656506296029
15.513834171768941,4.676585219839254,-14.798483175840698,Inf,25.745971034980045
15.74587424230024,5.517698061408531,-14.795661060845955,Inf,26.256622855745142
14.905014157171962,-4.185341861467995,4.093429141090461,11.597400879614133,11.597400879614133
14.54062568935499,-5.707168364362696,1.864415461523965,9.399529111787094,9.399529111787094
14.867754655673863,-1.7209136993535594,12.235151627038185,17.63193737355469,17.63193737355469
13.92920149480942,4.13599874260494,6.7275891013891,Inf,19.248313274922857
15.699524491474477,0.2535965799778772,-0.08430873167754527,15.851513260448353,15.776933845407374
14.553170556275205,1.3835453034565433,-2.6912898666747935,16.442352640434652,16.442352640434652
18.236342531898153,-6.054445593892561,-18.894090806899236,26.572917882313135,24.529965857946408
19.6871055911054,-10.470931674128536,1.3209345714718808,12.960143871430342,12.960143871430342
18.921033055399377,-11.33323683519861,-9.650674322912076,16.736388007076997,16.736388007076997
17.356592509308236,-17.769251779465847,-16.911253697357207,Inf,21.701458314222727
17.088139336547542,-18.09606832897666,-5.44762324186423,14.066057427689515,13.915242438047876
18.643328046974517,-19.415587604747635,-9.49260391893521,17.410905352773355,17.410905352773355
16.044591965001096,-15.37149578109653,-18.441139410970486,Inf,22.49180768634056
18.25882719439541,-15.536775032622154,-1.513256458578116,12.394885510335143,12.253131266285887
16.37575258122733,-15.090077621488902,-11.889862075011326,15.926131920134281,15.926131920134281
17.71328282509654,-17.615489259167827,-18.179479918407175,Inf,22.83453142428518
16.56166018383398,-8.943266743549989,-10.728068929025278,16.91682763412875,16.91682763412875
18.64920693535587,-8.125869905971852,-11.15633150493875,18.610090712987706,18.610090712987706
18.273133273079864,-14.382193091192663,-14.48112609795225,Inf,19.21487077182736
19.57201407095709,-18.8334284585559,-11.319729919814172,Inf,19.541575769736802
19.132066667709665,-13.089407924085421,-14.812338898384452,Inf,20.41398411963936
19.210014761710582,-14.789421101616096,-12.696998219526536,Inf,18.888378568616236
19.137062698407405,-8.793668347676693,-9.306487783571358,17.927252802925643,17.063092627393154
19.95500931342741,-14.556585783620477,-5.415911736238899,15.046317584258915,14.721039302224533
19.647913992719964,-9.804018704379072,-14.153811809358103,Inf,21.547324632153522
18.183943690945412,-6.732817899182368,7.639316655080933,14.884492993273806,14.884492993273806
17.16654310260531,-8.205464122804882,6.254832753872705,13.659082116035675,13.335606537599574
17.448657415620417,-18.46285416196568,13.54895405286831,20.06291539946263,20.06291539946263
17.315635985329585,-12.010531765859032,6.102446367791128,12.826767823708575,12.826767823708575
16.440431725228315,-15.949584288168275,13.45080628132203,17.822706850678877,17.822706850678877
18.053596112648577,-13.766826372743406,8.868086954836834,15.623083396978423,15.623083396978423
18.013123955175125,-10.875224183691765,13.254493161683982,Inf,17.624398136168413
18.90901784613228,-14.29656023061165,10.616622288010518,17.189249558548894,17.189249558548894
19.34596985590241,-2.2068756034334385,-8.582059710202454,35.89539676143736,21.148301891425067
16.547690085572988,-5.76629540423494,-15.63162633698095,Inf,21.305566277483578
16.356898118943455,-4.911479758031225,-19.391138409045006,Inf,23.95258852344465
16.409611210682193,-4.076685828366848,-13.724116620061668,Inf,20.851988160907933
18.47223658199973,2.2813039977532483,-19.698384785470413,Inf,31.979742531745256
19.958489746614006,1.2801352603548821,-13.07751975424094,Inf,25.501388703747384
17.694233460182446,-2.038613282053923,-18.860861499520077,Inf,25.541870407602545
17.81040607200032,1.5276074639931814,-19.534650263525446,Inf,27.656185756282856
18.67678360812343,-1.2922619150306218,-8.754314617652383,Inf,20.711417530760386
18.902123873665985,1.9572760449318878,-12.168172142126279,Inf,23.810387972172695
19.85320057646645,4.13140804317819,-17.255081032397843,Inf,29.423590168631694
18.655260852528443,-4.861715478438544,2.651303679205199,13.673193368074251,13.673193368074251
17.455081728147633,1.1828341441542811,5.949671655652395,17.640314008882765,17.640314008882765
18.55936177094746,-5.034553172410909,4.647207751152287,14.396802447830282,14.333754868392926
16.267905256144886,0.6681555830895931,-6.788721692556932,18.18401799649758,18.18401799649758
18.307628112256566,-2.1510536932209874,-4.013526302633128,16.612041511161273,16.612041511161273
17.503437354708396,0.3663208326843126,10.355985754935489,Inf,19.146425965931513
17.78742712819976,-0.4358321305966655,10.242170998728035,18.406224757090648,18.406224757090648
16.580633561334146,4.00235487175361,10.690350405673286,Inf,20.99225334155991
18.14648780014891,2.4537361042397237,5.855685007295655,Inf,19.090164911085672
16.44448617581753,1.884995073498537,-1.0015886905450877,17.734972124536167,17.734972124536167
18.373943567988093,4.879224225865837,11.064672649737268,Inf,23.816431275554372
18.99022411610659,-2.2154404398187495,7.909765925696924,16.842442359933024,16.842442359933024
18.883215828564317,-3.7073052164247073,9.553212577444647,17.04582311224813,17.04582311224813
19.091593776116582,-1.0923125398785594,0.5825230262057417,16.006453738511976,16.006453738511976
19.85493389247764,1.5228563534079171,-2.228728153384168,Inf,19.26203151987876
19.32327878697908,0.4107568907554011,-3.8880276683782533,Inf,19.06355425880448
11.386563289340792,1.1671289861532408,16.67444540073501,24.007586779622876,22.41859361852483
10.781173037298224,-6.497821574472971,19.791472923151623,22.841683154776995,21.63858967384038
10.501031034943502,-14.79171393599568,15.844250071794043,17.716575420178692,17.716575420178692
9.320177766386042,-8.59595854929661,15.531736235868003,16.823458520891702,16.823458520891702
10.20781666440083,-18.777354824941668,18.444261113988354,Inf,20.60959535941607
7.990587504234689,-16.974857807298285,17.25657852455747,18.68155181012029,18.68155181012029
8.203877658269512,-9.943512456651025,18.802181774192647,Inf,20.083484784218214
10.060874352388236,-8.95288655952279,19.35192066932575,Inf,20.60117989760311
11.169205792388848,-9.33838706854944,16.39057221108436,17.98335197686976,17.98335197686976
11.056301196491553,-11.092955988342235,18.44224657417442,Inf,20.300660365258523
10.310082032063505,5.245757301111791,19.09719302203213,Inf,26.70524998900187
11.239663680842654,2.2840118221398527,16.306136659505206,Inf,22.54871848262167
11.329553006856479,-4.250679074947916,19.035148382875093,Inf,22.37755016952537
13.834351712866805,-12.703911682198745,16.17309834035091,18.889453441953904,18.497060904722083
17.358349587399154,-16.322940659055376,16.081546277410013,20.3614463796028,20.3614463796028
16.28887729633761,-18.25155566189334,15.666806106498584,Inf,20.735866144636663
12.414228430081025,-18.6884019960646,15.373867210493096,Inf,18.811757918546498
14.548844374569555,-19.57344166371845,16.78920223628775,Inf,22.163307009865925
12.48152851778655,-13.62355486877556,16.80932831624439,19.67786727859246,19.469224643597443
14.055146640760434,-13.07644465745688,16.428129605782857,18.808222659250028,18.808222659250028
18.992616176203107,-4.787153858696955,18.538200292948154,Inf,23.944928026959
13.121268338760082,-5.697450238029544,15.82414621106323,18.8131355165701,18.8131355165701
16.63336907268105,-9.125166745059214,15.493015345233168,18.799090366302845,18.799090366302845
18.543681011931824,-4.810379548509349,15.597651442256229,Inf,20.530452086252627
18.128754439509514,-6.690803689346003,17.309226264460065,Inf,21.588205631562413
17.3279519937322,3.4359283145509423,19.524664939632032,Inf,26.858191201476394
11.47915205344912,-8.117354003083044,18.572371021092252,Inf,20.172300631671895
19.700773807624053,4.063566479895133,18.69764292116477,Inf,27.560788203026355
14.565346403973109,7.101697920962806,-19.402288610704616,54.42761592107531,54.42761592107531
17.914156014238365,8.621826926536809,-19.519159287004122,Inf,36.969419646316155
13.516879943855088,8.041359641685588,-19.78671512127424,Inf,35.24327269736501
11.497408681494122,17.45445348920267,-19.543427878757686,Inf,36.665688732855585
12.386348471200549,17.3257264460304,-19.98642419713284,Inf,37.18038837623742
10.085601729932272,11.980246873187468,-19.623917647020804,Inf,31.599077880740637
18.528408036834577,17.36879204734816,-5.542501165333631,31.331172201772247,31.331172201772247
14.936562742780943,11.142190572148714,8.473088205551047,30.99265083474081,30.99265083474081
16.065908519130375,7.740104265341799,8.568243613239073,27.406752387610204,24.836459695563185
15.494384281654163,9.613475760856325,-14.09357340924009,Inf,34.67823791336576
7.623816246181185,10.514892746561337,-16.043271617154858,Inf,27.981604698752747
12.327356200829094,5.968396921358206,3.9588875970288306,Inf,20.736335351295537
8.483856001139934,9.574665739273208,3.9516915959319547,Inf,21.89330137227799
9.543595905654048,7.4541858387692805,-12.574358235095104,Inf,23.204121853273882
9.925485744756564,7.307932650688489,-15.50623938420399,Inf,24.675218556472053
15.386706073517466,9.662771069032232,-9.772479155944929,Inf,25.401888805766536
14.524012825059458,8.250355402090026,-16.194444958236247,Inf,28.094026302404888
10.272830233065022,10.299011977054064,-12.529319500410807,Inf,25.996497050985305
9.690565973323004,9.757529837796621,1.7956747195043299,Inf,22.689241387411293
9.403796906429804,9.688034902988136,3.9776554693201476,Inf,22.12251110910884
16.756700667380585,8.263379837531772,1.0032802895433761,Inf,24.003635633117597
16.177785380252168,6.0721076671526575,-17.449720018691288,Inf,28.473144071496108
17.909812545397664,7.503669849394754,-12.940653422484658,Inf,27.37733557175788
16.68964118025835,9.09138746463131,-13.87065350948368,Inf,34.98736971026237
11.981790897007485,10.951155334587757,14.909066824256676,31.9796900082059,31.9796900082059
8.157537428709887,9.028824052139388,16.692920929526167,Inf,27.54230549483041
7.759940625939834,6.9482537751939155,11.850921642556465,Inf,22.147818441432705
9.68515548773837,10.19203290929763,18.987517896698364,Inf,32.99149605805785
9.211472552064386,10.011994312175247,18.356354145193954,Inf,31.652249107316923
11.678343507953866,9.387117224472004,14.28946637253663,Inf,25.815756125887287
10.800777592318902,9.29645016829759,19.565028029608094,Inf,30.293864415365235
16.924038250366927,7.300593015163805,14.197761415111131,Inf,25.819077724135003
14.675653564607074,6.222865090731489,8.82183432347043,Inf,21.719761640651257
13.551856457615969,10.59511764196058,19.756907076475002,Inf,31.720180198757248
15.709519624914051,10.222510961551823,15.979064316689168,Inf,28.608805229301566
11.836145334137935,14.921529292840994,0.3250761334527468,40.56177014712421,34.85803340038018
7.878142519514988,13.823994175026861,-9.761125625230704,Inf,35.03972604577886
7.317048549394087,18.036497521831393,-18.880099587908017,Inf,49.11184174716157
7.139265853280968,12.300840894379725,-13.672080189592588,Inf,34.816200846262866
7.737262173367661,12.1025679116362,-18.741838285803134,Inf,32.30904011337786
7.800730422134208,16.394430672501812,-5.658425213333844,Inf,28.598459532746638
11.129236118008016,15.374466648728891,-11.463110591091512,Inf,35.70204740017696
12.48861693505986,13.169564121419732,-17.643224733089777,Inf,37.940007722411416
16.730764218681323,15.315736178361412,-10.298163765047228,Inf,34.91512845466464
11.357137337624437,11.536704324974984,-2.0070839779798533,Inf,24.69882271706326
12.989114417899287,11.461825242075214,-16.23102495611117,Inf,32.85713493538334
9.055280741116036,15.372580509794275,-10.909375023521513,Inf,34.40587100318484
16.696981752321484,11.547762995213766,-11.030301107440685,Inf,27.90833095595456
13.387299227020478,13.32460216901655,-8.203245620512165,Inf,26.68422477848288
9.91972864289756,14.51209232376263,-2.5037371875977072,Inf,27.36174359577749
8.206332938167158,13.44828330050457,-7.945627718818233,Inf,26.767688703910586
9.935846749894345,14.719637264558216,-5.597887665701595,Inf,27.647708494313058
17.72804103498145,11.287389801707999,-6.125520141639411,Inf,25.993987842048025
17.1142166973099,11.989360411970004,-2.8871786290204042,Inf,26.156694959107508
12.275604846802409,18.268905612758672,-5.59384873702764,Inf,32.3819860097051
9.134316866451996,15.849901457360602,-8.745499111625028,Inf,31.185030176376735
8.680197606783693,19.669982755003943,-17.930693676296716,Inf,38.58313902060681
10.624191674440617,19.525978318720966,-7.203275964917415,Inf,33.546569043335595
9.21938120686999,18.194147045525867,-14.222328594446774,Inf,33.33207821881168
9.719298440697557,15.737560831415877,-0.6622275969870017,Inf,29.403963557196594
12.50055386003983,17.127219650426788,-1.0427769227824157,Inf,30.48597668464936
8.250303231925127,19.545873788920375,12.770212711723417,Inf,41.59051111873583
7.180341570637012,13.31063689243532,17.036366881213212,Inf,30.37610479513809
7.863486208977211,12.4873316351581,8.099914620070212,Inf,25.340527076706167
7.708643385506122,13.073395955668332,2.725373252830998,Inf,25.553820269795196
7.383207554196112,15.14113032759576,16.31298717035277,Inf,31.48458355492836
13.268723221317316,11.270318962339303,12.029331074635692,Inf,30.516757910677917
17.414680751443434,13.08058560776081,1.1772476062117292,Inf,30.630722668057754
14.31992781218667,12.55206934539924,0.6815856706555152,Inf,26.67105363852862
15.266323650307655,17.46533754075206,1.0230156491731357,Inf,32.05625532968379
15.478064543483569,16.831299914789312,11.699932574948892,Inf,34.46988456053892
9.812324795899077,12.334400472923939,14.76847799269376,Inf,32.695383265548685
12.322359900469863,11.54360758389717,10.956962613732728,Inf,28.684798555291252
13.113750296636645,12.129123482307861,4.673950463664038,Inf,25.729263595426758
13.650816471167474,17.788635682700907,4.527342571215147,Inf,34.02868552399627
9.143418000403578,14.40065846188432,3.4745838505013893,Inf,27.61697800377594
9.712218088594806,14.841493286766237,3.937171251936789,Inf,27.30149484822887
14.187306716243171,14.163669725913628,19.35863968051423,Inf,37.8943537642041
10.258471200671416,18.786431693350863,17.234404632414815,Inf,39.616983346190516
13.509821029558829,16.351957466225564,16.43165371563188,Inf,35.747539461339464
8.738754030419116,17.435181202276972,14.095310940357955,Inf,34.411996865049254
9.382865529476796,17.19453976251559,7.720558945500553,Inf,30.441696505913818
8.917840505388817,17.537489143466736,12.592428333976443,Inf,32.181465119893176
9.373942498086567,18.243353257361044,15.651249642028702,Inf,34.39358937241268
12.154741423698397,19.637537649511373,11.63270445449962,Inf,36.69240497684217
13.186524767710182,19.849897466189944,10.06017284706764,Inf,34.634865537863405
9.2010928931182,19.81756574241983,13.44299005349771,Inf,36.43649410606954
9.263146658832007,19.4995776691608,12.646497445968016,Inf,34.348748952242374
15.725846765265096,16.54673135594731,10.858732340633725,Inf,33.94242814047615
17.542626744948826,13.557052532507683,16.60104043058945,Inf,32.54973054864098
17.188873216742152,15.060419699831684,6.5727296905657795,Inf,31.096244765633365
17.714574357734236,16.09269073844299,16.825647976398997,Inf,35.029491259462276
19.69861900361778,10.823792156754621,0.7901239475928818,32.732821886810584,27.414936377272745
19.91361452987269,9.994901083488745,-5.073393597001417,26.807104927368915,26.807104927368915
18.88883953518323,8.168194912573206,-9.071745050890971,Inf,26.450340158955207
18.871120959536455,8.6102744440701,-11.308616248003434,Inf,27.68577734899024
18.843857009263793,10.627599570074313,-2.2807519304097212,Inf,26.564873051160305
18.686761812701356,8.056751116149368,12.504936211143288,Inf,25.908209684245506
19.341992083111954,6.31656047251381,9.051130689443198,Inf,23.927970554881917
19.505524577874738,16.22559983990876,5.671266915640558,Inf,34.439952172990154
19.400898709972232,16.07222783905187,0.2291230136177731,Inf,32.58598131113494
18.55574179798431,15.490267713995244,-4.262050852627137,Inf,30.665367626411467
18.917410401900696,18.813998373927433,-1.4618998495723545,Inf,34.729783780211875
19.392671728661867,19.113538375888275,-13.87734450361462,Inf,36.429678129908936
19.571491457494304,16.770526156376278,11.789150966739676,Inf,37.90534954158602
