7.0,-11.0,0.0,0.0,0.0
-9.705091717052667,-17.4943078534466,-10.342163135705809,20.692908497744632,20.692908497744632
-5.2770904537785945,-19.070420797543335,-18.24212558933815,Inf,24.744813992340514
-10.152237839456788,-19.998449489673575,-19.224320693482674,Inf,29.932139411096635
-11.116876359387442,-18.565740825038432,-19.001448707763167,Inf,29.53170542421529
0.30435074362934245,-19.38433044482447,-18.8143481862833,Inf,22.24324699547865
1.74839327312813,-19.955668022156487,-18.58715390429903,Inf,21.904090713861788
-7.784392276434158,-18.190441743304604,-19.53961379350453,Inf,26.66921929315608
-2.3228714079274297,-18.092583369359136,-4.924156082545688,13.098696851436374,13.098696851436374
-14.234665419085664,-17.789807890671536,-0.34840783863032243,Inf,22.977500388966668
-16.065602764697005,-18.812699354489784,16.265009940389092,Inf,34.28040879291231
-9.720023569165894,-19.001185221357375,-6.761858224075263,Inf,20.77467018274439
-13.893398246077542,-18.803335414938978,15.500253647208325,Inf,28.81316306090394
-10.737650033616664,-19.290877173022764,10.687703457785965,Inf,22.926702566630944
-17.620333642021635,-18.37166264984777,-17.397872458643533,Inf,31.72502707832624
-8.410033179189629,-18.561707543346966,3.2001873439342354,Inf,18.085014726926772
-2.6680436578579787,-19.974277533796734,-15.772510000612252,Inf,21.05308206066283
-8.040004358004333,-19.34302656642536,11.04057434634025,Inf,21.025421194821114
-8.379377713441443,-18.861925377137545,5.1557361116271565,Inf,18.54094997554105
-4.7879773522633595,-17.82520248799086,8.711898953646937,16.831150793013045,16.831150793013045
-9.526033923620796,-17.898816436180844,-4.907892431563861,Inf,19.09564612894037
-3.557223172151307,-17.853320033455073,14.040583521405942,Inf,19.948233602621446
-3.233775324841261,-17.921953187451773,9.294921659291553,15.902603152561475,15.902603152561475
-17.773114912256123,-17.903347858570086,19.347307161201392,Inf,33.68406413652023
-2.7499556468248514,-17.725783398472743,16.5369314773027,Inf,21.993103425831578
-17.0110490452836,-17.749690497918678,-10.182616440045686,Inf,28.005068775331885
-17.99574514449646,-17.76689804584624,-4.508192503696478,Inf,27.70821252952308
-16.080295876983726,-17.754756487455204,13.295721443203064,Inf,29.35861542537515
-9.443017683562553,-17.595816118640766,13.449328242939544,Inf,23.38058082832711
-4.503457508445976,-17.684383498977667,-1.0428064910505626,13.508626127695754,13.508626127695754
-16.651705784509065,-17.786103095015193,19.170535007252845,Inf,34.6558179021597
2.14697823100704,-18.357438826400454,-11.703829264563277,14.826424104956871,14.826424104956871
3.263086358301539,-18.90010390329884,0.40341951439280876,8.74865204205897,8.74865204205897
6.2382639205641155,-19.167242356141987,-6.191273593693998,12.498143064695967,12.118169943960968
-1.1218223777120429,-18.868841799076222,-13.410647439269914,Inf,18.066956699265557
-0.7739731061926669,-18.63935520724312,-5.979202556992744,12.724414528118313,12.724414528118313
2.97173959578015,-18.42090368521527,-5.913355239821092,11.307357103074601,11.307357103074601
3.1814230736752336,-18.770301159253737,0.44400972691725826,8.669270700892723,8.669270700892723
0.8590012082104721,-19.42822135729368,19.664762884379037,Inf,24.08885671296754
3.7953756860887182,-18.881862408794472,7.680672739136625,11.98365037215245,11.656979857971209
-2.2925587266495455,-17.612978404616122,-3.697996607606015,13.420109950048861,12.657254143338545
-2.217384738954628,-18.01438875381124,-3.8896015092287968,13.829868720462176,12.907406236297618
1.295770185087875,-17.750570087491376,-8.397759371380662,12.390308726929874,12.390308726929874
2.411485860939962,-17.618564882534624,3.4605722603196654,8.76558175351576,8.76558175351576
-2.3106629717539917,-17.58389471183272,14.224696752409201,Inf,19.62993828688776
-1.9135938354121684,-18.121182497394564,-1.3205845431668095,11.580142087874938,11.580142087874938
5.852478666877204,15.483335928073913,-3.3478204112231147,26.718753500022874,26.718753500022874
-7.0661010983985495,1.7453862309247548,-17.267793435753454,41.31072736877162,41.31072736877162
-18.459736091932683,5.877528237195353,-5.072245291589059,58.504357307283826,58.504357307283826
-17.28799309428034,4.715496175059364,-19.581226337841944,52.203872040912216,52.203872040912216
-15.305243951413221,-8.980879453179345,-19.655225045685185,Inf,31.74853409771125
-14.946638666856442,1.011789475846257,-19.949137606030718,Inf,32.98817015366457
-17.376424175864067,-13.404058447084877,-14.483537154726953,Inf,30.322574154727697
-17.95658293058736,-14.171769614650547,-6.978243245213278,Inf,30.203025459430933
-18.16204163631662,-14.840751608166327,-14.299098897255513,Inf,30.399540421580802
-19.740128704535067,-17.08928244885844,-17.181438862002942,Inf,33.60598056068209
-18.52466089541087,-14.938785540291342,-11.11271231931978,Inf,29.907529533318943
-19.03835723091924,2.905612798741526,-8.864098276494952,Inf,63.35670033462041
-18.414130465817912,4.928092909189708,-10.26840519795667,Inf,61.58694298460813
-18.612629461421058,-3.0746027193072294,-17.293448906496582,Inf,36.611947003445536
-19.04776646383171,-14.056509878822023,-19.4267298339388,Inf,34.77758278363251
-19.957129559130415,-2.9210913794712283,-15.939569409131087,Inf,33.33466976604169
-19.88762872288497,-1.8621509597017472,-9.337161755715568,Inf,31.446130681931386
-17.857582791008273,2.858379174219337,-9.97310639050923,Inf,38.08184053705638
-17.526719903801187,-8.796548760774208,-18.430231327613686,Inf,31.5980292627449
-19.730885599830586,-3.209576554928777,-4.281008499512389,Inf,31.194550721958613
-18.66786686261909,-9.54406566697437,-8.21612209463817,Inf,28.13069037200595
-10.676151355749877,-4.053719971687357,-6.919039474699069,Inf,21.67363840076349
-14.180803379002347,-17.48635585086607,-16.00285319865683,Inf,27.909242061546255
-12.307941341665032,-9.302416752918843,-16.29240000224663,Inf,27.14203628229948
-12.437305490407766,-16.470563507043767,-19.522606281099073,Inf,30.32585098360539
-14.887489913857754,-12.313705794500587,-16.021133229143388,Inf,27.902162786098682
-11.359283586088926,-8.624639081474026,-17.993231087761536,Inf,27.45205480376397
-7.695286648326691,-4.913309427193502,-18.35960529095967,Inf,25.15952571643402
-12.321739479463263,-10.315614691949104,-12.869824622942643,Inf,23.831594737021533
-12.840395723030209,-10.90410315498298,-13.50879438928592,Inf,24.536365040742368
-15.397397794112315,-15.021941040677849,-11.812077156287613,Inf,27.07065052448995
-15.420362478601684,-11.696207832845982,-14.26510104660986,Inf,28.091373831532238
-17.242822722790354,-16.332715476917883,-13.329366703174,Inf,28.883761366497897
-16.568001432901028,-14.338581234008858,-9.419408384700612,Inf,27.536144507107647
-16.88689731084863,-16.748830649667603,-8.76444895490514,Inf,28.083662849279573
-12.84671849118948,-12.038422209965658,-11.176365798380594,Inf,23.52673735642253
-13.720695373555172,-12.167153540134539,-10.299717879389876,Inf,24.149682415745872
-13.024016427234786,-11.321221240727626,-7.0150068038231606,Inf,22.698843453386665
-12.388210160553603,-11.205554819852157,-10.123136394308805,Inf,22.803823733853893
-16.825251697615514,-9.783231792829907,-14.16332028714467,Inf,29.65467201918115
-12.373303753513092,-8.805873740280887,-5.615892916415799,Inf,21.85959657612542
-12.70178012343977,-10.610261466691693,-8.104272848279512,Inf,22.99421337457371
-16.793555531790236,-6.432754092077531,-12.554028653956859,Inf,28.509209910043463
-10.537469206703713,-15.259967875453961,-11.322431572923977,Inf,22.378897391011677
-9.561250680313895,-15.867828846823091,-3.6970054147297127,Inf,17.671182700599815
-11.211811807123109,-11.948010276063394,-11.680384548713763,Inf,22.202474911908993
-11.133044594044907,-14.709702941303284,-11.689429708488062,Inf,22.762316875563013
-7.467108112481604,-7.293560933588177,-11.988647002080564,Inf,20.173605175227493
-7.980406523578045,-10.36248693282352,-15.055327306938793,Inf,21.44645206078713
-7.8124983242114165,-7.216361954288608,-15.727847207385999,Inf,22.413214378516752
-9.379054947524015,-13.193888597717063,-7.895880151174834,Inf,19.88864971445265
-11.680077753150675,-8.381098863438226,-10.21912128291202,Inf,22.559798613781567
-10.017329849733656,-9.333620943537504,-3.354059105817324,Inf,18.205181110502807
-9.9342819988565,-14.978325678389757,-9.853165445409093,Inf,21.216811030941567
-11.620326627683735,-7.105903827699089,-5.233643634618987,Inf,20.363379401957538
-7.449062424216777,-6.931404463402959,-8.21571380103956,Inf,18.107310736334043
-8.151084397603743,3.1808336953744316,-18.879128411016968,Inf,43.72611524347346
-9.182030366319136,0.3116931990693601,-19.456998618774605,Inf,29.98989763875578
-8.668585756063312,4.226014507747884,-4.399771580891061,Inf,24.74571839242963
-8.759312170309297,-2.1520546852623035,-12.553996438565065,Inf,22.89500360957556
-14.944422103962909,-3.76708908411085,-7.846751262816678,Inf,26.050959682960663
-11.684303383560337,-2.8249856366679893,-10.863652480881294,Inf,23.6879327989725
-13.721634869079358,-2.94170527446515,-11.31433107265079,Inf,25.570994822333088
-15.005187322417761,-2.6402598449960735,-13.566385786173054,Inf,27.97362540029184
-13.074919398522136,-2.6825459637425553,-9.915054843798865,Inf,24.65099739637123
-9.975206582075522,-1.5610028680884298,-9.258752367590635,Inf,22.479637646275542
-14.814655259448166,1.192308013860064,-16.135037680760227,Inf,30.68447073953802
-15.207297614033779,-1.2145163595246373,-9.411582496214512,Inf,27.573226037148203
-8.8695759326888,-1.3190893349556347,-13.115602889211377,Inf,23.550962715463925
-14.753281943542627,-1.7525177495784732,-18.09348389315759,Inf,31.066492131564587
-8.72195177590707,-1.7280423264624005,-13.840159643990946,Inf,23.54442859684277
-9.239657628254871,2.3140249233795203,-17.410454576155317,Inf,28.39031333288937
-13.244955882582854,0.4760029822120515,-18.161836705331105,Inf,30.17709582008031
-10.856793243037846,1.664881115973273,-13.66694012918714,Inf,26.12243360840748
-14.97626693117276,2.4627936888959745,-4.791367012528722,Inf,29.529400705341974
-16.135056051461014,-0.2618077013896354,-3.425630213446542,Inf,27.703474160658978
-12.523334211954431,2.1741893856419807,-3.404865819257303,Inf,27.04540839114736
-12.712087327256052,0.5053894151810034,-4.340112157501723,Inf,27.128748632753503
-8.643678756679973,-0.7839157525153269,-7.093115948513029,Inf,22.050039546193418
-7.748594735012109,1.761964818941486,-16.71478207247639,Inf,27.053996801556433
-14.516187350576839,16.621185706119768,-6.184879754910453,70.00286625122935,70.00286625122935
-12.534644567189641,16.713943135093686,-11.822274444286753,Inf,75.97909705557684
-14.024049965626313,11.803417806019354,-18.227072779660674,Inf,60.123827195637105
-19.066056175625484,9.161156483576704,-13.586255357875254,Inf,45.44663891807513
-14.927589053472863,11.178644758609082,-19.62530459670579,Inf,53.040536782153296
-13.949909515394472,9.21104356841375,-17.16339284329443,Inf,34.995827413199876
-17.24139941556669,9.677747108762958,-8.747425219284786,Inf,41.61523041506672
-19.44400575766858,8.705357547489054,-10.960118441916036,Inf,41.41543223459126
-17.567262258462392,9.192171581791698,-7.732989089182656,Inf,36.71111764000713
-14.797314552216019,6.700716908976638,-9.761895717587237,Inf,36.21484948402343
-15.344556805388327,10.299906200799231,-12.046024298536464,Inf,40.51262577140004
-16.22267066633001,10.580425975518011,-10.66192918751578,Inf,40.444960917548215
-18.90164750759154,17.989379917889238,-16.97257020255389,Inf,68.10072269118189
-14.543720126212207,15.61594022410545,-19.2023704733191,Inf,46.02203532131502
-17.689737653801096,19.37300623195202,-17.144270255006838,Inf,43.842001798383635
-17.321284591157095,15.455983777568136,-10.291837384181681,Inf,59.30154552745278
-17.759038979852335,14.231922967893581,-9.07565333389539,Inf,38.858833836286436
-19.69984148632939,13.590179752543762,-11.52913820391018,Inf,40.38060778306479
-17.947609866770414,16.982336990229037,-11.299175289602683,Inf,40.35553233360436
-12.990600287840985,12.525974459162235,-8.174723465100184,Inf,38.05264863152785
-12.840084622867733,12.19254331044057,-10.603584854859411,Inf,33.319000257009314
-13.107431557806244,16.36894994769503,-11.19969026627623,Inf,41.97350214782492
-16.623193420270603,16.802389754894193,-15.556897331468438,Inf,47.32518612892496
-13.604153735182889,19.64626469641491,-9.70220224874037,Inf,43.22125297874777
-13.918717934407896,18.365092093716335,-7.005845067048515,Inf,42.37000816222547
-8.002344142315287,19.647246414013622,-7.330629340908779,Inf,77.27610066677582
-10.86660550318772,19.100131271673263,-6.502593409567243,Inf,50.976819526759805
-11.36572722213506,9.41317928254481,-15.855201003667485,Inf,50.21450479554824
-11.96679986666859,15.46067626922082,-14.171355058297852,Inf,36.299020463427496
-11.580667286848731,8.686546928305834,-13.938101624477621,Inf,30.87271656248096
-10.845991377364825,13.370559552525478,-15.083893522082663,Inf,49.1961108838375
-9.44215330337129,9.412034776085207,-11.821355899353483,Inf,29.336090029401177
-10.674004173502372,8.485603258237788,-12.841140850614616,Inf,29.747628147305115
-7.2077876835358,6.286646995964695,-14.13174442381516,Inf,27.028990008538543
-7.585667646874397,12.408497819212343,-14.343712221587444,Inf,32.36988380052623
-9.333787013595547,11.917626636160232,-13.668004970119192,Inf,32.03527892766144
-8.809144586113593,5.910083317658803,-8.895552336886343,Inf,25.68374712722008
-10.146840498721739,17.53980061497682,-16.871017060303267,Inf,41.612483482144796
-9.999624418351365,16.555509910792367,-18.34462434231621,Inf,38.84241350073976
-7.262248552051993,17.320684644638206,-13.56064711139668,Inf,37.72202237997965
-10.049495882846955,19.386141223261184,-6.486931849739017,Inf,39.969108862185045
-7.265602148024932,8.74928772532349,-6.4945466253901785,Inf,27.373471842586167
-19.32769612861052,12.783298620575245,-3.9260015597872844,Inf,65.55821397622256
-10.095584059099707,10.71016579551669,-5.430116014424824,Inf,33.66959602792517
-13.501734603631341,6.210761244138165,-5.580073032852084,Inf,30.102177942156608
-16.507783656529817,19.222841757278957,-3.77779540444962,Inf,46.80202499948133
6.516102785677809,-0.462899677217699,-4.335645120055203,11.404492901197587,11.404492901197587
0.3252902673620106,-6.046977675032839,-4.239869805299303,9.330631068287083,9.330631068287083
-5.160335077430052,-5.854689154838981,-7.776402258897761,15.860265215295513,15.860265215295513
-5.875327661393559,-8.745722621112506,-19.13029229451089,Inf,23.31941647301838
-6.982945621037686,-9.35531553021832,-15.746583389736104,Inf,21.39950154994497
-6.602893586066125,-1.0235360933891897,-14.96269953060584,Inf,23.91458543003398
-5.274119864315079,-5.538003127102602,-17.846572618574037,Inf,22.852244540155446
-6.055480349420392,-4.559261837821467,-15.539157507253956,Inf,21.877873679108397
-5.251953712648696,-4.561315040220295,-11.08872989757705,Inf,18.287177748824092
-5.979608587365162,-8.19890250648454,-8.493855911807593,16.601184276262256,16.601184276262256
-5.65810559775886,-6.987332860828923,-9.374722773557691,17.271160582106113,17.271160582106113
4.949095548580502,-13.198963558638148,-5.609456102974013,6.364561852340133,6.364561852340133
-2.8395156197523193,-13.627262618340152,-12.731037285526705,17.096804606082824,16.419338177311595
-3.163631655406,-14.602767511257113,-17.448476625840755,Inf,20.80436529171102
1.7557547413257524,-13.809834935414154,-19.498332910659705,Inf,21.61537282163263
-3.0650115155038193,-17.344621632028083,-15.974589870127058,Inf,20.492329798894247
0.2291901754598129,-14.299890829006223,-18.479413055815268,Inf,20.831743781211834
2.9369895827688453,-13.801570279126762,-18.90427235218202,Inf,20.507064315249657
1.7667795511129292,-13.55744132811524,-16.402399964780017,Inf,18.67822874602211
6.332004374301068,-14.313953671572026,-10.38464602089686,11.459468968709198,11.459468968709198
-2.0985847396097057,-16.493201178960692,-7.061521397799542,12.881170650223627,12.881170650223627
-2.6904564287251986,-13.304759257459544,-10.109370025501638,14.375527841427761,14.375527841427761
-0.12406156780901512,-14.13167477930891,-8.516822955143697,12.065887433772124,12.065887433772124
2.554923332270995,-14.886255274536229,-4.7014746568070365,7.54755262250276,7.54755262250276
6.519404354096761,-10.820916128931959,-7.466846132624063,7.48443948308895,7.48443948308895
4.088943171886761,-6.48441273333316,-9.078101573090933,10.94698454668717,10.94698454668717
-0.36692784640937504,-8.928621624502275,-14.07291778948311,17.21287884419816,16.392072172665547
-1.2354175971029164,-11.533438738260102,-8.120045210259734,11.784697978271593,11.70149739134693
-1.884280150899798,-13.176391899525406,-16.390623312575876,Inf,19.023529673886237
-2.2352805093530037,-10.239435966682704,-12.402033135720343,15.525149725231131,15.525149725231131
-4.67402526596282,-11.616425209135643,-8.436918663953676,14.896814609103462,14.896814609103462
0.08506443875439373,-8.957774541020953,-13.005566957580212,16.176358436897395,15.266534138983271
1.5364284609909546,-10.39181281454181,-12.69400869737587,14.359953435014987,14.359953435014987
-0.8997827536121861,-12.338841310342072,-13.32145764621747,15.693288841414706,15.693288841414706
-1.2151459884050126,-12.316601255492312,-12.397975458198882,15.010686105194829,15.010686105194829
1.0206916988156038,-12.766512266711123,-9.026393965968058,11.222514135199802,11.222514135199802
3.915232891752119,-2.225231304935953,-8.130880342974578,13.232701302393911,13.232701302393911
-1.8549394543181918,-8.080102593450942,-10.870936730894218,14.678349482693452,14.678349482693452
-3.4939281507558135,-4.965854837488992,-16.204876408438498,Inf,21.068633945551543
-2.869006403823782,-6.380776420458565,-9.177881802614136,15.190707074750755,15.190707074750755
1.4780045162397641,-2.2452844622326573,-13.826771128318631,Inf,17.827178708710633
-0.9643116476400309,-7.070124856745412,-18.583043403152423,Inf,21.247558716942706
-0.7993395344475402,-7.013513314841431,-19.18103739212329,Inf,21.80096274379304
-1.0179055646218842,-6.185663109322874,-15.429170182391303,Inf,18.99350222002198
-1.1903637563772733,-4.9538681131572115,-13.9393064788307,Inf,18.284897166278284
3.4926667857906395,-8.496105221113117,-18.084307650487474,Inf,18.726710505035207
3.61765251612794,-6.594389893375858,-16.233613605864797,17.199796895636716,17.199796895636716
5.771856078004014,-8.761261637200475,-8.792638393356151,9.155914856884955,9.155914856884955
6.055856013771628,-8.771562482613628,-18.481214674934733,Inf,18.84865814425718
6.266767901965764,-3.731404364374722,-10.681698319902067,13.550792825514861,13.550792825514861
6.457011613197583,-2.4558792458220395,-9.996535030064653,13.977724596761309,13.977724596761309
2.6094414552595495,-11.177635915514745,-5.479018347458053,7.023403797665069,7.023403797665069
-1.7737223820345065,-1.2754892581567105,-7.402625936541494,15.427842083203632,15.427842083203632
4.766973623607456,-3.742108993695716,-7.242681322486515,11.429056309134827,11.429056309134827
0.3548218395025131,-14.555631773826496,-4.12305970461909,8.590723568108276,8.590723568108276
3.550156769467449,16.278982182803702,-9.114155395807275,32.97849456786244,32.97849456786244
5.741074898894887,16.986801120734107,-19.69801860790632,Inf,43.80989754213915
0.5609456139838116,14.380793927524294,-10.836768474005032,Inf,35.954567703431486
0.21580807149254255,13.05229901117626,-14.409560233924843,Inf,39.781950572410025
-0.8224848087746821,12.108210977769438,-17.581184464875214,Inf,43.20478563505503
-1.7878317945624715,11.08561049139822,-15.22714100495417,Inf,29.400603091151908
-2.582167637561703,3.951989885486906,-16.68750710141523,Inf,25.76915689850546
-3.842848847720745,8.823347458994757,-16.891027651344615,Inf,29.4954546880287
-4.70630002666983,1.7222688231766448,-19.25974238644587,Inf,26.965246252981196
-4.788008725850901,1.0637949648911444,-17.6699398768716,Inf,25.88837431698883
-6.978024762787776,3.2899754484018047,-16.864940952952754,Inf,27.575066431920266
-1.6628523035872789,0.44758680558857833,-14.78001775558373,Inf,22.072790132298934
-1.304158641022461,0.15793914589388436,-15.076787879879436,Inf,21.71027765458707
-0.866940057713812,12.556517453909805,-18.467138297086485,Inf,32.71330183656099
4.281858632964422,1.2311387849634485,-17.44245804208572,Inf,22.169062450927576
0.6914037200601513,7.08273823994692,-17.076835172698726,Inf,26.85466402640227
1.348019545111356,10.038877213659532,-19.651329156737347,Inf,30.8293239171931
2.4093075494802747,9.254685549565707,-18.162467261198696,Inf,29.07558942847458
1.9059667683584358,7.470236871809696,-19.64197036752158,Inf,28.660486594978835
2.15600738153573,11.593297342241236,-14.74491547272252,Inf,28.894265523811093
1.486004075783967,3.216065408444102,-11.68086215472286,Inf,20.16892746848122
0.23649276602246516,3.535021829056255,-14.255563298057918,Inf,22.410140290510853
-5.010054294330262,0.44861618934836756,-10.105695144808209,Inf,19.98338453008526
-5.698499076297763,-0.15480801669137634,-12.080258573920988,Inf,21.635905036740922
-2.278747380991213,1.4075754240158744,-10.907213318011326,Inf,19.870366033915737
-3.433542804343137,2.3574339782595715,-10.482069455856005,Inf,20.47126428094341
-6.676576339646498,-0.3768153957547682,-9.203777425919393,Inf,20.727817397138992
-5.004890099949408,14.184405247036025,-10.422221145638293,Inf,33.54569864637736
-4.425884353376528,10.389748092423865,-13.746728222903615,Inf,29.343790135342754
-6.603326725464882,5.887208133141009,-9.9100073628765,Inf,24.423189416715246
-6.829886213572962,3.556704372489989,-10.405331386086933,Inf,23.039092177120533
-0.941406169780219,10.554962938118962,-9.487236737777094,Inf,26.251609177590034
3.4233363434910586,0.19653829231074127,-13.005604605359364,Inf,18.53747303498613
2.6578378013774717,5.61903317658534,-13.352223082375172,Inf,22.739327816128743
-5.778332072139669,15.487873676354688,-15.153425904786877,Inf,43.703477209083076
-4.176573393140597,15.925189131156074,-18.320667529882737,Inf,44.945562529724796
-5.398523338908632,16.568450731966138,-18.666087314745976,Inf,36.81174215701988
4.710639882140917,18.868461435734787,-19.70900161242307,Inf,38.786706118890265
3.734203951550281,15.77948165714767,-16.645951623131268,Inf,33.755210079875816
4.724654827330319,14.627571409588413,-12.060941855907421,Inf,31.99338704203071
2.199848689278568,16.51134407062827,-9.387353941397647,Inf,32.432353234311734
4.290039623743567,15.594767295556942,-12.25572056497561,Inf,31.20267900528795
-4.984463116280953,17.007077111708746,-15.106391827962176,Inf,36.13089276591239
-3.041500705421683,18.349478955259414,-14.072751540981043,Inf,36.8617079579169
4.318639508014197,19.758381195950463,-11.782525854560575,Inf,33.797633927031214
-2.705527718865497,19.079148945427946,-10.71012748808811,Inf,35.04190688098697
5.786240661173707,1.4146014608986412,-9.736844297571379,16.81320921972013,16.81320921972013
5.742567515897115,13.611483110908594,-12.795340969193756,Inf,30.298699400566466
6.280317792699677,7.870185828438856,-18.996802391657628,Inf,27.8792563679808
6.3965009357768565,3.5516394563850717,-14.538600602840397,Inf,21.50927836519746
-5.1194821030386795,2.43016627742918,-8.794857792641988,50.03132870339845,20.610920377060797
-6.970511106973403,15.577425853752025,-5.050441510884713,Inf,45.5272553109246
-5.699960288867567,-0.3893575308523438,-8.987561139310065,Inf,18.862308935495072
-6.201572466633136,7.5585315395854025,-7.7902672509828985,Inf,25.317030402539153
-6.286298866415381,13.740703946519446,-4.8155031159739625,Inf,31.37177308444959
-5.953242750669041,4.908958128319831,-4.760184986616283,Inf,23.346066263016247
6.890304201129275,16.09776670318486,-3.72320208846741,Inf,27.981891822044567
5.948833463438703,12.897857273026275,-4.536420747396184,Inf,24.810448098200947
-3.706358622495216,3.902522636088797,-8.73093575367629,Inf,21.11214476560776
5.672657138796467,12.098746152047646,-6.023859679662085,Inf,24.119534482193224
-1.26513717002328,8.252767053642955,-4.8299175164457075,Inf,23.933377834367015
5.393256972102421,4.490781130754684,-5.2394278304496655,16.563616805112442,16.563616805112442
-0.4519765316837905,0.19185922611754336,-8.80918049228411,17.102749808389305,17.102749808389305
3.7914984978198873,8.112573320673093,-5.374867579399529,Inf,20.331135665690418
5.537713133344475,4.434813490410896,-6.5456267563801696,16.866073205198347,16.866073205198347
5.800374551219125,5.071771221906928,-8.603060059487664,Inf,18.429852616721746
5.1751880804263735,4.700074145528532,-4.637219960583163,16.575623518070408,16.575623518070408
3.140310989839872,14.14461044208501,-4.589560212488069,Inf,26.23700344447611
1.278031059769269,13.007565254260463,-4.844774154016571,Inf,25.75414845994036
0.7230829748304828,10.365037492811126,-3.8820814640602563,Inf,23.820158268229253
-1.620767434378763,14.482125796623045,-3.433265907709739,Inf,28.151537182643597
5.222543950976135,7.484811466335223,-4.190003231836199,Inf,19.396440301706008
0.8369876859057435,19.677534578048594,-4.804584625171424,Inf,33.417157345021764
1.5457931026136684,16.195616791052352,-8.364184605565494,Inf,31.449993300806998
-4.236688330254754,16.82966770243781,-8.361519389006729,Inf,33.34805404074445
0.4403462362838013,19.291622861634536,-8.385037276118208,Inf,34.73750013688041
-2.027839774257025,17.511260857152145,-8.770565586271983,Inf,32.58231764533271
5.760209893464257,19.012888086367717,-7.4267864648483695,Inf,31.49906434380396
6.209538637829645,17.306604717984683,-6.714878355476044,Inf,29.724348427922585
6.239907718974969,17.597908775274178,-4.48726300199171,Inf,29.151827484550154
-0.19412031048198486,19.23261327719389,-3.716280365230098,Inf,32.24968160019064
-2.564892064352904,13.215957215286082,12.18637798036508,44.531795237002946,44.531795237002946
-6.951234097924548,-5.6121542077663555,6.740134176459414,17.298559617444013,17.298559617444013
-4.4543059778224325,-17.317807683818316,2.001094924579334,13.768431913829573,13.677124838377233
-10.54988852511591,-5.775177628930965,1.9665178358464885,Inf,18.8091970056509
-11.095065633928405,-12.9935394149883,-2.377924870241202,Inf,19.051286370862208
-12.340003758177245,-17.376622341769902,-3.169454387143009,Inf,20.834617659977376
-17.247867039262257,-15.558644578304861,-1.3512317963630238,Inf,25.79597526660091
-14.479443286716336,-7.9411707051289415,-1.5593350066896434,Inf,22.34183508135768
-13.166999518918834,-11.63596220955875,-3.3152980034928703,Inf,21.1315760979168
-11.595785831808945,-9.010684086895102,1.7287799597190485,Inf,18.785370593163535
-16.00304331339725,-5.929620685129784,-0.3472045698456867,Inf,23.857323555960548
-11.776709202765074,-8.172007464380133,-1.3669746488990242,Inf,19.287636486042874
-8.874181367387637,-8.709759618949953,0.9357863591847959,16.804041862586104,16.098721177917117
-5.822307918973149,-11.710605264762002,-1.3509800295878165,13.52837865298554,13.52837865298554
-9.405903378459612,-9.662650209009618,-1.8345031309929105,16.97713412234911,16.97713412234911
-6.693909631205255,-16.60733549837922,-2.3722080022897956,15.080855157388037,15.080855157388037
-2.766573344100376,-10.06349701963738,0.7528303802801943,9.840210683689293,9.840210683689293
-4.159675462517676,-7.549970542994862,-2.3008444678324764,12.954925694985649,12.334691961993837
-7.876764365331708,-11.736781788748907,16.463262680774903,Inf,22.282302401219866
-12.440433416216647,-9.612532788932624,12.547803714946461,Inf,23.577953552442395
-16.688502093323923,-14.64326488967619,10.24204902321025,Inf,26.652827745647496
-14.045612016888978,-11.648501983145572,8.729578901353552,Inf,23.78209237121521
-17.866883579342332,-14.61406708333751,7.8743450921614055,Inf,27.12273072346082
-16.5629461032405,-15.161692398036788,5.543551996918801,Inf,25.232292172477774
-19.79688386200408,-13.09325115368047,2.7084287445036104,Inf,40.12177154072529
-15.359070834349904,-9.846963522778678,2.5022064008481237,Inf,22.717274173500805
-16.87802356075774,-13.00826748379647,9.555553792181605,Inf,26.26070596830365
-11.458892118206165,-15.185950401906796,5.6711352924456016,Inf,20.464256814567307
-9.528803899891072,-16.676531649135935,5.126996351271302,Inf,19.074135958121424
-11.110434579301414,-11.9089090674923,5.776067739745187,Inf,19.27799973024117
-8.662155986545104,-14.45660984726092,4.084184723245443,17.166972667898364,17.166972667898364
-10.79565267163793,-14.716023343986615,6.561131801485082,Inf,19.609937847940913
-12.565884546946453,-12.040421745779906,9.253371071955392,Inf,22.690215322204807
-13.495877820133062,-13.110969782062636,6.022032022241479,Inf,21.960496299671718
-8.170487728935267,-14.120250006724717,6.75809947635452,17.43501793394296,17.061756661346852
-11.214198417218677,-11.356914403086051,15.119503288519702,Inf,23.74099943730976
-15.421818704290908,-12.883987631901217,12.667086151942328,Inf,26.870391223104903
-11.583383213226472,-17.138972104668486,14.536020252811284,Inf,25.537790295280757
-16.57217918961976,-14.140905226972142,14.335618005457071,Inf,28.5060070022952
-14.496918024090828,-14.80660798846313,14.844877481488282,Inf,27.530399303146147
-19.48360021476093,-15.032237887836892,14.7638964658696,Inf,31.50467772810366
-18.876990395651127,-11.568974862737846,15.415560134079257,Inf,30.478795147381618
-14.307156417067626,-9.92024479209955,12.45818767029381,Inf,25.129047673605633
-11.127151572347156,-11.478800914661491,12.031955217263658,Inf,22.02202771761273
-11.15926682634866,-10.197958891917436,11.220261371409947,Inf,21.75908717512874
-8.339539426047828,-7.520557209771468,3.1698219005375776,16.474637732591503,16.073422346244165
-18.74828183537118,-7.567809921276796,2.2256374465960604,Inf,39.17340095037568
-15.116906314155187,-7.922821083215723,2.1450010613214516,Inf,22.78512591332314
-11.14324433891503,-8.254697502409076,18.007731946814005,Inf,85.66089907028707
-13.586723158337675,-7.7061810490006355,9.305991278827115,Inf,23.974159041102546
-14.962953222189217,-9.532791242399448,8.187459388626507,Inf,24.00302211174181
-12.418222931268552,-8.334610154726514,7.5887203517489965,Inf,21.59061466209692
-14.222549229553945,-5.968947158284061,9.289531685253387,Inf,24.953630369719484
-12.742355656230835,-5.731751624199877,4.2907415147760375,Inf,21.357370262775756
-14.707955845116185,-5.721954318245732,17.174600172036953,Inf,28.945152014582963
-8.618432716428215,-6.69675813076954,15.492189813115537,Inf,23.128064056661046
-9.168335597363306,-6.755856732526091,10.516606725060178,Inf,20.486119822943312
-9.026950067999051,-9.383582967525976,9.780550977170765,Inf,19.18444312300198
-8.76497347220453,-8.472052426965835,13.726586333926122,Inf,21.54441701594071
-6.52645471621331,-7.9049023945775865,18.295143582431393,Inf,24.05450273657531
-6.29774202910899,-16.79177213160525,8.131243655714549,17.226369610027724,17.226369610027724
-5.147850840641501,-16.89076816809593,3.5239149413762583,14.418927777145715,14.418927777145715
-5.901036471656447,-8.507805678378162,6.338044998400861,15.850195901484483,14.95224853192326
-7.618544894959838,-9.94611725692839,2.9558912171346137,14.9763683793596,14.9763683793596
-6.576943901485617,-13.988363214766926,5.701316775851922,15.668045157666594,15.307733200678252
-3.734920547019975,-13.159702812656171,3.2327520297065533,12.315246716976894,12.315246716976894
-4.008889042965862,-13.978847836648729,2.324345633974101,12.949415636376349,12.949415636376349
-2.803167869332377,-15.320436701600624,5.786359250364093,12.768190679094033,12.768190679094033
-6.635436692184573,-8.38104892668242,9.020656058903231,17.125361734746885,17.125361734746885
-6.84387555155797,-12.877211030146576,19.202424153868634,Inf,24.078969110753192
-7.632484905150534,-14.070108188199733,17.747684164701596,Inf,23.46598761353616
-6.98620720339683,-16.37595623858885,15.33476459380325,Inf,22.62697597326191
-7.406021841176624,-9.738721120764664,10.199755918738546,Inf,17.95425053300706
-7.176183372080498,-12.494231337992714,12.55236380446452,Inf,19.28155426276428
-6.140715488619906,-11.178098404137318,9.050084809933978,16.20425168694249,16.195202196777803
-3.967885268826805,-16.27646754861353,17.401256665518588,Inf,23.074534494004716
-3.5591355014623076,-11.849060698156215,11.861121313603178,15.970865898881502,15.970865898881502
-3.9819945884324497,-15.421241732780633,19.806380333921112,Inf,24.692472863856885
-2.6475479620163895,-15.877819590504103,19.94316777807434,Inf,24.1217007400108
-4.556082275629008,-11.103977794873403,9.490512592161569,15.018613081365793,15.018613081365793
-6.456426289912223,-8.46000452565625,18.71540629555451,Inf,24.147736832618953
-4.70937763895666,-7.093737020799109,8.664442063708925,15.991729066018731,15.991729066018731
-4.716240255478432,-6.236061670282771,9.266427518956935,16.73212857802161,16.599340504191773
-5.587887660156339,-6.679031804638322,9.41834297209845,17.16165571610731,17.16165571610731
-2.837858468758032,-6.3595521467272675,11.237710184217473,15.942707877513751,15.942707877513751
-4.574430762202759,-7.700750559206568,18.426667556565775,Inf,22.898119162696688
-4.039840870099782,5.856109694413398,11.607811109715467,52.06024588331014,24.343658865857407
-13.548429769829218,13.923036912962274,-1.7902449442950896,68.48547277205088,68.48547277205088
-17.377551073360607,14.017785969090937,8.054989117540032,79.04955252719822,79.04955252719822
-17.886814917719462,-3.014120683887249,4.411134383478846,Inf,28.777276710097254
-15.540040313529628,6.6990896633204855,-2.1095010733858004,Inf,62.744338429626026
-18.547748739957157,-5.570661676302029,0.6620069081517173,Inf,30.435263140060247
-17.94038264433455,-1.1879251005441738,-3.343387082755285,Inf,30.314433492277168
-17.128962662025174,2.0781739082511947,-2.1609855779046754,Inf,31.863399905062025
-17.156854458640602,4.090768839935102,3.8869127712979505,Inf,34.94916629606174
-16.52040907913454,2.518947583590503,4.319137378606879,Inf,29.75843502262882
-16.562813440301618,-2.710820796314284,-0.6798253764977531,Inf,25.98368609595512
-16.349598046446225,4.6068648252978335,-2.4355263191165903,Inf,31.290571981053517
-16.380154188340967,8.800249314612554,0.7606048217866572,Inf,33.692377613489846
-14.225753515962722,4.460984445945726,1.517168461185932,Inf,31.261836561855883
-15.257561168557778,6.9370853331794535,0.4981984211535746,Inf,32.60402503870226
-14.37227104553128,6.221467608879188,1.2683373408206648,Inf,30.384885797643737
-14.524420491011298,3.2350934448821,8.433650001119375,Inf,45.36710494675499
-16.641039699370424,5.013333729367542,9.808470143141037,Inf,45.69828246613647
-19.468994895590185,0.2551525785733766,7.481860635609738,Inf,48.62570499764148
-16.808031863142094,-3.1574945037694135,4.52881246680527,Inf,26.09745102667725
-16.944676263652873,-2.0067634163701698,6.427947340248021,Inf,29.24026338317345
-19.475449882221405,-4.953245439997058,5.069615829190816,Inf,28.179926596919483
-17.365369378998608,1.2111716128939491,5.368232417527867,Inf,29.695674118064304
-15.267017691740197,-5.132186882685472,11.587169495275383,Inf,26.698568425918474
-18.457669877513787,0.9586135717078577,8.530145136135783,Inf,31.124577958295024
-18.70428377468621,-3.992164579176702,8.563832648971523,Inf,28.895941600766886
-16.087522745966805,3.850459813585143,9.263411487136459,Inf,29.92149177921489
-14.956900209213222,2.3356433152602847,11.374724782898067,Inf,32.17103220585481
-18.642569765355532,7.990100625560537,8.065517761956169,Inf,39.91306799761215
-19.580372721355666,7.570184412500769,5.532296771888685,Inf,34.80509932808709
-19.162843862302932,7.193015165967125,8.902701372830862,Inf,40.556186960461304
-19.24185370010961,6.925909521957017,10.32101357713482,Inf,38.53826689389939
-16.042746321769215,9.459142439673727,9.735494949590517,Inf,33.35623167598593
-13.595110555450578,5.831931054727981,5.8390449699906455,Inf,28.564988560844085
-14.28471081559775,12.890478177260078,5.8337353168774015,Inf,34.516491776401054
-18.415526864212826,14.16008530210717,1.8315896978025137,Inf,71.54799288890624
-14.822831983463596,18.932256818583404,1.372882431453064,Inf,51.21826717798034
-15.002820919255582,18.07207760777927,-2.374907292471775,Inf,41.98439972305265
-18.797080205064365,15.151557637562682,-1.9165528430398453,Inf,40.34867242851796
-15.483609557289189,19.539606690861135,0.05343932522242412,Inf,42.0287798533565
-19.07972255446019,19.00382978013417,6.256343227938828,Inf,52.856888799649866
-19.092148181207136,14.806156952577822,4.40551153595786,Inf,42.01815704274364
-17.690564470036342,15.62634530417219,7.611578988052958,Inf,41.25042079937818
-16.117437672352672,15.438910444237102,10.3228666872078,Inf,39.67409475850648
-14.516875850276323,19.855205821561114,6.974861489208131,Inf,42.11245488658594
-13.594226018487614,17.241518483208893,7.491294784492489,Inf,37.658732549682
-12.452462430441766,12.234140028203115,0.6464284954676742,Inf,71.64631040603314
-10.214456001638368,1.6771139256463208,8.200882788906618,Inf,23.569695768123285
-7.454003705846279,0.9235140148125076,-1.4038680876797827,Inf,22.090411765947845
-7.49893057540036,-4.519797087554922,6.972670976913395,Inf,18.42910698077184
-10.119238380010609,-3.531853448668933,4.137104478585396,Inf,20.948195784787156
-8.674489095766651,4.778568124190137,1.1027146079541765,Inf,25.64978357919214
-13.374130921145877,7.393329691911276,-1.2711376973510902,Inf,30.86104677702206
-11.904932103415193,-3.811216034070924,-0.9657277961386157,Inf,21.65836307560723
-9.588092993660249,7.1782864650625555,-1.3071654165030466,Inf,28.212707390309987
-8.767166210863993,9.241994941086354,3.6532833635111395,Inf,27.551644390362643
-9.069593949177621,10.715706875648063,3.7094943082557137,Inf,28.863249200708573
-7.880561436319624,0.6460606954462307,-2.0043117354730278,Inf,21.96091548805664
-8.479205778592727,7.010187918396554,-1.0835984985195353,Inf,27.49160255833076
-13.437219652096184,9.248597367523274,7.298597394116637,Inf,33.57809596515285
-11.23775152845412,6.80882607049557,8.147640415433813,Inf,30.991226591040665
-7.8745899029576805,3.8380649930175963,6.891776627751945,Inf,22.4161592128388
-11.959546250055704,-2.1670880199077835,6.7904256003869605,Inf,23.37755631749507
-6.220170348495024,7.993630903619156,-1.1404942753851017,Inf,27.282167131156005
-6.674988165754572,7.276826162317612,5.496693733389737,Inf,25.71198762065272
-4.021454564311373,3.7545839471240505,5.134675691903247,Inf,20.147052458358388
-7.068487715389082,2.228265260826241,-0.47860462952659333,Inf,22.807546009877527
-6.659599950108808,4.245226582576038,2.9966323423841317,Inf,22.237626894636033
-3.9026945779743194,-4.86520393576459,7.238824300800513,16.616778558633406,15.759592322556212
-7.1235952868349095,-3.6552156407729868,6.167743540182961,Inf,18.468770541228828
-4.502749946483631,-2.2582073822152964,5.784103718612343,16.22455036920752,16.22455036920752
-5.2111744528693915,9.181452539446148,-2.186662916259383,Inf,26.404627139348396
-6.5790167925922205,7.658834388227753,10.291181407954522,Inf,36.08543770470935
-9.082332378495241,11.468953881862348,10.068240341957726,Inf,36.285957629643306
-7.374312744840559,-3.8227922762929722,9.147190459588348,Inf,19.459484636100015
-9.145128534168787,5.907917435761849,8.87274676149211,Inf,25.550293897070585
-6.889383814798089,10.999317687939232,10.209521765036449,Inf,29.26943364256294
-10.960283513910154,-2.268863166785316,10.907192091434066,Inf,23.745681992510058
-13.420768470663171,12.19267462678453,9.428889796139288,Inf,35.23488246714145
-5.287941778936354,10.122504975407605,11.12251482901737,Inf,27.887242925251947
-3.898080748270651,7.324748471588922,9.087859427946896,Inf,24.4002982614084
-5.692857719214208,-0.9145693674228923,9.186447095405839,Inf,18.976683622053034
-2.9185717502207638,11.46252789128041,10.44057645988709,Inf,28.409130923067075
-3.9774822024508154,11.709207907347647,10.080519624771902,Inf,29.513980883699567
-10.482854217841266,18.59109493102107,6.838978459291411,Inf,44.230420283179946
-7.7929444509534385,13.384715245903934,1.4140730598390334,Inf,33.45170706807076
-12.34236339568099,16.076889940715127,5.486680818225871,Inf,39.82503721385843
-12.085191688486239,13.093329259986035,5.6739069001199205,Inf,34.25308868256559
-9.526366022033743,13.888331143274499,-1.3885534452365462,Inf,33.860550140982326
-10.118098713693087,17.533012400656247,-1.262341326783325,Inf,38.908620627820596
-9.178501642815196,16.089573193722153,3.5295824215554816,Inf,34.045003317735805
-9.842879874058568,19.91628917675638,6.065338891282508,Inf,38.392083835671194
-3.6741431258470953,16.586623648520025,4.115294350566899,Inf,31.646962722690674
-2.840586106579295,13.623606324837006,-1.990674216805477,Inf,27.58811352123686
-4.9790781956202945,12.820788897528374,1.0424821380619704,Inf,28.594868131027287
-6.046373039401125,13.040883068018218,3.7519703925229493,Inf,29.751609717202438
-7.777952568541826,14.320353246683467,-0.8231907773579223,Inf,32.27768314402824
-4.176353643797253,15.159328600268879,0.743541016975886,Inf,29.533142308446525
-7.376268428003332,17.229442060985313,-0.5201441925382433,Inf,34.090447371826954
-5.012824934068085,18.332228594534513,1.743591303388925,Inf,32.66287272239883
-4.30341061185481,17.60404593187394,3.418518243609931,Inf,32.29473040073756
-4.055961030916002,17.77288657377258,9.605002987955757,Inf,36.59037724161155
-9.154910539922687,16.146928641308136,8.2681962593497,Inf,35.59401023728728
-8.535661262309162,16.10840128045679,7.67638258619548,Inf,35.01981052315776
-7.709517243397626,14.277795687513297,7.2395609195178,Inf,32.542049984442
-8.582134366745446,13.36013496633781,9.95037782468949,Inf,32.08861318904134
-3.0918159794141715,17.79847909543429,10.738851033349206,Inf,34.46823604597995
-2.8812931483753275,18.15774706174703,9.055677652815596,Inf,33.88506931687819
-11.488403485756722,9.788003111022377,18.354337279557555,Inf,62.851746531473
-17.185194664692858,4.843801329847814,15.418029545724025,Inf,70.94621773700241
-12.78657967401064,-5.381558721551265,17.349080413607837,Inf,43.6312974664812
-16.313015485675688,-5.261329776404313,14.248415424767188,Inf,30.706453802105823
-18.692819453501155,0.9828757599096534,14.863448665961918,Inf,34.00663926961396
-19.33937539509695,-3.231324251011447,17.09529083429878,Inf,33.8074907559196
-15.601959032610369,-0.30663060022642696,16.747378556263016,Inf,32.698495062199
-11.793507339551601,-1.0704740673006263,14.153092752721008,Inf,26.77328882310082
-13.30000344195108,-4.084336093171048,16.868056215201,Inf,28.520334926505743
-17.996782150462565,-3.3815478387859166,17.547857376644203,Inf,49.215719160608494
-11.711189732706675,-1.4806922138431204,18.633567457788203,Inf,28.37518136447842
-14.173224921026435,-2.6257603520159307,17.763425089876527,Inf,29.82862132020538
-11.804043532583322,18.162259761551248,13.181936846068027,Inf,58.38636083818426
-13.568153348451162,10.2981850814251,11.62712742282973,Inf,33.789623339047154
-19.72377341917367,13.78050122711138,12.969889622022784,Inf,40.9883172842827
-15.07858977699442,18.025096666686935,15.65188168916842,Inf,60.15237313642156
-19.950948978968384,7.70744883021883,19.719950361247882,Inf,71.67264679329043
-17.547108052618718,6.6276962938572765,17.231244805205783,Inf,36.995201690574035
-17.146983203785222,5.01059050218722,13.459521682825091,Inf,32.88770427377969
-19.620097127154672,18.65860022872667,17.94200580452427,Inf,65.27792522750512
-17.46107705292678,12.931589392713228,17.660792427276604,Inf,42.28654962697992
-19.06559743741303,15.013224762717044,15.515617273163073,Inf,42.00995447736298
-15.895496694068108,9.04218246624744,17.52987013993212,Inf,37.084441646474964
-15.482233370868421,18.295320307640274,15.565437265459607,Inf,41.505881407362
-17.965872954555753,12.395262909203922,18.395083580611114,Inf,41.990104680912104
-12.38457201289199,10.421913225391588,17.202208099442373,Inf,37.236813837336776
-12.752898096814205,6.205482960139257,16.56583232766043,Inf,32.37806111527521
-14.035506660618493,9.368161367745486,16.232772477029883,Inf,34.76956419314329
-12.105805089762391,13.898708332742885,14.82081326404473,Inf,35.91258812891263
-11.826121740576907,11.452225646413776,17.307569952639938,Inf,35.16173914229764
-12.69346839886813,13.70423147232377,18.820380978100168,Inf,38.00996976223268
-7.606249844237718,14.107282289746934,19.026432200118776,Inf,53.07557018618894
-4.713584145082255,-0.6513878396792023,15.415614474040382,Inf,22.58382773494128
-8.220313540731183,11.998421724653365,15.091308618861873,Inf,51.005187451360754
-9.65609909485587,11.550231171442682,15.380959553760178,Inf,34.15250843448265
-8.663906914602002,11.384906151398404,14.456590619668255,Inf,32.79711651875486
-9.253800929977603,2.2288596497036295,13.405763861255764,Inf,26.232420708990254
-9.877714063396965,13.290123831468549,14.104269266099145,Inf,34.21106126258047
-7.5308841743381905,4.00706038663386,11.854334810885412,Inf,25.458773814136883
-8.150635332207692,-1.448568029431307,14.558195084044456,Inf,23.903171618472452
-6.341908020605951,-3.4992667927190553,14.474717445962789,Inf,21.289995209179203
-4.515923387324472,-4.858999794508163,14.102306958157541,Inf,19.578022651499545
-3.9666167012214615,-4.709094405154293,15.195058659150043,Inf,19.982289931850953
-7.141692611243995,4.117623936945893,13.70623203431591,Inf,25.74314618441745
-8.123593008364827,6.791383804292863,12.029997228660704,Inf,27.300925736709097
-5.551513629733851,12.570522426686054,12.822760798618091,Inf,30.879415366713193
-6.178278680093925,6.6192581961562595,12.484664065835787,Inf,26.164122638712403
-4.5361867340578055,13.419414730829274,17.251688389287096,Inf,49.970983335807006
-4.731023447628884,9.36155279775896,19.59237246356519,Inf,45.720087902726775
-5.396876264811734,0.7318713945050419,16.263339204499758,Inf,25.003271158633023
-10.194995399598845,6.60330502049699,18.928777451869003,Inf,32.28350160326925
-10.383014674285187,1.1820715764329321,17.06495277501481,Inf,27.994828612983838
-7.860514383248862,9.02205725420685,16.341805862515677,Inf,31.357094911228117
-7.1361476281647995,-2.332000511770353,17.02345450239686,Inf,24.199299134531557
-8.823251862808954,7.5735839622460865,16.47825873367124,Inf,30.481862596583873
-9.83799216906819,11.334976394314864,16.540315855294068,Inf,42.80337530358336
-5.954446679655554,12.637493634685185,16.042309991805766,Inf,32.340164555954544
-8.734041393599465,12.378361201117976,18.630201187957745,Inf,35.49100887417496
-8.97001643950901,9.457147476475871,18.429665935778694,Inf,33.1027730412414
-3.711474196895601,10.499390538451667,19.086324780167132,Inf,36.01433106940841
-4.467126037003029,-2.2076739828469556,17.25795959389564,Inf,23.435104560242948
-4.36720183195888,6.258965467554312,18.475226893160524,Inf,28.69002761241865
-10.460930453647004,18.412345418633144,18.965650963093204,Inf,40.67555588188386
2.421376938954964,7.454240751956924,5.295402850662725,43.17262858492413,20.410732773824357
6.703778793630111,4.574076669735419,7.997198843885613,48.99791933942207,18.3915049638225
1.5856058110093585,5.203303425710899,2.878086692152255,46.579775431655406,17.329856524291316
-1.4997230998913835,-2.720440170934957,5.617171190814663,13.181575531789658,13.181575531789658
0.7375937027259312,-11.178005223541803,6.018657848839286,8.687557815240185,8.687557815240185
-0.24736575745532718,-17.263382371744687,5.882826739085047,11.451890147428923,11.451890147428923
-0.8939277989558647,-13.328396612685056,-1.3568599130246,8.341258640317093,8.341258640317093
-2.261763123563103,-14.709936913261927,5.3185787120361,12.041192230135989,12.041192230135989
-1.3329952589570908,-10.62962327423052,2.8063243672871536,8.800650280474887,8.800650280474887
-2.2614109653559566,-10.63804802332017,1.5791402651159743,9.40204372886813,9.40204372886813
-1.6297250388640983,-11.864817891594415,4.5819056411475145,9.808869636018168,9.808869636018168
0.31677000440009095,-9.711097765284027,0.9490632584790859,6.872230584994739,6.872230584994739
1.0270600118616429,-15.577758797548835,-0.17714577376610308,7.527500802763238,7.527500802763238
-0.547489211442187,-8.574169259502469,7.824066637371416,11.736647476702803,11.736647476702803
-0.360451347096749,-5.981141416354374,7.815584592965905,12.001207562861996,12.001207562861996
-0.1148472903689246,-15.430188130630498,6.440963322457129,11.26055571389686,11.26055571389686
0.15844101915131859,-2.3176907797802855,6.758565711855795,12.991867078138752,12.991867078138752
0.4960831320784109,5.900287088001779,2.4909370223155918,Inf,18.32881281223234
3.0,6.0,0.0,17.780228769573228,17.780228769573228
6.5341213934691496,3.071937452734417,6.819220212699371,17.837929665222234,16.592236816624887
6.727771408649765,1.4462420021735234,-0.6733665579614296,13.18418977286422,12.567165245724862
5.559183501334708,-2.8714755120302726,-1.6014958556768022,8.409140949591677,8.409140949591677
6.722351940753242,-15.06911498009881,1.3325197459981482,4.290733508334326,4.290733508334326
4.922652135791672,-10.261738070385693,-2.6782143847554707,3.46889566236286,3.46889566236286
1.9517010966826547,-7.802291493592612,-0.7350766820987715,6.020880271002788,6.020880271002788
6.5331484141536755,-13.454063858427903,1.2002078744441036,2.77143983631738,2.77143983631738
4.400261335181092,-8.412088004162026,2.351411937642183,4.3571857573487325,4.3571857573487325
2.9122611016104116,-14.790823713797812,2.1603029912658727,5.9788680153162295,5.9788680153162295
2.3653670296396996,-16.980087442573833,2.6538282163478115,8.017734891642638,8.017734891642638
3.0477583019881394,-7.795694172741472,6.484243882624561,8.24216045727458,8.24216045727458
4.404798345884853,-5.851190864473921,6.011113573941998,8.329393347563107,8.329393347563107
5.984493046444712,-15.690298630639905,2.212465261305354,5.284426000029207,5.284426000029207
6.132394434022022,-5.786795985167652,5.49862785721178,7.626607622690805,7.626607622690805
4.214435589540358,3.977436715636202,0.5188189184885346,15.70377462031829,15.649960701139884
3.667956403900323,-0.5161470343285046,-2.650616890546658,11.606791199032571,11.606791199032571
5.0465359027695555,3.023289720956683,4.907875722187338,15.500033254869297,15.500033254869297
3.903041046264633,-1.9066232763491264,5.721368456107257,11.700543727437974,11.700543727437974
4.325196738883818,-2.6579198218463844,1.6599198327997478,8.916288916121054,8.916288916121054
2.954054125124472,-0.8369831035362196,2.606793797800904,12.073334372065986,11.384570282771545
1.6152174607639047,3.8880340313596022,4.981718555422816,16.74111136073677,16.74111136073677
6.911179196703337,-10.039166102963968,0.5454519944964709,1.1084262677742218,1.1084262677742218
6.94557999679806,-3.7470787865728568,-1.1649589519841825,7.346084468935683,7.346084468935683
4.205945907328868,-7.27358823076333,7.7620518413791295,9.052200380843047,9.052200380843047
2.663065488036416,-0.07870113709069315,7.8378681840337165,14.629576154938233,14.629576154938233
2.172319585275659,0.6853349772843416,12.910074449851862,Inf,18.091861921846956
-2.5055901456006957,-0.6035850984979092,10.018507318243177,Inf,17.537462705823867
1.6167904449626462,-12.69959375143098,16.95152548679416,Inf,19.62001577593479
1.747038375181429,-3.4979963786072332,9.044612950023165,13.074228167016987,12.998797036994091
1.1086763369045798,-15.0319490333358,13.782409664068553,17.36318041300884,16.85673972686168
-2.2784436426485115,-0.8187475104438313,14.281274570231545,Inf,20.202026206944222
-2.2066642728599817,-6.473715008957779,12.166399955083627,16.75312562051251,16.093496849019314
0.2189687330171175,-11.515700567328562,9.057533271184724,11.788811406444214,11.788811406444214
2.1545243821756515,-1.3400002398312054,13.45697973405315,17.52852036198772,17.321361799348303
1.8451378273256758,-7.743403069218635,8.640064767577282,10.71128865434806,10.71128865434806
-1.875349791434104,1.8711565331879214,8.347331175588593,Inf,17.911920184694896
1.4557197987686976,5.8201132261557476,17.951511099198605,Inf,25.87322965146032
0.2414461466881157,6.972180882835659,19.66432721123497,Inf,30.466138681173685
-2.325046885468012,6.902851158830707,10.608529468542535,Inf,23.646221953951823
2.0069102875091644,6.235277388439773,19.165263948740368,Inf,26.90002211214353
5.610158853242755,4.6811714297016565,18.923153331527296,Inf,26.103107364083964
2.6922253273125634,-0.8230802958298895,12.887458764647818,17.42896579131592,17.018405110484977
5.715812169496843,-6.202822789964824,10.537407575274784,12.937515084575669,12.388191119515593
2.501797208718301,-7.148195674054927,9.830032427194865,12.17584000781453,11.693483219078175
3.5203439401701004,-8.111029845359896,10.237779100320274,12.298198140010754,11.754159665490821
4.09169829237559,-14.990252287777786,10.988285693323803,12.76928485013183,12.76928485013183
4.523961232061051,-4.003990482408684,10.7839655509055,13.43179903746928,13.43179903746928
6.105243694380658,1.2114609373105978,10.407629066034694,17.74481243183892,16.174977641817414
5.384144316440533,-10.634584877132625,18.844424340158675,Inf,20.034393212557834
4.883608415405234,-5.5647159429396265,14.200268306751568,16.747540304274253,15.747728905607687
3.8145101940737725,-6.593470846788501,17.30073840192358,Inf,18.62311062354764
2.258776681247152,-9.812229595640964,14.320477000387122,17.23738482781284,16.34939905847109
2.9746343411041565,-15.56770236544967,17.06829265139597,Inf,18.97796949936627
4.4853522244267126,-16.169045177852936,16.521889167199078,Inf,18.440729419374797
4.949726397743888,-14.657396285182731,16.696577007802354,Inf,18.55129099670559
2.962298265411629,2.55050637430994,16.538801236600236,Inf,21.996992084750083
6.477456828404186,-6.170756311607439,14.325622376348868,16.801671166380995,16.084728964076564
5.699731980650206,-13.337629594290208,15.701830280447446,17.60279885674178,17.60279885674178
5.578897506207461,-9.02567084644371,13.033880745871294,14.002067788296792,14.002067788296792
6.983552127088338,7.390085328684695,16.528829221105887,Inf,26.48643221372671
4.693180730446471,5.957857989941768,15.39566767827484,Inf,24.51298382571535
-0.03666790842611789,8.818979392917097,8.17958569503947,Inf,22.84597021858512
2.0872825821436614,8.009352441212549,0.38760486090713187,Inf,20.02094022936987
1.2863026170075003,16.514828506266,6.5825625156444545,Inf,31.90678204413008
1.3927590070985651,7.525034781000617,-0.8756974630930614,Inf,20.150061483621805
-0.486913993302025,14.77776872899792,-3.028952217398711,Inf,27.699016225292993
-0.03744366420177059,10.105251848680375,5.244587204378767,Inf,23.179603894598063
-2.48249727991519,10.5884171063217,2.4729963839670432,Inf,24.9861150830386
-1.9911759105435607,14.729465921907149,1.0477569343876496,Inf,27.90951105240914
0.510868050545767,14.819101970295407,-0.41231522395623443,Inf,26.95314222540438
0.6648455652107828,12.141842305368002,5.927116591240733,Inf,25.103068979026588
0.5955083981737808,8.358683511324607,5.225139129203981,Inf,21.333035458626426
0.4741880092083761,13.378725647314482,1.5160556025221084,Inf,25.72527395390679
1.013107023555797,18.22619141532961,4.450108632254029,Inf,33.32745599946834
1.857609510008011,19.82209413450083,-2.3748070792263576,Inf,32.46470571781119
-1.795439027296304,19.765844633506816,4.767311897340846,Inf,34.36419337384554
0.7495311322400084,17.12874649717711,8.160122392340206,Inf,32.09396745639561
6.675808128361567,11.596453981493518,5.915035219362501,Inf,24.25722363631119
5.513680156886814,10.422179870383719,-0.532423296183751,Inf,22.03624992394441
3.674676212436747,10.793316916782718,-2.3396441902921765,Inf,22.540413507172147
4.313894818723281,12.344725495793824,7.467473855776809,Inf,25.194231028172712
2.9155134080229317,16.782878349359223,0.468389249664245,Inf,28.833842661561235
2.178109123213403,14.308553478849646,3.866051133220143,Inf,26.980985091143882
3.997996209900556,12.2187648462304,6.470682171086555,Inf,24.88611669066777
3.9527026056430437,14.441543400346262,-1.9736893449739483,Inf,26.50162469368952
6.525622389744363,10.587292191102762,14.701013651596199,Inf,28.761705044054878
5.038154754920363,11.163659541363486,14.161940453660492,Inf,28.93050232449849
3.542498572022801,7.624132412622462,10.901409495283552,Inf,22.96578228299977
1.3937242574749398,11.035733871555166,18.01888265010801,Inf,31.089653818428424
2.0973210423904654,19.330681718499953,16.374410664604746,Inf,37.88839150671698
2.9398502488154037,11.375092044437338,14.153312236650194,Inf,29.669973703727244
-0.8568647320383533,18.33118740071911,11.581692670230872,Inf,35.149725737214325
1.6927970014030969,12.562007914972277,13.165635323270202,Inf,30.598179191953374
-2.4614043582262113,15.614616690646727,11.481160453924446,Inf,32.713972205945346
1.572540541735357,12.15001775220992,16.260859366723906,Inf,30.781367972820973
0.27709284590286387,17.467351122125976,14.754986208092063,Inf,35.94538841461837
-1.3391149831261018,19.25722408167701,11.774613010964849,Inf,36.05466689521732
3.9046659107773323,12.05679026319067,15.027957270894241,Inf,30.613495067738913
3.0335043262954215,18.80732701750462,15.157888983626783,Inf,36.89518620404738
5.961434718350233,18.92172908879151,12.363311699764168,Inf,33.511638102392865
0.503724186234507,15.264538624283077,16.436178676283433,Inf,34.7957891580197
3.320663911093522,14.09087508438568,17.520966054727083,Inf,33.70558542561417
6.480671223322716,19.63839248884777,17.548728234747614,Inf,38.170214645069336
1.630866445171275,17.819988116863385,17.088684361639494,Inf,36.38792191724296
0.8177521979357572,19.506487342055145,18.111808330727996,Inf,38.404580047635704
6.932568924185567,8.604290066772123,11.982568778895441,Inf,23.665490284627225
8.693946804327002,14.254172489442077,2.7821224584468567,33.58613899382103,33.58613899382103
11.856426297464651,-10.325707389876193,-7.85767270633027,9.261887888901564,9.261887888901564
10.491427533906581,-2.7233638158229745,-13.67283567151973,18.930133321976502,17.05979748622272
10.232093310713417,5.3954495085837095,-18.655189437167046,Inf,25.828288048346437
9.392067412662186,-11.424020136211004,-10.652364791190987,11.816120059461188,11.425402577526755
9.491751831551891,-12.053224786346668,-10.696128435408951,12.043134290262687,11.779132018908477
8.062605036172261,2.8483758498483702,-15.127355349775664,Inf,21.290421629000395
7.197012961529346,-2.4748415575976956,-11.034418961754229,14.520043391190384,14.520043391190384
8.750616812705879,1.510190472648496,-12.216757334555153,Inf,18.26047634397265
7.041213422543848,-12.732016238741375,-11.34257147888067,11.837120874282553,11.837120874282553
8.604134429973136,-10.80089985930611,-15.862871941602137,16.09958058383417,16.09958058383417
7.134490301285048,-5.352611467882635,-18.628625972892145,Inf,21.616660545966184
8.407466006278767,-0.700837202250213,-15.696201541965724,Inf,19.652733217343755
9.16304526705882,-14.298634403912622,-16.217288263483738,17.264705285322822,17.264705285322822
8.232187275769107,3.7212412632515353,-14.620559818902885,Inf,21.56740560949242
9.894538204144958,-18.948865497073957,-11.739418774233465,16.116239539391657,16.116239539391657
9.896947016246926,1.5065325684991393,-11.189521720866606,Inf,17.47032418520968
10.046996566314252,-1.9922461271376264,-11.971862807927431,15.864395112151941,15.864395112151941
10.097235681420464,2.1617080376212883,-10.440275274280744,17.304224871017823,17.304224871017823
8.238274136753763,-18.800980604033015,-8.58198468729407,13.508595513122525,13.508595513122525
9.46056859061833,-19.509080554716583,-9.179570347961228,14.903688343702854,14.903688343702854
8.288674801972888,-9.896140904865387,-7.960715040771156,8.139543697745678,8.139543697745678
8.083386848039318,6.162040134994218,-19.85882005284899,Inf,30.899583167100626
9.93828740496923,10.618394602531396,-12.094696917735872,Inf,25.922688956111564
7.2090780900462015,12.854352755798494,-19.351561696485415,Inf,34.458743450458826
7.690415957224701,12.165553266978662,-19.083433128594713,Inf,31.133865746672058
9.541616509465047,13.789349274704904,-10.289646306888827,Inf,27.955626696476113
10.359673545841055,8.075391417535222,-12.334633011474079,Inf,23.519457448083315
10.289192210922504,10.422024562393997,-19.195390754127402,Inf,29.93764122213793
10.684212254410177,-8.354470971222403,-18.680477961334596,Inf,19.887756277033297
11.057896066597834,-9.611214783553717,-11.806401843915655,13.35341718931156,12.668389368497133
15.627486794528622,-10.605250216748905,-18.477556139144646,Inf,20.575722643310204
10.938888297386391,-12.685114425722519,-12.512494783986785,14.446166562467324,13.999760430287518
15.134450212549517,-15.189347775658755,-18.639905890117667,Inf,21.91290605069447
10.511426217685404,-19.509085304305003,-12.045308888269695,17.003913925373908,17.003913925373908
13.538936240301382,-14.66718270364555,-13.937356717931344,16.919681650079188,16.919681650079188
10.956506560084549,-11.434710744820649,-11.807769049451222,13.462245623064435,12.988016573287215
13.608544709487603,-9.997177101469719,-13.13307263332053,14.83034328244106,14.83034328244106
10.576211914808535,-8.813120516276811,-15.787166144801432,16.956327146690366,16.365058641411864
10.70253127794465,-8.602051880019452,-17.62619859978546,Inf,18.220468817410485
15.401353472508745,-10.379750904850917,-12.485468748590485,15.09163278783464,15.09163278783464
16.374855900545313,-13.258315879691764,-18.797375215657173,Inf,21.92765456777019
17.061639988706922,-15.262064661951413,-18.611495832939305,Inf,22.802784803160534
18.31882404603462,-16.673600570295484,-19.070109604416476,Inf,24.214761655447933
17.27201231316755,-17.453134170174962,-14.916939527693183,Inf,21.679614950120712
19.83109067946237,-17.081648593957173,-12.601045157123574,Inf,21.423820105601997
18.05086764219336,-13.113928791639875,-16.48791150722767,Inf,20.615689457360446
19.598220584830415,-8.396765499545129,-19.626184775915387,Inf,23.608425027817823
11.454923970546691,-16.53993957380127,-11.365826317492136,15.671748443171422,15.671748443171422
16.86128223844242,-9.055697699473466,-9.028232671727539,14.556386754351264,14.032786618848016
15.187940185854174,-17.87893905220777,-8.429993962579472,15.71399569221546,15.71399569221546
14.389024495221214,-9.61381797907368,-10.687369110546232,13.125567728707818,13.125567728707818
19.666040028603618,-10.63254481361981,-8.215688033069677,15.973837832436576,15.973837832436576
17.468131544873913,-2.5100160974435326,-11.778122569871652,Inf,18.107287742825235
18.290029075441787,-1.4331270035956152,-13.127536520316863,Inf,20.021708513669296
18.20009943029595,5.83919712553606,-15.728208608465675,Inf,32.18540720342439
15.82599455743852,2.4243799330341176,-17.48473675440905,Inf,24.991014567711723
16.745647248912803,2.508829066088616,-18.521453332138176,Inf,27.31297816280318
13.788662851320836,-1.0052396783646245,-18.69175226986347,Inf,23.015476995639442
15.208009457699056,-1.667140015068167,-19.07869323931875,Inf,23.351958430772527
14.979709934623273,-0.0392233636496826,-17.9426123826358,Inf,23.729838131331896
18.20735834005064,-2.3056407085194053,-18.69772538136349,Inf,23.838182904211056
17.218245306527315,5.724969473760666,-13.8397207583031,Inf,25.762840652155038
11.418909782325166,1.3701398991769125,-17.374197789326146,Inf,22.373850459065764
11.362986833163625,-4.446451550664472,-14.475752687440755,17.632241862523152,16.74167603746958
12.543057555733071,-0.5158329031162907,-16.022021553460746,Inf,20.84575058380657
12.839132570596455,-7.924773425174028,-14.218970980851457,16.13184504011723,15.708760986636488
15.260622955677896,-6.4105930366908925,-12.676370327750597,15.977483207380981,15.977483207380981
16.720047259543513,-0.4098386333644939,-12.593038100839005,Inf,19.3133755914795
16.832917975434384,6.316319876634687,-19.181432801292296,Inf,30.21174442625706
18.094599989437434,11.339336263665274,-19.27075485595222,Inf,33.62319963579374
15.120634712385751,11.602011548977966,-18.286990315640974,Inf,33.42559474413487
11.723803335102794,10.644710522940308,-14.677205584178195,Inf,26.924964548862867
11.096798057770975,9.089451255330054,-13.29654183884533,Inf,24.864053554432207
14.247509534115295,13.755749134829628,-16.785943829992878,Inf,31.452042106511062
16.115969335660026,13.725488016721641,-17.822453239255562,Inf,33.05971040267347
17.45693630306679,6.837225937606888,-18.766043576094795,Inf,28.861618725995463
19.701437757167795,-3.8598664807558407,-16.526039747336085,Inf,22.384276219830795
19.44948099984388,4.738751141116751,-19.956609054115084,Inf,30.477253331729585
12.882095211700381,4.681401497862197,-9.06816209891657,Inf,19.23145459671818
12.354302988424749,10.250296666336922,-8.662919622870717,Inf,24.35780858402664
13.332624683145006,11.545507529602979,-8.179509147646211,Inf,25.49774060646891
13.57418910382897,5.000751122936251,-10.855784805243953,Inf,21.17479529735044
16.008872291196113,-4.076701094866637,-11.031748792523706,15.949303026697514,15.949303026697514
14.320327423816188,4.860931506337973,-8.47282356650127,Inf,19.566078663108954
15.51625927870905,10.235289747820318,-7.931218099387127,Inf,24.73718079302582
16.866572684569434,10.872315081516469,-8.586031233697042,Inf,25.54522168151773
17.43488863406752,10.321653043721312,-7.866333650534489,Inf,25.055837062987752
13.774385851759618,6.445223988357654,-6.033542048451537,21.567548525649805,19.685424960743198
7.7139170192528255,-12.035115487527364,5.090571961368049,5.243573636058179,5.243573636058179
8.75752408555919,-17.98277390914138,-7.4312004369415785,12.744822176903575,12.744822176903575
11.668344243019597,-17.5044578092188,-6.659208042418152,13.999566990971129,13.497024214102524
11.614075052697554,-12.55354159664435,10.792013162381782,12.170797472854169,12.170797472854169
9.480784800693726,-13.220240801802268,1.785894747057391,3.777986566004142,3.777986566004142
7.194230197631253,-19.820645584214304,1.6350031571675316,8.973001126487112,8.973001126487112
9.191522225068436,-17.38178759108731,17.373684571830033,Inf,19.785614478879143
7.40651586077723,-13.74641563564392,16.82475002755971,17.765355491298116,17.765355491298116
8.21113679425838,-18.70106137203006,6.913173197034695,11.113578067200875,10.707723644790729
10.184043057459853,-18.13298588255419,16.192283148057463,Inf,19.59886197754117
10.894822482785802,-17.63477151536586,4.816214884639027,9.076660236482494,9.076660236482494
9.346722166032826,-12.135144883884532,11.716362231670772,12.068319435978133,12.068319435978133
12.738152840743496,-13.301523363842511,-0.45664439855126915,6.199349314627613,6.199349314627613
12.122179909176566,-14.13704648573419,13.721895787543048,15.160763087722284,15.160763087722284
12.21657153829824,-14.232404743310472,15.419401141871958,16.86356295996551,16.86356295996551
11.354648761163393,9.986541678497343,9.176027290797848,Inf,24.630031589834772
8.7377490783126,-2.654179574909385,-4.876081471497038,9.820827915390469,9.820827915390469
7.349521433527563,2.595914389470096,7.177350136454528,16.170935618507322,16.170935618507322
7.887077532153466,2.305153765904386,-5.836717486534342,14.8388647315126,14.8388647315126
7.071287502360441,0.31299325938703504,-6.109080041580279,13.418273261513912,13.418273261513912
7.039002289182594,2.426412294501546,-2.949839461690704,14.072665411915882,13.773099194821238
8.205342798079318,-9.413150144732318,-4.561364730408419,4.977649237125755,4.977649237125755
8.717978216454235,12.134331490290684,-6.526029669264091,Inf,24.727154875415284
7.738575641601486,11.103839075963975,-7.470386382591254,Inf,23.789160260650156
7.147366428905563,5.958285226170553,2.9958682299564217,Inf,17.876504610262515
7.179485670295449,2.965786137849822,2.6100211380095395,15.026539025396634,15.026539025396634
8.62656953972948,2.9484074858312397,2.566014848811868,14.780403720454299,14.780403720454299
7.570352490636392,11.56419893994224,8.350060564165727,Inf,25.048091536137278
7.684618495546474,14.03308049030229,5.384936707882318,Inf,26.314431282909855
7.49694857397559,8.403552703073185,8.074280531785234,Inf,21.877110096417404
7.9718519316474,8.343631284016944,-3.8711957936278125,Inf,19.83384061116041
11.375736414639182,6.0683537434874495,8.73893262432614,Inf,19.741684029454177
8.849180488263968,-2.762775586357815,-0.1696059737984683,8.443938696202569,8.443938696202569
11.836943617283893,4.522093845126278,-2.3696359081819267,16.61927861947705,16.61927861947705
10.700362017552585,5.363640954716693,-4.747092135015096,Inf,17.851871230311723
10.691784346277178,-5.278853779799135,-5.6304960135677184,8.83534216038846,8.83534216038846
10.648703806505047,-4.998615019846273,-6.387233005316979,9.493492856258424,9.493492856258424
9.36738294870052,-9.365254948264576,-7.044109632147819,7.608966678839454,7.608966678839454
11.31235141909891,-7.381512520069391,-6.730469929114253,8.774340537666074,8.774340537666074
10.798957932032486,-2.4141423775779813,-3.2152968858347464,9.924070059502474,9.924070059502474
9.994189533681794,-0.2169630026745395,-2.471396368764367,11.833670289337709,11.833670289337709
9.219266556677994,-0.05777515325663174,-0.7581291482264447,11.236849465982104,11.236849465982104
13.294947335986727,-10.633126697114834,-1.0621007442620751,6.394451968243902,6.394451968243902
12.65103732605241,3.258170026367466,-5.802128121034142,16.97116113243259,16.427686125131643
12.810284149670167,-8.025636447458337,-6.054623643472814,8.903072947398368,8.903072947398368
13.335868399921637,2.407919671202656,-3.2767467558831314,15.373104213451688,15.373104213451688
12.184808870180262,-3.2546906039116124,-2.085904564415337,9.55107630130153,9.55107630130153
9.179547556697266,-7.722139218216935,-0.16438971297781535,3.9397744649141324,3.9397744649141324
9.147716771194094,1.0853988729539026,4.503817287154277,13.568763756531338,13.568763756531338
12.698256115865576,-3.5121030808857583,3.6691365130094944,10.63317700228862,10.373965428215937
9.531549350249094,-8.51580616205303,3.93277063945213,5.295908424413796,5.295908424413796
13.23839400053302,-10.871251688226895,6.093965423453696,8.721843292327602,8.721843292327602
11.264191090451028,-11.361835193106815,5.750736947365141,7.168348889433544,7.168348889433544
10.446351226071727,-0.3973549350843797,5.4276042824643795,13.241798608950088,12.500063262230286
9.512844909246265,-2.1584435462216867,4.506781017269219,10.304435191368729,10.304435191368729
9.18305767400745,3.7730348039091055,3.5518599810851086,15.972391411471396,15.972391411471396
12.994384929809797,-1.2423109942993626,4.162541797057131,12.615228014285956,12.615228014285956
12.026502410212046,-1.5553756658149283,4.058398050738219,11.937653005288139,11.937653005288139
12.18353969443416,-2.98129065566566,4.906333376101024,10.938414948949493,10.938414948949493
11.586377969211057,3.3949747094149956,3.523929272277009,16.12849082165497,16.12849082165497
12.385244157768796,6.090582837843009,3.197384154099609,Inf,18.958883388680512
10.67208849455615,6.852474022162074,-7.475321228012248,Inf,20.384719826885746
10.129864450390311,12.198798213853557,-5.536686546944338,Inf,25.097257092872933
9.240239383376874,13.568304886163311,-5.673383873220361,Inf,26.236767456209847
11.741802872096095,12.07425873355723,3.1357111490439493,Inf,24.440134233528052
11.04613382463053,7.736135423163468,-4.000615919589912,Inf,19.873759014565817
13.634462311565258,6.7821316891934735,-7.319267486196752,Inf,20.931860863101956
11.950397188907196,6.230331025452884,-5.10105360243176,Inf,18.84644705065068
13.407692991497768,6.202821545952986,-0.6730251344888494,Inf,18.769792431596915
12.759439992326108,12.639147037366165,8.388151717474521,Inf,26.465745848503488
7.534608759501715,9.872730165249166,18.4995815070492,Inf,49.57610965158157
7.4554588718879415,4.100946746148814,19.787537830750296,Inf,27.152418224930813
7.059969729278759,10.154461092520101,10.870712420544741,Inf,24.550632584204244
7.492040263836213,10.853298796569586,14.469423152467883,Inf,26.914345617873742
10.013083536316778,3.9621733690262495,12.23197981389206,Inf,20.17311729966341
12.903344008772741,-1.7828614156371074,19.27453155875429,Inf,23.560447574835788
8.31214524060978,-7.0061771210902,15.327595249944437,Inf,17.664391085483718
8.09662771191259,1.3039764204594277,14.595090742952628,Inf,19.872764917016355
11.29918498748685,0.9388679468472105,16.819301404802474,Inf,21.877159435902666
9.84352002776415,-3.382653904500721,18.651121290979233,Inf,22.061988985419404
11.63364471224768,-2.7271496304478333,13.870680645948063,Inf,18.517120865354308
9.52673029765359,-3.688755571351603,14.376066215414085,Inf,17.359654490800633
11.425755559354165,-7.93128821813168,13.266752001491618,14.838072039458279,14.838072039458279
11.06734598355522,-10.373468912763562,12.114732295157978,13.20255494982154,13.20255494982154
9.21626823362038,-10.598560238030972,15.252641069919122,15.92621764928002,15.92621764928002
8.55530951321019,-2.9691145702820343,10.306227910099626,13.801188514711484,13.703026329896263
11.181657006937733,-0.5382913521295585,13.169259125020332,Inf,18.384151575148305
12.448085004781085,-11.205550344144077,15.949420965842442,17.397614296729504,17.36231900013254
13.398349178924143,-3.04010174772624,13.612490349369466,Inf,18.900079289425513
12.31639575279074,-1.9503714913915715,11.401605780108454,16.99704910456261,16.99704910456261
11.053879300421325,-3.2707901929175343,19.24943414674808,Inf,22.430898881034036
10.250850698487952,1.0539237655802935,17.512659645744478,Inf,22.226884671308888
12.834297310131959,8.454564973977703,12.077556070629925,Inf,25.57405059628254
7.698527418989364,4.744354871156151,9.22335089418133,Inf,18.8593405298398
10.188825437699975,10.913073505960583,10.73327704112404,Inf,25.11359959998295
8.157545541630302,8.259300305706265,11.232078905744824,Inf,22.933714993388445
10.181135613680972,8.987075581195114,18.715927770419604,Inf,28.377961286329075
9.091819811104216,4.619533858353783,13.735776402811524,Inf,22.055204929176785
9.832295114451853,5.033788637255022,17.341606446428585,Inf,25.397036140965213
8.64488679433294,5.044188009559576,16.414459750734622,Inf,24.067985333058054
10.519069826392293,7.705086640466892,16.613794128416714,Inf,25.95807352855953
17.165656164931455,-19.590617534241346,-3.2668671735793886,15.229581065386805,14.387929363398387
17.71820189589743,-19.999393677960597,18.62207948141547,Inf,24.620857602542852
15.428662846640968,-16.53309498073221,17.748502471567626,Inf,20.734613869158583
17.031051763767742,10.728467124172766,-4.906455871718647,Inf,24.621987487221006
15.478286435553201,13.151509911466164,4.597014598518054,Inf,36.994696935998185
15.59632557049244,13.141687901161589,15.941771504908615,Inf,44.69130369597025
14.570302075871389,-13.509644589131256,-6.944713470444741,13.54395192343113,12.913285604650127
14.13787239877717,-16.295704271322666,14.79019819218584,Inf,18.200624838573965
14.359817283305965,-7.1819781414088,10.823839659429044,13.81518660159093,13.81518660159093
14.143300421249776,-10.542929742597877,7.000143337702198,10.815145360609208,10.043890697872426
14.093625017633826,2.0538556920667617,12.920896313573344,Inf,20.59420822364686
15.12182444704625,-7.1116864565533255,-2.1026678699154218,9.246849557117475,9.246849557117475
16.592494942742697,-7.757929643805825,6.422662136367229,12.821258193260123,12.821258193260123
14.936653623819893,-17.003533904702046,0.7231338695874427,9.9777659164136,9.9777659164136
16.142543052342347,-15.027411268875515,-0.49083467197666764,10.016380981822186,10.016380981822186
15.349211965907621,-17.76645754361807,6.043584180048988,12.335699073724589,12.335699073724589
15.075836499280115,-13.537839499012332,2.101165081980092,8.722078834061548,8.722078834061548
16.489031250028425,-13.42228281793922,10.387135070687982,14.680509919392936,14.4512457489093
14.573683342493247,-8.215296949821154,9.783027447941421,13.025004471666378,13.025004471666378
15.934370675931604,-16.62148979853849,9.539592580935768,16.060673784009275,15.157715005785832
14.920246270783679,5.030533445650356,-6.460959030293889,Inf,19.031349479837736
16.83797960557272,4.31072114833464,-3.5092994117229814,Inf,18.546269782549192
15.936617636779474,9.693611716532136,-5.794399611998937,Inf,23.508445698374246
15.957575366057398,5.778902393111203,12.660149656586334,Inf,25.36038199963566
15.903049672883611,2.40944126270497,-5.372916276732589,17.081823307158274,17.081823307158274
15.586471984021344,7.364551168659883,9.176842710342346,Inf,24.110578251104233
14.737982426521576,6.6556955248831,5.965733432598881,Inf,20.773708295330664
15.677129752810536,-6.367270157030758,-6.078175710799005,12.215102108705246,12.215102108705246
15.568899353050263,-6.326810907477887,6.780320045341071,12.320852046953,12.320852046953
14.651004202487101,-5.630139968818115,14.938934462391614,Inf,18.222793296065987
15.020080427087585,9.70724571918091,-0.1424257488884635,Inf,23.09836999100435
16.266672191439284,10.167618978587267,-5.362402560922126,Inf,23.926027944112
17.000711453073848,-6.62215884078222,4.405932344563865,13.015893184425558,13.015893184425558
16.485168672675442,-11.487504572920182,17.44948685181788,Inf,20.48860631389361
15.276106187583366,0.5697500985159039,16.693185348670795,Inf,23.563000141249113
19.48517869874565,-15.813693190974876,0.5823487598750248,13.473472076319265,13.473472076319265
18.058348827751168,-17.60929362242149,12.015685661389945,Inf,18.895433758737408
17.87630024430947,-16.44152189538098,7.447422448617509,15.515697740878856,15.419573625140512
19.471002984508353,3.105880697415799,11.113267104563391,Inf,24.183485612221403
19.595221084692724,11.587254785685879,-3.6783215592274487,Inf,29.683561529735513
18.939939848220256,-11.320636943362707,8.573094900174354,15.618807246041012,14.955273738170266
17.514923429550073,-14.109870582990238,4.837161846503939,12.417955059431838,12.417955059431838
18.84470905234422,-13.717962323713095,0.8656142006892082,12.461283358994647,12.461283358994647
17.056723235606682,-12.03553988049153,7.462899015031816,13.318779871654659,12.941936220239977
19.389977997313615,-15.409710442876392,8.4600130251855,16.699364168161598,16.630976662478915
18.148220834533042,12.200276881845227,5.159224064607997,Inf,30.08917316637504
17.708969167740875,8.843508356286208,-5.340602656296882,Inf,23.422968387880303
17.560037637067502,1.8346517485268237,-2.117277257641142,16.953472813416774,16.953472813416774
17.12414598503272,-9.836704876647646,-5.220637397196493,12.10325894551778,12.10325894551778
17.10247907403263,-9.726580953288932,1.6183518884734056,11.13828474757058,11.13828474757058
17.52901393680937,-0.000828452574374694,4.21278466767572,16.370699869235057,16.370699869235057
18.137620464493793,6.219568761466874,-0.736960272877738,Inf,21.586654669478023
19.25743899400271,5.147918036932609,4.559939417826904,Inf,21.571722761205464
19.26166982598197,1.1053795241811848,-2.0562412708799656,Inf,17.863299374620794
18.086062539321752,-5.6482287272924925,-2.9036818052330737,12.648325606952817,12.648325606952817
18.811116362798444,3.692130587512203,-6.35031966228083,Inf,20.407099409235787
17.76449999528662,-3.4285633362311785,-7.204580610731988,15.758708356423035,15.758708356423035
19.302566046086405,4.493468819460816,-3.791607104184102,Inf,20.546395566267513
19.371424578082106,0.39782412730603056,-2.6780572464204084,17.63432775066454,17.63432775066454
17.870827440099717,8.95307730204804,-6.406440039474388,Inf,23.92879950711793
19.43323637963089,1.2503027116204812,10.139143566935687,Inf,20.830168430851256
18.30989713366919,7.141134165640793,8.013476708589717,Inf,24.49859434425058
18.306860137780973,2.6351357191535385,6.980220514938225,Inf,19.329871926565644
17.23468488211534,8.976017581262894,8.4425667069703,Inf,25.46896215525119
19.552234600732504,-7.8724846103875645,10.414769310876338,17.74677696498618,16.939296264229966
19.91587977314105,1.5228645643814431,-7.0308662339596495,Inf,21.122194936591796
19.996620864038768,3.4433297268809397,-4.588946883445564,Inf,20.77890525944472
18.022058161413817,8.087236488558567,13.043778574556299,Inf,32.01865203532378
18.014455853642886,-14.32945861799566,14.854545004485388,Inf,19.48755055476436
17.66177057748324,-15.420607962359778,14.627784302296035,Inf,19.51287236632514
19.101415977143397,0.869744045349865,13.281962471786777,Inf,23.477244151966836
18.178792740725257,-5.90228860151873,17.402574576103177,Inf,21.52893614164876
18.538633132081863,-0.492247092786549,15.772326364499193,Inf,23.12660561649608
18.312900255586904,-10.3708899473218,11.319695842480755,16.023160571879785,16.023160571879785
18.933651028369958,-2.2838057795377154,13.027498042000857,Inf,20.487532965359655
19.196588864358226,8.1636842046112,11.593790216460292,Inf,26.585317533401618
14.847791076307566,-1.7518520576785974,19.016455213086672,Inf,23.6560878467969
13.943206389524647,-7.618029016642538,18.5153879898523,Inf,20.66764061251397
18.605252632478432,-14.245378739787453,17.841884488729022,Inf,22.473402111761892
15.099260742405455,-14.486220944008226,18.215909494594186,Inf,20.562715724413327
16.25621978029129,8.81811244872572,18.823404885606138,Inf,34.636327553118434
17.52240398191781,5.01376506898799,18.178437986707678,Inf,28.126554168973563
17.173750470249104,-13.653154509786036,18.162239102644897,Inf,21.468075016189218
17.096841186922838,6.418726225950664,19.377449498895615,Inf,34.26901257282806
7.353856003894357,18.977038569265517,11.834167880531243,Inf,46.29833662711839
16.918171310857858,16.948514842433255,-13.282321361742051,Inf,37.49848495384208
11.559283395650795,19.796762746593643,11.069483973808254,Inf,46.098520643696524
16.2528039563812,17.055503550197088,2.5285086758357345,Inf,36.858694981058854
8.482806186210496,17.615535127713116,-4.376588474374792,Inf,30.25757533979737
7.407712078811109,14.558874890950307,-16.10088115828324,Inf,32.552504659792156
16.514914652879185,16.255131046234766,-9.034834472485187,Inf,32.0182807081974
12.296001025942047,14.44583191291401,-16.020762446610945,Inf,32.35807921104512
12.057884728357095,15.803901095537256,-17.923520733501938,Inf,34.47404533893842
10.622350205383839,16.16562737049135,-14.586064720085776,Inf,32.509022136118
9.757874893534407,15.607846647795043,1.7077484120742596,Inf,28.736794721621262
14.758594772602784,19.72604449105163,-2.294890405033996,Inf,34.50968627662068
9.674931133877553,18.015260719727053,-12.665467571032334,Inf,33.282491527907254
16.486833339786592,16.54533119686822,-13.57070419828184,Inf,33.34622425555361
12.75755637008566,17.066639307832574,-11.115698145195472,Inf,31.61323846623696
10.437914100402708,18.40771728515358,-9.026632613020853,Inf,31.69612638191509
13.198626754737148,18.425845370777843,-0.9592346096046889,Inf,33.412693618623905
8.874543274948827,19.173033165117346,2.404772158464432,Inf,31.859688803639536
15.066127295128041,17.126640010555782,-0.3964023154139724,Inf,30.52225280670709
16.03609903013038,16.850398852181527,3.5258650285540156,Inf,35.451314025798325
12.733956999033431,19.668349192864902,8.228129240720861,Inf,36.12618455830692
15.359287900691065,18.0190977993054,10.335016371044166,Inf,35.350780570509386
13.901559515025468,19.382746384178766,7.865630401082619,Inf,34.93499636778293
10.52438335340737,17.79935414023423,9.800848160851352,Inf,32.2639289057029
13.302604478045588,15.479326317630104,7.834783874453279,Inf,29.390347682361632
14.84616853414444,14.64037131651078,4.703721003077781,Inf,27.982412771288487
9.129357435551704,18.79084521324699,10.894938678023863,Inf,33.369367939654964
15.102404624702785,19.827753083525707,-0.5056076260039504,Inf,34.01944727894679
10.947128193447142,19.90284977483558,-16.090774786032853,Inf,36.32254639589042
18.83921374763961,15.522321732576572,7.913511969517842,Inf,34.459476938353234
18.092629790890072,15.31031899802052,-6.316646196790758,Inf,29.46606996213557
18.639037604181027,16.720241812279674,9.421570417969853,Inf,36.22375876368008
19.246872094425854,17.51735722577112,-12.536138959700027,Inf,34.96460569237469
16.927051519321843,17.152177336961635,5.119058003009904,Inf,33.489243916456594
17.44918786697309,18.713776702484715,-4.303059843581085,Inf,33.119611147856105
19.81928087163211,15.886115703045498,-16.180782746774554,Inf,38.99846600829391
19.88091404720595,18.6385485461968,7.554492616649089,Inf,35.81471363510299
19.14518537253474,19.252691744407862,10.859824213806995,Inf,35.985508586199295
14.792096927293919,16.278445454601076,14.934485444181853,Inf,35.7861534924367
19.776136157848974,15.542546223588971,15.25809721446847,Inf,39.991207453875575
17.768222453474507,15.341052432100213,14.967732840414072,Inf,34.52505325473295
18.229236284424182,15.256962350613101,14.00216920737408,Inf,33.73129200921285
15.813520518489852,19.256197537554073,12.252394487440093,Inf,34.714693500632265
