-9.0,9.0,-6.0,0.0,0.0
-14.316642296510453,-12.452165953937762,-13.17140001917748,23.235556538619623,23.235556538619623
-18.167757758097174,-18.93176022730623,7.026680405200992,Inf,35.07164547920543
-15.576566096549156,-14.703340993108736,-18.35171913741206,29.022689093316906,29.01865056565321
-19.00322639811008,-19.027017428759567,-1.4352569578653203,Inf,31.388340730755715
-19.321120960832843,-19.6574362637954,-1.8637357663678173,Inf,31.756116606662147
-16.318069164836146,-18.64142654227246,-17.458083777785802,31.025826995149714,31.025826995149714
-16.33466159566577,-13.185929853176326,-18.312749088678952,27.999133256152405,27.999133256152405
-18.61520132099681,-17.908775256855265,-1.181678747563602,Inf,30.151715715511358
-19.131466313447092,-17.21946556214054,-3.901209652702793,Inf,29.098555815169146
-16.166970576222262,-12.745565954166187,-2.401751653059847,Inf,24.505320792987504
-17.15517688665198,-15.8818675207766,-14.939176618447085,Inf,28.025667765087327
-18.402537990448444,-13.579722372910208,-9.981287143480433,Inf,25.839872238351795
-12.99663862470477,-17.528768217760053,-5.675624303389526,27.668915389700185,27.668915389700185
-9.286636159319102,-17.60879936388016,-19.86704674297366,Inf,31.317459129526462
-12.526716436254697,-19.24451354691928,-19.774709330798146,Inf,32.78095550421471
-14.130278970919807,-19.566254078630266,-14.028008341784943,30.403454344348752,30.403454344348752
-13.07175722100645,-19.768107205959915,-16.25987301002248,31.2736782513975,31.2736782513975
-14.358513922624487,-18.918639398561954,-14.774012522963478,Inf,29.89779331618874
-14.27926716977125,-18.755539243027044,5.638066585128499,Inf,Inf
-9.114726928147743,-19.597713180261607,-16.97020965573154,Inf,32.24923018175679
-11.826143102792868,-19.10845718769762,-18.907235410291978,Inf,31.991667112921085
-10.571982260620025,-16.439992166416957,-17.42346397243739,30.164141137795948,29.4302138792557
-14.19642027346951,-15.37407538052805,-19.790040791929346,30.17691466047664,29.896142564503222
-13.113758017694668,-16.072301881338493,-18.791391968773876,Inf,29.68913494074961
-11.536868454529587,-15.614344176064101,0.43895042421247865,Inf,26.345797450071597
-11.925699423602198,-13.73508956995293,1.4049077894204416,Inf,25.303162096607025
-12.84936312177047,-13.895164057138674,1.0168439385833672,Inf,25.729748169964637
-11.564837920190012,-17.34753184318679,-2.91267791134727,Inf,27.27665403634887
-9.581160894522434,-12.902222454670778,-14.481653193445592,25.091013227273923,25.091013227273923
-10.389932014779193,-12.99082150988669,-16.83807793755525,Inf,25.553463979733763
-9.944348490357022,-12.897589633273645,0.5658248102544832,Inf,23.49477422809703
-17.40562321368815,-16.60333781373972,10.930638444288316,Inf,33.04743895096783
-17.83591782486286,-16.990095804731247,7.561850837679771,Inf,33.11977130974256
-11.282163307303108,-15.377532892304169,14.374081372946641,Inf,33.14553615497871
-14.049676996798937,-19.38627157367786,17.422777291976885,Inf,38.89215817524419
-10.036051954474408,-19.53118441287306,10.295472918217044,Inf,36.452697056172475
-15.746659046892395,-18.352351565714642,12.397098388960934,Inf,34.87060313609988
-15.497375417654382,-13.088573642835879,9.051445848681354,Inf,28.628576921041894
-14.500230386084638,-14.030004794579511,8.935471279245178,Inf,29.23871960125979
-11.035924753146045,15.965719025214554,-13.955703918784526,10.768447240994044,10.768447240994044
-14.682313691881275,1.5487832490293556,-19.165888381820935,17.255808573961694,16.74815835493823
-15.917322482263945,-1.0424067659098029,-18.161314803105427,18.087592992567135,18.087592992567135
-19.956062601107707,-9.846616291369479,-16.846648672529383,25.609984506061995,25.609984506061995
-17.523603256458784,-8.937107011797245,-18.15225355639025,26.263611052771733,24.091432973451028
-17.39349782048307,-2.428337034761743,-15.080886847374924,18.526289060187665,18.526289060187665
-14.758783506246882,16.360424329734784,-19.765391097082947,17.679882307797538,17.679882307797538
-14.962269219939088,16.78228091022484,-15.35098276972616,14.060607225870275,14.060607225870275
-17.236380310678534,6.925802248233541,-19.096103596402465,17.928838429939006,17.63877031109254
-17.565923538741472,-0.18287154117778215,-15.665917492681976,16.919925472708893,16.919925472708893
-18.86316704231603,15.109167713316303,-16.898632074792033,16.942461659455557,16.942461659455557
-16.814724860890344,12.522672181234043,-14.324604328905064,Inf,12.98452506358856
-14.822202607252368,14.334208226425204,-17.5704649438992,16.028374020624113,16.028374020624113
-14.82080113456214,0.8281767674031144,-17.139625078367942,15.690659177314538,15.690659177314538
-11.340522435468845,-11.599696150758296,-18.168310304544963,25.081863901228488,24.49951152347547
-13.09505335355949,9.85367987998032,-16.24891438847677,11.822453368389663,11.822453368389663
-9.830848094166953,8.673365739194125,-16.707193743824746,11.096027399283775,11.004554003188144
-10.604835659382177,-1.061979197203435,-19.167939428810996,17.8179897912297,16.999093779824136
-10.963513674885519,-10.0442317898852,-16.82909062697152,22.994972833562798,22.652341798280766
-14.220087162141493,3.571328914879359,-17.06476276301583,13.795350673892433,13.795350673892433
-14.682060965129216,4.443352535584708,-18.764704234948518,Inf,14.934114177005561
-9.627979022443363,5.20933073161477,-17.237980848298875,11.955053450640857,11.955053450640857
-13.751628233060051,-7.687801612068013,-14.227189615853817,20.67839069040143,20.07655928829839
-10.040156707984913,6.003375398581348,-15.119463090996943,9.655376328608275,9.655376328608275
-12.341937369957448,-4.217214499750135,-14.872270610864886,16.352871427042853,16.352871427042853
-10.348964489451111,17.801124418001237,-15.105794100929888,13.040744489778499,13.040744489778499
-19.08583287118485,18.022325388659524,-7.224493205783062,14.921447730412254,14.802547462725784
-19.612462881957722,-2.9523314464292056,19.571570123590583,Inf,32.36344955798305
-19.876809919484202,-7.0403533613969405,-6.2780232616190546,19.801829912287015,19.801829912287015
-19.35831895416941,-3.6254100451572846,-6.993649119974883,Inf,16.445096453274676
-19.0902605793218,0.4702687527516929,8.312361508527005,20.937854702039193,19.98418924609927
-19.20603905108517,2.200602188510132,-7.062582304107208,Inf,12.575927975506445
-19.434520242828953,3.13983153547224,18.99264995045411,Inf,29.07195277729118
-9.28597242953816,0.3079441384039754,14.91577809969251,Inf,23.628333121413053
-9.540926174414404,0.2632618423072657,-6.452087473783044,Inf,8.76513421723834
-12.287701015677257,-6.043727746994509,-6.700032793910653,15.648764552310723,15.648764552310723
-18.6202069229613,-5.127549525144834,-12.284475671590318,18.91166202745444,18.91166202745444
-14.023308715980844,-10.872657335955163,-12.726195073865325,22.506674293269946,22.331227289039013
-13.21843924714944,-12.143906757601766,-13.401635604819537,23.573913398215367,23.573913398215367
-18.92681132339881,-10.075400501438425,-8.042521416983579,22.30897437658621,22.30897437658621
-18.937167460842204,-8.828306556266927,-7.7082427453929725,Inf,21.115575650305818
-13.894910910351719,-12.314468282722926,-7.25816544651213,22.14621194108325,22.14621194108325
-18.75136938794265,-10.88379751033206,-9.67711040666038,Inf,23.104507967223128
-14.083302536548441,-11.882136955975744,-9.615731778488144,Inf,22.417258290354514
-16.282582598589343,-3.5104895256892092,-8.389816735153266,15.223029435603209,15.223029435603209
-15.812312887174542,-0.37636046099345677,-9.018279365249136,12.49869822348086,12.49869822348086
-13.528088012752528,-4.160533541674747,-11.684689798698997,15.722722406794531,15.495531116448973
-18.25617723917069,-4.021342829990777,-7.253015461703942,16.239318906905016,16.239318906905016
-11.779991836624326,-3.9228780948640996,-10.076879002658847,14.73809799086684,14.336591643416853
-12.219659824269407,-5.490362425499589,-9.958482943781677,16.015969712130527,15.965646824105155
-11.227178431618832,-0.759383983502488,-6.70040579675903,Inf,10.41762668867462
-15.9626532221235,-6.373743761527582,5.848071392442186,Inf,21.6984517499438
-17.60913287664364,-12.382342467608654,-5.2024185898674435,24.05938414491188,24.05938414491188
-16.40905403903804,-8.946501050103839,-4.40736995842836,20.374470266278422,20.374470266278422
-18.952515313306098,-10.719560498290202,-6.2860029975194465,Inf,23.042709219925236
-16.722976066100426,-10.247471496807377,-3.8660898699114377,Inf,21.79081602083143
-18.611712665275483,-3.1321886538259207,2.6641051360812256,19.31585981504556,19.31585981504556
-18.92233514318244,-9.410049870159032,18.226621498362604,Inf,33.95023752625165
-17.73194700874127,-9.293341071527488,7.326564264205338,Inf,25.418719230620074
-18.908271148349193,-9.670187627946811,12.626484178924386,Inf,29.791046329910134
-17.018491126019857,-3.2154705407288553,13.233551221590467,Inf,25.656281035883822
-17.510796965343953,-1.2680296688536004,7.087576532903299,19.19037847994732,19.19037847994732
-18.316066817401246,-1.8496505806631163,0.10798109556813529,16.462757358023335,16.462757358023335
-18.994294316315674,-0.02091678296981314,14.957121162532175,26.86177131231058,26.268866342150766
-10.272735700238691,-9.576686508304464,8.577091332803192,Inf,24.56970012080171
-15.568340616955005,-10.35268899575632,-3.934370561396932,Inf,21.729770293235127
-14.608177820340655,-10.718716408255196,11.491982624537307,Inf,27.85031486735521
-13.916514655437515,-9.891697123409786,-0.12466150750462646,Inf,22.102270377659455
-10.99132132021924,-10.781652732954967,3.4424474414573325,Inf,24.25744362024112
-10.475899459837477,-10.865631453019322,15.010311352470929,Inf,29.405966029832104
-9.493706258721941,0.1139573650914194,3.8487421381714526,Inf,13.477109424268841
-15.364803266723133,-8.750226173998827,-5.823701246502742,19.839426669417133,19.458760968062816
-15.692663658617612,-0.14128640249966296,3.5380452405657152,Inf,15.046185976625916
-11.749703567816248,-1.353267997729386,3.3365444003221256,Inf,14.81245188359167
-11.728486470344333,-7.243924603729832,3.771025398118457,Inf,20.71914801192669
-15.155835282482943,-1.7438872775115684,-4.306215337585009,Inf,13.13283789440787
-13.73776793735579,-6.8855527243765025,5.640972704957072,Inf,21.126639404193853
-14.988572216121607,-4.230312962130958,15.825258775461528,27.08803681472541,27.08803681472541
-15.695442343494328,-9.143614080113611,12.468425625964485,Inf,27.34413089103913
-13.838641272602032,-2.6126403574479085,6.752765362576227,Inf,18.46887876901509
-15.227456333850604,-0.5476050593566306,19.613017389815603,28.966297834436276,28.966297834436276
-11.391933793676028,-9.516317260455898,17.10218205435507,Inf,30.25611440365214
-10.767361869616936,-9.120385439774878,13.544470731553702,Inf,27.10824483068912
-10.09472267003809,-1.2253415415588442,11.06614825794913,Inf,20.622003533684044
-10.55824896780539,-4.4358285528894115,7.238301459592922,Inf,19.24970983243452
-12.970321040533994,-9.345880937969948,17.654972450612085,Inf,31.079414761449414
-17.585642346114856,4.157259714112893,15.097864409317197,24.642182581547484,24.642182581547484
-12.387733130014578,11.298547505713739,0.5822364987669815,7.751509125449149,7.751509125449149
-15.735468716290075,17.925922330994545,-11.328675854232158,12.739440746023964,12.739440746023964
-17.4644623283082,8.332362368809967,-5.5048998263724425,8.505174113200493,8.505174113200493
-13.94359162654415,15.277983781109505,-11.211556607988236,9.540047211842156,9.540047211842156
-15.477788976874969,10.355629398581474,-9.399545066373474,7.44018734666846,7.44018734666846
-18.860587722109912,6.803405170092141,-5.671434481234998,10.582338050399297,10.582338050399297
-14.10226256049385,4.072240713054043,-6.506664835863312,7.111441772397478,7.111441772397478
-18.431091457864603,6.883540004265072,-6.84558043098126,9.702571580019981,9.702571580019981
-16.537486286021092,16.15984685365069,-8.652481449048297,12.740332937764268,12.740332937764268
-16.75011046451492,12.168699141605408,-11.835685363616788,Inf,10.73272488006606
-15.8298807203834,0.49316722149306,-3.7261005708749977,Inf,11.487063790004154
-18.65925313159984,6.600644131541678,7.208283567085179,18.552197501073792,18.552197501073792
-16.599665640525032,1.9432309681262012,4.017528834105512,14.805553466440738,14.805553466440738
-18.860758246977774,4.573258275817356,1.3640450962134594,13.278088962570468,13.278088962570468
-17.571863109159132,1.951119585008776,6.590472076919845,17.556056525708044,17.556056525708044
-18.92329378272705,5.305552353925549,13.365136109128734,Inf,23.49292304806822
-16.534747100018635,7.127117839229644,9.8144083760954,18.902347179655884,18.842017382839074
-18.12064606855195,13.724387409011257,4.837181118314522,15.173580882542636,15.173580882542636
-16.642678409336902,7.756402840079559,-3.051150953100823,8.285697186483755,8.285697186483755
-18.36385766888471,13.564776705822922,14.630458744368283,Inf,23.497398303039493
-15.62845700485715,13.5791427020216,6.114060328961919,14.556248692156295,14.552474315405767
-13.921759860978167,8.534733988711647,6.445028044085319,14.412156832086282,14.383008261751767
-12.904568141899384,8.68455838158674,5.162194573303161,12.738992429765396,12.738992429765396
-15.2025277400696,5.7980447618533475,-2.5354889399324705,7.79273409008404,7.79273409008404
-14.314267199082584,0.41554659340140176,2.7439846949328768,Inf,13.690948670966545
-12.43262785725129,4.806865392460658,9.784163120624505,17.211774299007832,17.211774299007832
-15.617007232834643,7.324466598846477,10.692716441466796,19.143062403750818,19.047228919763807
-12.977942203836692,1.5760770005897058,10.968010872177764,Inf,19.00579734834193
-13.933060354151099,9.675847379278135,13.101023749832933,20.80530873906835,20.80530873906835
-15.451905164804023,15.139392759870205,-3.821814900969109,9.168626616959147,9.168626616959147
-12.591636837420008,14.774724026097687,-4.357518293697336,6.996073106038929,6.996073106038929
-14.897506709433994,18.047615106540043,5.438304276004324,16.172006858013905,16.172006858013905
-13.76741889497505,19.612984729777608,-4.751536586779395,11.990718288524366,11.990718288524366
-16.09003939293465,19.5005330623514,-13.079818367524894,14.63195868480653,14.63195868480653
-10.583199613913603,19.604720307802673,12.089323737217924,24.428734722645476,23.792923426888237
-9.517668704504292,1.3952024037970006,13.984425956561246,Inf,22.58589583387114
-12.1043717736418,5.476875902717502,-3.6211146073766827,Inf,5.263898101699267
-12.130007243186895,11.35979882938684,-0.21484162878266488,6.988107986976441,6.988107986976441
-11.6723425058695,2.3856483836895315,1.8693492266670049,Inf,11.579555626894042
-11.031865644291772,0.41321991037593264,10.897167446379719,Inf,19.245587670396528
-10.065564856997105,1.0353637907753495,-10.244336503228713,9.087642750592664,9.087642750592664
-11.047345291002282,0.8816488104236271,12.397472117146293,Inf,20.817395342787197
-11.291349913665139,4.751515533078859,1.9943342470472132,Inf,9.33859115423924
-11.727173508529498,9.45990475598764,-4.13447568276311,Inf,3.3360408733118527
-9.045891215715232,3.786146851996026,-5.509503457699925,Inf,5.2370752821244695
-10.335537861850463,3.3814579851265876,-10.754035062390965,7.480142052646899,7.480142052646899
-10.090827835798803,7.614956797159369,-11.487237091939342,5.7635076944724775,5.7635076944724775
-9.578579125006224,16.636693550246306,-1.5276151561409534,8.868825648069006,8.868825648069006
-11.136574994377924,16.489422835238912,0.013901519432710785,Inf,9.83988915572905
-10.744258343785047,12.035672231647084,3.7581258447923815,11.249747978125573,11.249747978125573
-11.322086856144775,10.108107579794474,9.059747174510385,16.378266132319034,16.378266132319034
-9.609693420871999,4.107663446001986,11.118764314053635,18.63900717275569,18.63900717275569
-10.713370318934325,19.114598603988988,4.473098493420391,16.1598342317292,15.459449959407964
-9.714551306812282,10.36565787249473,4.0100304685051285,Inf,11.774288160690524
-10.337165760511668,13.558650092691536,9.744703640953027,17.408822125045504,17.408822125045504
-9.556551362424921,12.124885472029028,9.078552164980252,Inf,16.661535556712465
-17.22888232225232,19.281830423562823,17.263868496323752,Inf,32.85757034811868
-18.20161242328286,0.8121792347340246,17.05860708490343,Inf,27.065923438216473
-14.420505525685758,10.605534927784621,15.445576097209248,23.661309713508615,23.374130928844874
-11.559974379403357,16.393450189805293,16.724382666733845,Inf,25.040812154648307
7.957559224199045,16.972033270631158,18.88535812997165,31.151134466776877,31.151134466776877
12.277954823236463,-17.229114798344042,-3.658590565826536,Inf,33.85557594699636
0.8038170553811774,-3.550032286560196,-15.594829726733597,Inf,20.599290624426466
-5.133584940685498,-5.906189773010642,-8.928137150503295,Inf,16.741199160922175
-8.497408481040765,-12.949965508056325,-5.047601849891388,Inf,22.108651793727702
-3.510937693708218,-7.036699735547032,-15.679649360136061,Inf,21.161353219953874
-5.399119490412794,-18.97328437231466,-18.108622710939493,Inf,32.802216488217695
-8.035397284801995,-19.02625532218626,-13.064617882058673,32.328635903919256,30.341104676618297
-7.576399259724829,-19.003161318261093,-15.123254753221982,Inf,31.055991078610223
-5.8659235969862245,-15.583870021275583,-5.277555091124686,25.25943782982632,25.25943782982632
-6.905609313348409,-9.008138467776572,-10.090869669476739,Inf,19.44069079870889
-7.008677145978437,-18.933304026198698,-12.089243566702752,Inf,30.776779799872727
-7.5447519665337826,-16.88059428637999,-8.235361273380253,26.377529611492356,26.377529611492356
-6.922892260169045,-16.789810490371444,-8.337563245184993,27.36162294685939,26.428358090111455
-8.804181265606381,-17.87916914862204,-12.365965174065572,28.793541719866703,28.793541719866703
-8.821375293496612,-8.276496241773277,-5.844577865912006,Inf,17.35665850158417
-6.551556774139291,-7.28262678668206,-10.1363608537065,Inf,17.678642782916853
-5.176647956891607,-12.815379223873942,-16.89723272955571,26.522347453960936,26.522347453960936
-5.273109502905724,-8.972035265864244,-11.275798553174408,Inf,20.084229344615668
-6.170356609283303,-16.97438000900207,-13.95286007390844,28.324190712363663,28.324190712363663
-3.843451806240754,-7.197715107789486,-6.75033166558082,Inf,18.157489663228013
-2.7882186505728157,-16.75105896116584,-13.461741384237529,28.83582250370555,28.537999998042913
-1.5051573400316798,-19.025631617925143,-5.579498053616678,Inf,30.72923038102369
0.2853525277851965,-18.7291107867315,-8.132159122188849,Inf,31.945420357190557
-3.302667118215492,-7.750766602072741,-17.659447234546786,23.27913877545408,22.64534622078379
-2.1028775524635535,-13.509030786462883,-19.640527361789523,Inf,29.08563262931878
-0.07331585491283477,-14.065268523687848,-10.854294565619238,Inf,26.53338848037393
-2.4951611121191952,-8.44628024729115,-16.33694223379493,Inf,22.599377085677276
0.05153692916153574,-7.532707513798922,-7.996466463048355,Inf,Inf
-8.632212596874762,-12.005365519783409,-5.001900436885496,Inf,21.18423656971966
-4.891365947864568,-15.410790712611995,-4.378748115935913,Inf,25.632635054795887
-2.461289139774941,-9.12777460674417,-4.14967751639983,Inf,20.622366303557403
-3.380511477528117,10.476177815546023,-13.265402568921267,9.302893457725462,9.302893457725462
-8.554685782632214,-0.9449538466120444,-19.04288801614804,17.771974526928485,16.99824883681734
-2.8259925183083645,-2.867676834543367,-19.74334930830212,21.527782719853043,21.527782719853043
-0.5885516925417811,-4.672087714021904,-19.42741096431602,24.514942931510106,23.867215333437606
-3.014051090321395,-5.809600117308058,-17.92500030561845,Inf,21.791868773644172
-1.4832978209424041,-2.243244267778522,-13.825871745728211,Inf,17.53346780490618
-7.4642930834169885,9.78948364602168,-17.63260207833829,12.791506174690769,11.790689230984597
-7.438348839510844,-1.736728097787072,-16.927970036644446,16.00698238636997,16.00698238636997
0.10694925947734646,-1.1638044273100512,-19.205396318869006,23.675255251629224,23.30459143064303
-0.23532198022571293,7.633392507307235,-15.184909912146667,Inf,13.956725612345554
-3.4280175103528094,3.918171021284671,-14.61027234294936,Inf,13.687677650858294
-8.236191429926327,-2.369195405265579,-13.09016582163351,14.03260546589391,13.887265127875262
-8.76312295003351,5.382118105005027,-5.235602118368732,Inf,3.705331869667765
-8.565526305535043,9.692522444402158,-11.158595094792219,5.2229740645725125,5.2229740645725125
-2.779515052613206,10.527653122465217,-13.250710815950386,9.67475913807591,9.67475913807591
-1.6872133796892719,1.3199556359476432,-11.591292955527566,Inf,15.097115956706926
0.14277417064590026,-2.953573166324137,-12.370573418850377,Inf,17.95544773864989
-0.9050943126184308,-1.4806954337273304,-12.461106366309185,Inf,16.647052592139627
-8.20456117203558,-3.2360548021439044,-4.288714063649461,Inf,12.393340416252311
0.055152599588630835,2.0082234306999496,-10.56351345713857,Inf,15.688612079196611
-4.722071415834215,-1.427185845368264,-10.707609021760272,Inf,13.33027744568992
-5.88267924266165,-4.232202523066366,-10.947968200386828,Inf,15.85069564840295
-1.2161922970232375,1.0510164768314034,-8.318439144547272,Inf,12.936717882877895
-2.2107864587764148,-2.3845231905413584,-5.261354265555465,Inf,14.44888313041125
-3.9023033933747264,-0.3342907541051865,-9.891955466150915,Inf,12.536329746822565
-0.7238326635947523,-4.340177223368649,-7.616632197800328,Inf,18.133373480812295
0.6726808711422976,4.369964627553777,-9.74628350383985,Inf,16.070703349689715
-4.646978114023623,3.636376708011202,-7.864294879211533,Inf,7.154917871982069
-7.2101260747861495,14.514158171799679,-7.495334077776468,5.9871205947387764,5.9871205947387764
-0.7918893964308182,12.5409864291276,-12.513370259730578,11.290691176470611,11.290691176470611
-4.237032438658144,12.235421094968558,-9.871505696141165,6.938470004793262,6.938470004793262
-3.702158128385406,12.345677422146117,-6.089551602749523,Inf,6.266474718631371
3.605894629548672,10.029688524722566,-6.161030025363079,Inf,12.648903847302256
3.7968297123837402,3.4590552359050086,-12.49620052301422,Inf,19.358904548597835
4.6517161247831424,-10.679626789372714,-15.1405770639483,Inf,28.502511942437327
3.0844529020258094,-2.52868963050944,-17.854808028886353,23.8613894899367,23.437251148827958
1.4488780646408195,-13.73369839341791,-16.036881803676142,29.59876907687611,29.59876907687611
1.874233909394178,-2.8068627219440145,-16.73222949968465,22.59003028312233,21.824566619354343
2.4435018247072193,-5.6734118918243315,-19.019744996046253,Inf,24.89295995630463
0.9038763627409026,4.563827176426383,-16.736350272880713,17.387406257478133,17.387406257478133
3.539037532865727,7.671496830869742,-17.610823397954505,17.865749143272687,17.865749143272687
3.4222009788052503,4.150525888100098,-12.756224120459665,Inf,18.58394263543701
16.25975163603392,-9.520465609329793,-15.574187464387217,49.79365029159912,35.98715870181013
9.449187096098022,-19.30695063834264,-16.6096297143471,Inf,38.48272036737806
17.950331833185572,-17.769006223228672,-16.931377145974878,Inf,49.9065143557695
15.236652776933056,-15.638350783670738,-17.901820943978464,Inf,42.8831450274685
10.58721958141751,-19.67696239509366,-18.01252065525719,Inf,39.86116886537527
18.964174575468498,-13.150328664369253,-17.38337683285436,Inf,40.86188694086663
18.42266000083825,-17.98956064500219,-19.550249529645846,Inf,45.36925023074768
5.722762396535053,-12.026549799243558,-16.44224947200535,Inf,30.660217383096512
5.583649986879237,-10.551874103502694,-15.773154558206866,Inf,29.08352594011001
18.895303765000484,-16.589812339703496,-13.828334091311794,Inf,47.33464424348841
7.6986617045640955,-18.64033469318955,-12.552187161002433,Inf,35.49439361542585
19.684800559782403,-19.19027119898269,-15.093158210225353,Inf,49.70083793828615
13.859797207954017,-17.39105770114363,-12.982933347165417,Inf,38.85768373320267
11.564564189113398,-12.685445565645015,-12.557530848882719,Inf,33.60488948003862
6.1608249399019215,-12.834204003162686,-14.470313317912451,Inf,31.217077446399642
10.122396931653821,-15.789742377726625,-13.39055729962407,Inf,35.86818521355203
15.961117657498399,-14.019613831288193,-14.814881706095306,Inf,38.71768072903677
7.537535384820142,-1.4750587432571933,-19.562275948387466,26.792693658491146,26.792693658491146
15.554075236254135,4.3641664055066265,-19.80716463494194,30.519893747516864,30.519893747516864
9.996862938856552,-8.424416993624515,-19.835590342031555,Inf,33.160019078727245
8.73466265026325,6.27059750909428,-18.57201093895192,23.332093512158682,23.332093512158682
6.73606998335427,-0.629980427323396,-19.288743609302237,25.603538656417506,25.603538656417506
5.972143033639064,-9.42236064177914,-14.70862508226153,Inf,27.720310140419212
6.417390148464321,-2.6517872306693206,-16.930348641751714,26.47044324432201,25.30524877819743
6.57194097724674,3.693405739869444,-18.495271191769458,22.945705829231564,22.945705829231564
6.604472692170013,-0.4833288348054765,-17.96245358650716,25.099339325684852,25.099339325684852
5.099844903105712,1.0013922246724576,-13.518344373366773,Inf,21.11802602207663
15.394648794401803,-6.548594014379221,-17.12255124614451,Inf,35.07159839021689
13.404812721777816,-8.83752596918062,-17.2199358748949,Inf,34.567415504670706
15.012502977576162,-3.4358316787098353,-15.937921833511934,Inf,33.312503638309956
13.646820817332717,-2.7065951930409504,-17.005228507422643,Inf,32.546074198612224
18.91594873064662,1.219663588222737,-18.74270900262281,Inf,35.244632592509355
18.90788926698378,-5.686483886999767,-18.726096954628304,Inf,38.60527136535008
18.74290662467459,8.683050808085142,-16.005128892418554,Inf,31.68962488444671
10.50983490229828,-5.822943091244159,-13.150700447528765,28.734124541024386,27.677327053513668
15.178270122153002,-1.749556093247584,-12.733413095555495,Inf,31.383308961619804
16.178206596299802,3.6478307217844375,-12.684428844376336,Inf,28.849978177037215
16.97542933802228,5.408423508836577,-13.260621780678523,Inf,28.766458392970307
0.8314005648462057,4.326655315534964,-11.051270257774366,Inf,16.405752280390498
8.921342654849767,-13.367943714116688,-8.507664319525094,Inf,32.75766471848685
7.8355661296472405,-17.906029850982314,-4.6361152974183995,Inf,36.95915282234909
2.011706363201988,-13.928064413066679,-10.453875104064325,Inf,27.816512023745226
0.9560372385674683,-16.11968465359479,-9.632310101384727,Inf,29.135971707997935
5.729610813515986,-18.185075839550436,-11.159544923944509,Inf,33.51238155188293
6.684565217749501,-19.066767929267286,-9.042931949874777,Inf,34.904011179744465
14.030011693557768,-18.611559735461725,-9.833391574137664,Inf,40.19752769303031
13.273478132852134,-15.334052597398893,-10.256181146667682,Inf,40.791751325246466
5.10354221544943,-16.618506304383736,-4.865452494583993,Inf,32.111181144221646
19.800845057801354,-15.965579272017987,-8.108061952065384,Inf,42.68666846856797
17.752901339574294,-17.52133319078169,-10.25012244067022,Inf,41.79057572940185
12.848849885284778,-15.686270601849595,-8.078759492113035,Inf,38.571949842632336
10.099010238545105,-14.618877670138186,-3.7171739662284153,Inf,Inf
6.738630649169117,-18.752375554886427,-4.278001938022253,Inf,34.359917903252445
5.403419872493053,8.27917064852759,-8.699926104412699,Inf,16.218414056576627
17.342672526568663,-12.82326400555811,-9.476489682809728,Inf,41.373427935400066
3.34004542091548,-3.160141033696064,-9.733358215206307,Inf,19.30029751209241
14.61727077699679,-5.818714667550617,-11.276806146498837,Inf,32.406152099545466
5.332780615001795,-4.03514612270965,-11.550871209849864,Inf,21.8365332319851
7.258898067024315,-6.236594859381501,-9.695399822128818,Inf,24.282607723539886
2.6571508862990285,-10.245987229949884,-10.319549659203933,Inf,25.76701964786325
14.360090941611354,5.574615385673994,-11.227194706753538,25.909836160612116,25.909836160612116
10.347143785739181,0.4519372910991315,-11.87363561515057,Inf,26.00505904965727
15.054460701910067,0.14328172110087678,-9.283845058640185,Inf,29.61008099594921
8.93560858768467,9.58229223492446,-9.527850392305677,Inf,18.968832145861843
3.4488349045899724,7.544684109088404,-10.292865210566902,Inf,15.850528320075284
11.813719946200322,1.7181449767199624,-11.135935724291226,Inf,25.709101480005494
13.598266091410594,7.096268070712899,-9.150203346611292,Inf,23.517755420687855
15.63774069847647,-2.188475030664094,-10.724683955577206,Inf,31.022447939060388
3.02845146385339,8.881096795133043,-5.085747714681652,Inf,13.902707209193151
1.9550854438162624,3.0870679724249754,-3.9703926049354337,Inf,Inf
12.54095193489728,4.834474794444105,-3.7685785927294546,Inf,23.658928854689744
13.911889001205651,-5.98472381342364,-4.415211743475318,Inf,30.124158144247005
17.32631044334382,-6.464998468260488,-4.880711189772802,Inf,34.634271336334486
14.0252653736256,-4.437331985369477,-5.596655630533709,Inf,29.379889387394847
5.804629635382401,-12.465504277587902,-5.057191657467968,Inf,29.603548804246742
8.992368046017233,-12.752952486088596,-5.944270492874244,Inf,33.055544539238454
11.244500164109965,-11.397904751256425,-6.786637150896961,Inf,32.47978644413693
16.84154900894427,-6.188928291183906,-5.973874669344701,Inf,33.77462596008193
14.678274289713272,-8.145087712272048,-4.494964716299208,Inf,33.47461626981267
16.6660340428841,-4.2115591047235235,-7.85215449530563,Inf,32.66856418224935
16.082841244839628,-0.6671853062356803,-8.037177612212947,Inf,29.84950036102899
8.569302771760139,-1.832403216113896,-8.6997679218433,Inf,23.66106988840767
15.599225883358947,3.05030812731264,-8.481150161898396,Inf,26.80970314661707
12.64472661303433,2.329241297967144,-5.539605998760102,Inf,24.649782235963595
5.385158286859834,-1.688069332164961,-7.256705217399944,Inf,20.162207453310774
4.378296365263079,4.708828291487698,-5.280793075001515,Inf,18.097112282351034
5.1728304516732315,3.6326552161536156,-5.4287320410468,Inf,Inf
19.447667452277372,-10.307128859126404,-5.858197347750078,Inf,38.351048789633076
4.134019216244411,3.8135390801751257,-3.6942934383675485,Inf,Inf
5.611356222078491,9.74964345546826,-6.567031130085486,Inf,14.714124982425975
8.021791270093537,6.729115777356,-6.603395773901246,Inf,18.179691409314923
4.371639795908493,8.611787339786147,-7.08185774885985,Inf,14.504903073166258
10.848850353281378,6.657966424813857,-8.40812405477572,Inf,20.948201956900867
5.19199185145423,4.976548789374384,-5.027202208533668,Inf,18.06512864881367
14.875840701110121,12.061717199511648,-14.403789211531084,26.758613411720138,26.758613411720138
14.091230366130048,10.990415842866248,-16.252906718043985,27.558921237482263,27.109771808556197
13.0488250300981,13.336279251230351,-16.2476140716403,26.123005570587715,26.123005570587715
10.979660374298597,13.195857211249098,-17.92709279551861,24.601291757798496,24.601291757798496
12.404169347906318,11.841531986498648,-19.943535049279575,26.892290971156726,26.892290971156726
11.612555030331837,11.107973346135182,-19.686416400160383,Inf,26.187103456483392
12.01796319193533,10.160616807436718,-15.762965915925067,Inf,24.800016160929324
7.4490215573506475,11.13595835319428,-17.764020694608227,Inf,21.162674119709376
9.71390285121327,14.27385371299799,-8.027748359733886,20.317367834383855,20.236661858783116
4.106659694760737,13.619626253259582,-5.205787333824485,Inf,14.227732201115456
5.367225251448772,12.13541265294478,-13.912244661774018,18.004938927182863,17.619674738334595
8.973770774757064,10.379965183631956,-3.8717975686763424,Inf,18.495045591121166
3.997648382964911,12.938878093830255,-4.959697007282005,Inf,14.071311600720474
5.223024197187325,10.910485324265018,-6.324357194394059,Inf,14.497575479788425
4.425213716973069,13.597336317246047,-8.624669287042535,14.871568836398101,14.871568836398101
2.123327534539044,16.91857956725042,-5.726225326870624,13.681306019502745,13.681306019502745
1.4909993980653624,14.537101637048792,-11.739853299392609,14.247523174021289,13.388183549353535
4.11793714834948,16.587248701797918,-12.242862079936367,17.61752655150793,16.65275080258528
6.053908981043186,16.476306271426886,-14.196796130252611,18.9214670727724,18.9214670727724
9.654103167432673,15.38079665141371,-12.029054433732407,Inf,21.360933510669366
12.845293891095857,13.13103316199286,-9.957288566535016,23.389232822217956,23.389232822217956
10.091329027856357,10.95097864507433,-9.526685351778186,Inf,20.013499599740857
14.920506015848318,11.378512642590586,-10.544559451897983,24.967266185287457,24.967266185287457
17.26325638908382,12.352585686143279,-8.134495143739793,27.4525343454357,26.892735074745364
11.592978683285029,11.370738029680254,-5.984897928754256,20.749703065382697,20.749703065382697
13.222150534025936,12.464513795854984,-4.264014635236766,23.116422049265992,23.116422049265992
14.350800766691513,13.174287474417113,-4.093498316178845,24.421052518282075,24.421052518282075
10.38191741563648,14.00634272769041,-5.252187239830404,20.51506566183505,20.51506566183505
11.581152901374601,14.628250154261409,-14.332875639709144,Inf,24.08318480292788
-1.125380311832096,7.114528728135568,6.225077218767883,Inf,14.663463102389734
-3.8774871604110217,-4.741100675616492,1.7740631207027313,Inf,Inf
-3.342745305487025,-6.144656238501591,7.163088125007391,Inf,21.584420496184734
-6.925286847843823,-19.776271443680457,-0.8569356909006416,Inf,31.44331655320756
-8.020382399723962,-7.235167407126442,-2.357957813369076,Inf,16.837959988892607
-6.92546501327822,-12.290394671244815,5.089094028258074,Inf,25.61310054081217
-8.491401533400627,-12.581015470070973,5.5394244478925,Inf,26.144763294607806
-7.59414241327617,-7.145018484034482,1.0470608735907838,Inf,19.035862701368565
-1.7274769118527118,-9.525426905247265,-3.4308994489311644,Inf,21.462225015696045
-3.069496538796848,-10.65035890695631,-1.4880946391998684,Inf,21.837082434476955
-1.9039902082263254,-18.920391775984832,0.21666511897858243,Inf,30.36105184400188
-6.849144955754554,-7.930080731629836,15.96792736656431,Inf,27.97273210120062
-7.003492403262159,-5.848370349566272,13.326514230128012,Inf,24.606071351038587
-7.387709703725562,-19.988336303683944,15.414363164139772,Inf,39.26995148820828
-6.87141423434853,-18.651766889660124,9.219724195685053,Inf,34.59556568071516
-6.970225974297852,-13.510035867506858,17.83578060496123,Inf,33.49627429603919
-8.62267917608218,-5.839023315740572,7.467356109191805,Inf,Inf
-3.8734743332882893,-12.978284055283575,13.039745147159763,Inf,Inf
-2.0753140921730946,-18.786402384508456,12.279197002002043,Inf,Inf
-6.049172523980548,-13.36430818910002,12.230472508801313,Inf,Inf
-4.7222813159844,-12.985965238700379,12.963249835081527,Inf,Inf
-5.6957613900288795,-14.499775215204131,14.850570949859751,Inf,Inf
-1.4006166389416848,-16.66679680277707,15.761526085699742,Inf,Inf
-3.4453805232289625,-11.337685544655693,19.00157260269232,Inf,33.266269327637346
-1.4216245670267043,-8.424987675775686,9.47438096744289,Inf,Inf
-2.770780633658596,-6.632318203795355,19.397216251167407,Inf,31.40497403184624
-5.427535201578362,-9.110058841396818,19.44710143954967,Inf,31.718303118030917
-6.606578153880056,9.415563926917514,8.746557972134916,17.639818492423338,17.518578231483552
-4.42419521634422,6.036844584164449,0.6474073113455603,Inf,8.596877537772253
-8.267553917966008,1.9289778328357698,8.143880539753106,Inf,16.74986505951574
-8.540776353276875,-4.502588027090972,1.3184339264356737,Inf,17.935446506011374
-6.967988865727657,-0.7054653617661089,0.6859160571791634,Inf,Inf
-8.180886719730234,0.34760246031324726,5.68520862559259,Inf,14.698201359000837
-8.479281260088154,6.199020444571495,3.877601817659766,Inf,11.683330822861649
-8.07803738484945,5.04869734545947,-1.9386623930190368,Inf,5.740842350160134
-6.1718015503340595,2.2595487973289075,3.155187334806044,Inf,11.85315694693876
-7.914661989505429,15.673097399579213,2.6150273739638408,Inf,13.27056644939439
-6.268660900657919,4.867103352476853,7.560204476213368,Inf,15.412206857779196
-6.400950624006878,4.861387564398115,4.322958654276803,Inf,12.225871501784122
-6.7221305935036835,11.000888982695454,6.1486150303892195,Inf,15.346787714624819
-4.178060046229053,-4.542443694665508,2.8221915886570237,Inf,Inf
-1.4952483009181066,10.080438938437453,3.6451418971521043,Inf,14.42060469331735
-4.09878336173632,4.052786406302715,-0.6741616549787111,Inf,Inf
-4.132288436985592,0.8402604006997478,1.334898900144033,Inf,Inf
-2.508784020913186,14.708389700000659,-0.7650454967399867,12.212642925236576,12.212642925236576
-1.241326252142514,12.794976950934313,7.3067860095735355,18.985780553476005,18.985780553476005
-2.853026528358555,-3.7984210586590024,6.481169790575496,Inf,Inf
-1.7970326235374223,4.712299342801192,5.216457441520852,Inf,14.031270096054755
-2.813550268913918,14.701964921537083,6.5633977088449384,19.54742332830132,19.54742332830132
-8.379731540462458,13.321731409589042,13.114614429764416,20.98570267468778,20.98570267468778
-8.94610897936265,-3.5727126514061,11.357934876785123,Inf,21.636087117845594
-8.800030911009689,-1.8202122447801017,9.993969974252302,Inf,19.56114126043062
-4.58552062600206,12.182200852138891,17.220965930739425,26.780635942512262,26.691549588541392
-5.5423706947880635,4.134406959070489,14.948446546609524,Inf,22.872130607980992
-2.7985297867240106,-4.456215012461939,14.922459869614151,Inf,26.14365354820549
-7.553165566736366,-2.27714290302945,8.866604603711117,Inf,18.870083720464745
-7.799705000323556,-3.993103000737861,10.218083890997729,Inf,20.985806751718357
-7.973928681794407,8.127378658235482,12.129450615517541,20.172556653954864,20.172556653954864
-5.596610402838431,-1.9617681819784778,10.52071044460157,Inf,20.362051856201546
-5.969606476995661,9.670481303865508,10.09457512072715,Inf,18.95269786373931
-4.818923501550527,0.40230316256482723,9.843112423275642,Inf,18.92478917378085
-7.438906923754489,3.8281938127306177,12.913049038713723,21.949734803151827,20.989101486211645
-5.9198225685307015,9.083624358555902,18.108591797057834,27.032874142745733,26.56660756341122
-4.221951319893158,9.2826246941545,17.802197583083093,27.005112227291008,27.005112227291008
-5.011485415440129,7.03759074307542,15.514508607608384,24.988575741884066,23.75261811431252
-5.283298151658515,-1.0135686722468122,17.875361794122107,Inf,27.094083318548762
-2.286325523314005,13.74610502559971,10.815943899265868,22.812184158559077,22.51278069164338
-4.570002253306233,14.60829256863353,14.212320528071494,25.449212352587793,24.779135883374238
-3.9315156440308563,13.14510524997472,17.617336502373803,Inf,27.31755291965494
-2.759351502331988,16.65737879467757,13.616414387306236,Inf,26.006995160536896
18.867099317607945,-13.146946534497026,3.9721306293206453,Inf,44.732562149990926
9.10689727192084,-18.617536647985638,16.567694280839532,Inf,61.58002854295037
11.73246628870471,-15.82294593081234,10.015934022130722,Inf,54.45837937411865
0.5786539015350272,-16.035740363912367,4.052775181958388,Inf,Inf
10.950144654180598,-16.93437491247885,-1.0039491672350032,Inf,36.83837201788086
5.242780959405451,-16.26120188282945,-2.7066276278168644,Inf,31.879740069444086
2.9183965261269833,-16.646819134052357,-3.430982662684798,Inf,29.916383471185526
9.038342034019855,-18.54791179240224,-2.215714282995414,Inf,36.33802695947149
9.381905399940386,-17.537041255844386,1.2082476356375693,Inf,Inf
2.7277207826163448,-19.832962921749058,14.735566298114769,Inf,Inf
5.888959581293811,-19.35421813874416,3.394470197022912,Inf,Inf
9.106897128381082,-19.26273943418063,2.2824278483853533,Inf,40.860014609654826
2.3687460301724954,-18.569729637909322,15.952926295528158,Inf,Inf
-0.9177347626610839,-18.127663515518478,4.873217018430651,Inf,Inf
-0.2418234616944126,-18.756367390960396,6.596716112023291,Inf,Inf
-0.2321698998432531,-17.137061867517964,8.687593358092318,Inf,Inf
0.4659685493336241,-17.01013492424461,12.300769324310977,Inf,37.99213074392905
8.2183245408525,-16.87313784262208,8.858776489305935,Inf,Inf
4.0543709040028375,-18.99225499393367,14.619606981478341,Inf,Inf
6.714930981054135,-18.645461677007074,13.03663373350468,Inf,Inf
10.91177915763869,-16.590033011921896,2.8022516094852357,Inf,Inf
10.486733018194503,-18.67526231590899,-0.9916592815548597,Inf,37.378691141315734
11.472035277083286,-13.947520222388139,0.9931444417053754,Inf,Inf
8.698476652869623,-15.843611859575981,8.541743684924352,Inf,Inf
4.758300000566109,-13.540012196091071,4.694573208577502,Inf,Inf
6.550043609313025,-15.101971835633803,6.083372910579811,Inf,Inf
10.395521295998833,-14.066612047441804,3.4803399214733233,Inf,Inf
19.463154249701688,-19.456836971030846,-1.3659131759218894,Inf,41.71981185971774
16.45379205041528,-19.757940909155927,-3.595150121575273,Inf,38.73785028756585
12.658469363670982,-14.563052355115227,5.158168217600689,Inf,Inf
16.597306228673276,-18.421951328277572,-2.4375804097612104,Inf,38.49998348208709
13.179157266351297,-14.364650210917969,-0.6159308102197087,Inf,Inf
15.918190109835933,-18.958858474815496,1.0945457490525001,Inf,40.0873999942492
17.226732772058277,-17.766366542686107,4.411123066189475,Inf,43.33710117906154
17.871130546359304,-16.726942909447253,-3.4580647063280168,Inf,39.4748287350507
13.981352403053016,-16.986986317711768,9.92510740201012,Inf,Inf
13.548807085562231,-19.287859558496123,11.498604724922565,Inf,Inf
15.771301172796726,-15.9132574293045,15.166846487128502,Inf,Inf
16.95392248651796,-16.620962809490194,12.60769509139795,Inf,Inf
14.877037364601485,-16.812902004526478,7.19163322066672,Inf,Inf
17.327034123672505,-16.98435247947927,14.506135817503285,Inf,Inf
0.9034042372461748,-13.923338829973089,16.974556606045752,Inf,Inf
-0.3916182690816683,-14.120310545562118,19.006386586925572,Inf,37.41999786925155
9.47272292248438,-13.297942526548177,19.22802295134798,Inf,Inf
10.520492196752002,-18.99987483321859,18.7192615624909,Inf,Inf
16.689360963568127,-16.798425504995677,17.69851797788973,Inf,Inf
11.908168245799775,-18.142743766921996,18.085780522334296,Inf,Inf
3.0602311659289754,-16.997961375800088,18.57702425242362,Inf,41.900037174670395
9.33818800105211,-10.891250346981458,15.90275454150693,Inf,Inf
4.902175595299099,-0.6944770601371104,11.608747171795592,Inf,28.698972884533262
-0.7639553314780478,-4.4692920487887555,5.760510894593356,Inf,20.870352226534273
2.9710779087679384,-9.439059374965542,10.583041010309884,Inf,Inf
2.2520278081629925,-12.134822546177997,6.674871491153269,Inf,Inf
1.4921421683034382,-10.34398008665935,7.329434330335964,Inf,Inf
0.6481591546442722,-7.646673029607518,1.2853603916496752,Inf,Inf
4.701452989152983,-12.53275848256835,5.203704312690284,Inf,Inf
2.0718019505724,-8.37744282364909,15.434976213360713,Inf,Inf
0.561926364857797,-5.57682034434003,12.411803439520234,Inf,27.368818823929196
-0.0009374939706248142,-6.411722997368461,11.930374227329501,Inf,27.52714951941583
0.2101632306990986,-8.382188427874251,13.593366897676447,Inf,29.264146693076214
2.3904022066730946,-10.722293393106037,11.0569888640679,Inf,Inf
2.7557728841569045,-4.60680748764891,14.384491827139314,Inf,29.93740281966319
4.8384194408615215,-9.189071623122542,11.647152473687939,Inf,Inf
2.710478596625123,-6.904381372869768,12.507098471202688,Inf,Inf
2.9460217114550957,16.646709180633728,8.248969226471417,23.587720395354996,23.587720395354996
-0.5252636566589253,-0.02064849952489567,6.5194974293498404,Inf,Inf
-0.9674494084234624,11.175898243512108,4.062861327880867,Inf,15.66966271995469
1.3208593987617867,13.41902141580605,-2.80752489366769,Inf,11.681516958365208
4.7792199610737995,3.2840735155436462,4.7586733065672675,Inf,20.776378945025726
4.261352390004312,12.30745830183902,2.199535733133544,Inf,17.0473730429164
0.7647611259204652,7.839348607674808,3.070611823298428,Inf,14.600727034840668
3.139388033264172,-3.91449359550996,2.896832856394134,Inf,Inf
3.1479062939886937,-2.3191769241015407,2.5731573748260317,Inf,23.02466292816598
2.3061287898436262,7.21213911434716,-0.36851679716730246,Inf,15.504169355496726
-0.36371950592924307,3.9030980614343136,2.7900653897053473,Inf,Inf
1.7657093361586718,3.8344696998325034,-3.1608341685002443,Inf,Inf
3.5612270832513993,8.158075793792044,-1.4984731846553672,Inf,15.825280772292459
-0.46741792104167956,12.839545481472996,-3.375174873467408,Inf,9.71785847722312
4.335565387021035,-1.4905039751435645,-1.7297001999791135,Inf,Inf
2.5632592555684575,11.304968267711786,5.700321014075691,Inf,19.13173161444253
0.7797288117101431,12.296165268328743,7.906705665162434,Inf,19.735290928719614
4.389628412953812,13.759200099683284,2.3136716614914903,17.254411973728562,17.254411973728562
1.3690040463471576,14.819329840735406,6.048951906848821,20.431822349557624,19.52123326976073
4.523310154171234,15.39702372398586,12.23710472847442,28.054797443539844,26.245443037324787
3.7814066263621555,14.519539818389227,11.046731849226887,25.487946060920756,24.61517089952229
3.661195776483936,9.192230502394096,14.159362863342835,Inf,24.159833145817068
-0.23516534029443648,-3.3607711185683513,13.589274387516099,Inf,25.939437874074383
0.03819948644477478,9.232928764483805,12.504705504707168,21.392153024694597,21.392153024694597
2.148963327553666,8.182277055191935,13.720739263551671,Inf,22.912484998852975
4.508568989918899,0.7013096256625957,13.010402630713934,Inf,25.982229647906617
2.1802059681455077,1.5249025157368834,11.844315219010639,Inf,22.392276259608487
1.0585171936644677,-2.1721521390509295,10.531580563580853,Inf,Inf
4.108362411833539,9.547389790923848,11.587934175507087,Inf,22.541985209155722
3.669720274912301,13.378728729948826,10.247510752099789,Inf,23.428761576658523
1.4248591269789834,13.987908698028669,13.504207620518628,25.61833581175664,25.61833581175664
-0.22871313958555461,12.159429939369765,15.377981881046672,25.50206404701296,25.50206404701296
4.879489197183169,0.2707929691393751,12.5204805663206,Inf,29.103176979601077
4.893509846741324,14.87602747626697,8.310636028863662,Inf,23.37526007770354
12.179593330483499,5.808621522482625,14.636301078044553,Inf,31.944947374333243
5.42525023154278,5.020658863302472,2.4575296911661226,Inf,20.08169777727252
11.0,-3.0,0.0,Inf,29.430830876077742
9.93881358001861,5.7240545717944435,0.23987420148843697,Inf,22.62968142678745
6.23164705179553,3.0299794522405854,-0.2722997952001478,Inf,Inf
10.475571825257404,0.6892689113743415,-1.8340289698561278,Inf,Inf
9.463389154556783,-11.565425007230008,-3.1469725706793668,Inf,34.065120721377255
9.063302512055607,5.406856473276225,-2.005676182477938,Inf,20.920593066047644
16.59405077358229,-10.223185631705212,-0.38859383233462097,Inf,Inf
11.01489083528774,-11.657458064297579,2.1541010945381167,Inf,Inf
16.29887559651958,-12.198998232502722,-3.1627885354764302,Inf,39.90832517781386
19.23097455676634,-10.779715531013263,1.0095578677356016,Inf,39.10818519528848
13.326603004887417,-6.727767655534187,0.19607895452772794,Inf,Inf
19.270285424900266,-0.5579466315498749,-2.6410839323176916,Inf,32.35567435311913
13.713282398452542,2.279932604076258,-1.9642462528936555,Inf,26.76514483076273
17.900795329096695,1.1224687519708283,-1.39826069011945,Inf,30.596170167281855
11.103370365263572,-2.4167013631526046,-2.551707064506516,Inf,Inf
16.56961605555835,2.477366827768364,-1.2928596490040007,Inf,28.942419826763903
17.04259696895039,-8.394051873970776,1.2233565542831286,Inf,Inf
11.475682229685653,-4.991736757351823,1.8806084780097088,Inf,Inf
11.382662378131478,-3.4486774637562334,1.16197743993947,Inf,30.733878662249932
12.196074842885658,-5.08412055849238,7.053840768791755,Inf,Inf
10.59368009438846,-12.993003089079949,9.537609069726223,Inf,Inf
11.226822408582862,-7.28976360475774,14.238909946218868,Inf,Inf
11.381533299057118,2.8030976229954874,6.380943241440988,Inf,27.470158079126286
11.204884772884675,-2.7905655540589613,2.870191159958697,Inf,29.818324140488162
6.8838047251318635,-12.258647319589038,3.561974692358749,Inf,Inf
7.030543805817551,-9.300133512224784,2.5963445712391646,Inf,Inf
7.956501553409812,-6.026846894451516,13.438714548135536,Inf,Inf
7.3953787154246164,-8.882292011327442,13.604090817406991,Inf,Inf
10.32753517743135,-7.670700748951829,12.204422433468906,Inf,37.35853641306566
10.810346088585323,3.3454235577849722,12.524184647230257,Inf,30.60904961863219
9.85229030968771,-2.1729754693184056,13.704104813684772,Inf,Inf
9.594948371021808,1.0349908528342233,14.000582379927671,Inf,30.12971164917453
10.329860348489596,-8.00479778230132,15.24742406254017,Inf,Inf
13.627230518453118,2.0550647712359975,13.337387568974265,Inf,Inf
19.20722658632951,-1.195916351642417,3.0178201232532054,Inf,34.9557451798709
15.475919883794603,-1.0560904501511992,2.554604022135017,Inf,31.68439770508798
18.213658110930552,-10.089654842932712,13.01394948306951,Inf,Inf
15.058958553933977,-7.192903977348752,8.309034036560483,Inf,Inf
13.332441076819222,-8.119458138430495,14.655935538379701,Inf,Inf
18.181579305012534,-10.495841783773088,7.967204591256348,Inf,Inf
17.775454395977903,-0.5474967463449154,8.511511614713996,Inf,Inf
15.325409842439946,-5.969630483904362,6.066926236113936,Inf,Inf
16.811136919574885,0.9091662637712901,15.588082053455842,Inf,Inf
14.179220902520207,-4.4429938828430515,12.201306505058241,Inf,Inf
17.92894032117747,-2.3386956719620215,13.073152177258422,Inf,39.069948928270776
19.184909180711415,-6.528516775919835,15.414429266901408,Inf,Inf
19.341515285617675,-1.871687364709949,7.232401565594387,Inf,36.7405361288832
18.30146364103878,-0.6288648747716508,11.883078299013874,Inf,36.95368551967978
14.947094333551469,2.4331543052464433,12.182779326237174,Inf,Inf
19.597538969341677,3.4854085097814007,9.186919923132013,Inf,Inf
18.315394800989395,6.798097783203147,15.32753685425996,Inf,38.19834084142868
9.899247241353688,11.732518429731904,5.231990945339852,Inf,23.407331872675122
6.850046271976041,12.966889840596934,7.111301687067446,Inf,22.638583176249856
5.524934613029934,11.284759228513146,-2.3978092023192943,Inf,15.985305552398643
5.049653161138103,10.984237213561585,11.209500165538184,Inf,23.49240155878249
5.882161718160628,11.406030510407756,2.8550725924174785,Inf,18.72830298640277
7.25078155474419,6.314085648164458,2.8567332539444834,Inf,21.267107772632492
8.932917137361002,9.565784284322003,1.523514323868362,Inf,21.457599216113675
5.44872154306832,7.548787090708693,3.387613912515455,Inf,19.304385346104095
9.743292154756826,5.9283060304700825,6.541931418100031,Inf,24.414806864194013
9.350583074535336,16.582510959609174,4.308280013535306,24.3884022517732,23.300949647809976
9.409574669807466,14.999345824332046,0.6443170985269759,21.297242059133332,21.297242059133332
7.6961284899389355,15.063513506722899,13.961439265622047,29.079663459970742,29.079663459970742
7.511674715698817,14.396774220322762,14.963004523985589,Inf,29.13117393639446
7.8212089174613375,15.643736791751508,9.658600693234163,26.66503739723626,25.577584793273036
12.503345949451237,14.489752367008897,10.132815072046803,31.183887995433217,30.78257283507299
11.824657302054284,9.221209542762836,-2.766999340994847,Inf,21.5775735364371
16.748832238313014,9.745734040274865,11.305432408493658,Inf,33.75654369880364
12.650115288575037,13.238927644337423,2.4393613074203557,25.092083309002646,24.816228063487813
11.19601186240758,7.7291339162397605,-2.5739857678942073,Inf,21.35346113760678
10.454895894366231,11.995771254027634,13.400001018457893,Inf,29.41170422943374
13.409226087573046,6.207855824126067,6.143832934395277,Inf,27.834594755101712
12.02414765533738,9.510959289363488,2.365571378553561,Inf,24.236119509316055
14.507481954253365,7.453072456267638,0.2923143452170933,Inf,25.741823068588875
12.319470876310262,7.164186509145331,7.086228419956065,Inf,27.116866596144547
16.43753473880772,13.988043691326737,4.7263359440363395,Inf,29.48734783322299
14.258436016165348,14.407825970397298,3.6954305163778223,Inf,27.0566383106854
18.34127134831082,7.455084336157363,1.3985655352298991,Inf,29.51088227940888
19.370515768396814,13.078092688735566,10.88762107702398,Inf,37.073879526959956
19.885947333926197,11.629322321925919,-2.735401291390378,Inf,29.660338467695627
18.599644559122844,12.232142922142025,4.649263362557878,Inf,31.518138172700297
17.694181683206168,9.44528139344768,-1.1420187881637744,27.67200430987976,27.67200430987976
16.908565510210053,14.818268001680146,-1.4466927219968468,30.08311670487374,27.90464881951796
11.50781083782233,14.635720884114043,11.476415442049024,Inf,30.123415575298083
12.731383517284407,10.280541784172648,15.512385176955952,Inf,32.04437019888481
8.191592826380756,-11.747974790952167,18.923257257399477,Inf,Inf
6.896692283710202,-7.076814501852162,19.184639516244822,Inf,Inf
1.5531133413050568,-10.887562756865892,18.82568477819249,Inf,Inf
8.170437190978959,-10.295154987182817,17.26810793570106,Inf,Inf
2.605907787328931,-13.088803552897428,16.964528405378474,Inf,Inf
0.17204775344524137,-10.540123229302063,16.60741597095894,Inf,Inf
0.47592308540193073,-7.432148059057075,18.886210941244414,Inf,32.36956822467944
2.735920114672492,7.976595783484363,17.266560649290412,Inf,26.512439492320677
1.5626551359431389,4.448477092606016,17.060199166878654,Inf,27.955996860848035
1.5833532509192523,-5.9651184926549305,16.305071181402433,Inf,Inf
6.0410924890543,-7.048273449592157,17.13972906993685,Inf,Inf
2.3032794624680264,11.655658036195025,15.998853916995365,26.20975383307256,26.20975383307256
5.52474240720656,1.6316298153062831,16.49350279932355,Inf,28.12047491761751
8.034434570363658,-0.8905602215979442,18.29350918651842,Inf,32.289775844103715
4.98308663614776,2.204742712748839,18.52341209384629,Inf,30.526258950601914
0.896291260315838,2.7517060479103783,19.612461526703626,Inf,31.022520757053137
19.707987789452808,-11.63013165807178,18.900989107915436,Inf,Inf
8.47389618490947,-12.85925507846354,17.480526030097394,Inf,Inf
14.414658105284744,4.001501835045538,16.238339561067463,Inf,35.23549799898049
18.669296258816324,9.257756338644061,15.95778607681951,Inf,38.440290133611576
12.09935337828685,-2.7204159018741763,15.916452927978433,Inf,34.80114917054195
10.354127386943865,-1.874781853101453,16.79254878337997,Inf,Inf
9.885564306134196,2.157810331575753,19.85155961811151,Inf,34.841432124127884
9.231329862391114,-5.004494388988334,19.70517070666527,Inf,Inf
10.243317422040406,4.42054510012283,19.721473504178356,Inf,34.01023322480104
9.078127501781942,9.399594913844346,16.538311606471552,Inf,29.558155466779404
13.154854076042845,13.049080454461965,16.80197720185759,Inf,33.880784269771
11.261052750671201,-5.631729264457173,18.48424739160425,Inf,Inf
18.593830967442592,3.707862268391793,16.69708177219544,Inf,39.0020325358157
10.931294746123193,5.257716804852201,16.483212150560938,Inf,31.971589995082617
18.274721598158166,-1.9677661386365308,17.92364290043035,Inf,40.1169743708549
11.897788886968446,-1.572353206222516,17.092722509361693,Inf,34.72496657358678
14.364719602520175,9.106276085081095,16.60259210516473,Inf,34.85326868156596
16.24230782903328,-9.04041209836647,19.780961807439787,Inf,Inf
12.369525492724343,13.132978003006443,18.642833015428153,Inf,35.10787250620428
9.264349185041596,18.134848815330955,-0.36233020954284,21.917916241516508,21.917916241516508
4.875299656408288,17.504736430688567,-10.916701063523497,19.585369772620876,18.823320821476614
-5.477033696650704,19.178564315095983,-7.399970249558345,10.964005978239575,10.964005978239575
-8.006959723491391,19.08008426489522,-12.457935854277453,12.777558087525994,12.777558087525994
0.8205612971320804,18.969689590271877,-19.709083269814744,21.07366144611635,21.07366144611635
1.5115860783935098,18.39788814932333,-13.432909657303753,16.087579973811106,16.087579973811106
-7.1522780938305175,18.35547907639434,-9.065940918556867,10.137530035900308,10.137530035900308
1.6873606144209248,18.18054315869552,-1.2390517234167042,15.573457018067995,15.573457018067995
2.3254599129938995,17.872631324294616,-6.469915623435334,14.453298002266365,14.453298002266365
-8.970351808730275,19.799594145773227,-16.624112284762944,15.875852965661394,15.875852965661394
3.2543635023511257,19.377404190622883,-8.090419734021275,Inf,16.851888594673593
17.605875865101382,18.62820702545057,-4.698315567920526,29.92615306128986,29.108899445161885
7.711661802447061,18.446846140629148,-12.275625186478818,22.42543074014904,21.614326710668415
7.123781236452224,18.613023444938506,-8.596593297853738,19.690855883548934,19.690855883548934
19.563254938746923,17.620518401268,-4.743450128263316,Inf,30.395249767480117
17.130568930590535,18.669974102949702,-15.506409854226906,32.32434311683879,32.32434311683879
5.627673968780648,18.90777771124136,-18.617876774821582,23.38656539835059,22.727312716661963
7.590794390626023,19.505160692915517,-18.080153933435756,24.045241857437553,23.819313644298706
16.557422019347158,19.364927949622995,-13.647785425695362,Inf,31.423940158101807
7.025282442363547,18.69106657544745,-4.0396643902998175,Inf,19.15993357623067
18.693526377727153,19.13812762694682,-0.5537909944410941,Inf,31.402251122627185
19.02051256219262,19.721926829449565,-7.477794338203516,Inf,32.41388389729939
7.638559474537967,19.261270005015916,17.565420637583458,33.81282578061334,33.81282578061334
-6.433145107286915,19.195855347080197,3.205814538204166,15.101675793348292,15.101675793348292
7.313679445781737,18.385811052259427,14.747593202846176,31.60850732622582,31.60850732622582
0.5701030613731177,17.353881356158666,13.798142049600806,27.12227788170246,27.12227788170246
-0.06924211197517138,19.309867101935836,11.083123083310149,Inf,26.41879489254254
19.194619602789665,18.777558645243957,7.3825422003346475,Inf,34.550292359783825
17.516888945723764,17.17044545551512,-0.04503930582974647,29.718490816249293,29.718490816249293
9.478303063901976,17.128102787202657,4.492934386102398,24.822088419817632,23.734635815854404
13.464461751941485,18.403181781346802,5.570491151554364,28.528797857980784,28.528797857980784
10.841541820175358,18.315761978562428,7.504149070185768,Inf,26.705893259776026
15.322472053511689,18.53308856801361,15.777490479431044,Inf,36.117277040944586
11.361978744974177,18.948040380729978,5.8852215074075716,27.738337368931084,26.65088476496786
19.56477329382632,18.904643618923686,18.879944299435365,Inf,42.80785722848074
8.559977062173367,19.153529435689613,17.141941072154232,Inf,33.62537762013138
12.889248971336727,19.715516557800555,15.337210191509627,Inf,34.20956175598535
