7.0,12.0,0.0,0.0,0.0
-7.8495662857657855,3.1885616451191368,10.57040000835211,20.245602512491146,20.245602512491146
-12.006782642274443,-15.013154891582223,16.92007952832418,39.96623543143175,39.96623543143175
-4.434854658390623,-10.07066578087282,-0.2685111549244823,29.785984934945404,28.950034963169347
-5.173426366247051,0.7110576933747907,15.92095562821477,24.283296303007013,24.283296303007013
-12.008190158753926,-17.549655772398268,4.490221581578922,49.367571650813225,37.15762031301317
-11.224351885896553,-3.197156403528112,-12.315564131708463,28.39419305890948,28.39419305890948
-17.854230717002064,-16.09864952702191,-4.462486563730517,60.15796517783036,60.15796517783036
-16.165085075477528,-19.829130558253905,-15.071137705913893,71.52956052673422,71.52956052673422
-13.966017427934636,-16.611443700761335,-16.528813047704816,Inf,75.69059701220458
-13.40633751343276,-16.490862969294675,-15.481730638356073,Inf,43.49945031498198
-17.34483474000397,-19.703444401294206,-7.28641318892441,Inf,64.76541479029935
-15.17578153486296,-18.684954400029675,1.4551541484647785,Inf,51.70865789033524
-13.014364929776647,-16.81703009057881,-8.670600102475108,Inf,51.301130962426626
-12.475938647427984,-17.03342038515639,-2.987068123840288,Inf,40.34326446096302
-13.64806018801012,-18.13944609526933,-6.904026419188343,Inf,47.03151144758192
-18.011875990216986,0.01799576185370455,0.06942291837842163,29.010783367629784,29.010783367629784
-19.5871612185437,-2.789113567560541,-13.505115992579393,66.05441229615393,35.58905830014217
-17.5759772773577,-12.236809173908343,-5.5755808979957155,Inf,39.86542433608361
-15.977508982272726,-13.440432241599538,-11.371661243499007,Inf,42.13946471912395
-11.907411898878086,-14.37823284048406,-8.69718919899995,Inf,37.52122374616559
-16.39657809977903,-14.559498987402097,-6.251278921951684,Inf,40.923370638360474
-12.282421336469014,-16.033372042810498,-7.603773258600164,Inf,39.116944331421806
-12.69830997556614,-13.873932930202777,-0.8635588005478212,Inf,36.5802250375411
-14.0963490780298,-9.809575895045262,-18.934380087344458,Inf,37.863053489405544
-18.079155853047027,-3.966629341565138,-19.67453878501442,Inf,37.138440504518094
-17.866420401743408,-11.436214139731717,-6.336181205905946,Inf,37.28368933754058
-19.53165265273863,-8.851657320819601,-13.15592032695788,Inf,40.66969148012458
-18.47857429527008,-2.9819862446871426,-1.8742710602962305,Inf,30.54779769956741
-17.769940353083726,-2.061253754294647,-1.088524942577223,29.40380768260817,29.40380768260817
-16.10678206141758,-9.582394416873097,-10.106742098923558,Inf,36.4676362613253
-12.585769028717095,-5.086679420561806,-14.140007758157331,32.70798400118987,31.3526298783727
-15.329608619167256,-11.878525653415872,-16.67388623441532,Inf,40.459007874285554
-15.583327765547912,-2.2422614386047712,-17.411273826021272,Inf,33.95937290018508
-15.32418838189547,-8.568558244693829,-12.973555128347778,Inf,35.11264397676057
-12.71645609275752,-7.367387096855218,-15.546142547747559,Inf,33.56557629545827
-14.261974677278868,-6.130936023140494,-17.149692286692037,Inf,34.750258448780095
-17.184803348331535,-2.5773496437575183,-4.2920769642570455,30.113216493482327,30.113216493482327
-16.654395913722652,-9.50289484886424,-9.595636831468033,Inf,36.85361099847922
-13.361582278830504,-10.221216842229719,-1.8758209007734479,Inf,31.74072810278107
-13.637499885595199,-3.951440616536665,-1.5221108540309132,27.430726494911816,27.430726494911816
-13.513401127068692,-4.185456031422161,-0.21517638572287012,27.37635739735935,27.37635739735935
-11.379035140904818,-0.5182140281727499,-9.003807345157995,25.95619278858447,25.95619278858447
-12.11393369133197,-1.1653645430159614,-12.889338426218231,28.159002056357473,28.159002056357473
-19.352068773136892,-5.683127142440156,4.452735817567486,Inf,34.81540374692032
-19.059192971239263,-7.883873652615199,1.2632442688855576,Inf,34.20422878686229
-19.076597217780964,-11.960183014166006,4.362295189184113,Inf,38.78950128498076
-14.25807270491025,-14.479134968502114,4.070789067896101,Inf,37.05235919235914
-18.436093825950106,-7.048026875309352,3.2301732319140797,Inf,34.03200531710724
-4.641498388727641,-18.205582343091216,-8.241603184077642,68.88422019215689,35.730586648205794
-4.467767278359984,-18.23027926172439,-2.408941406712941,Inf,35.058558455980176
-8.40188863497362,-2.313761724004255,-1.996129841409335,22.957729631418594,22.957729631418594
-10.87471947256125,-2.8776875192637092,-12.02962304285097,27.913261700777102,27.913261700777102
-10.05323205231984,-1.410444126339307,-17.424716009582966,28.419998084540293,28.419998084540293
-7.18833202063947,-18.053860975067437,-13.51390909407363,Inf,46.84297873818017
-7.350197818675186,-17.541803910357068,-14.789613462545548,Inf,42.93151862653914
-10.455466702410874,-15.102630145816676,-17.235152625937687,Inf,42.23425568845729
-4.580069340464732,-6.516025010866553,-19.032976162755936,31.505938062258497,30.42003195183329
-9.60902113619638,-3.1692366406261208,-11.858001070389745,27.171594217019067,27.171594217019067
-9.838604130222972,-13.350028718273075,-3.69138543293473,Inf,33.780339377586564
-10.046893203251628,-8.712605620486356,-10.6929037624636,Inf,32.193721404593624
-10.496706104509208,-3.763420730252875,-6.727738643186605,27.960717939240922,27.960717939240922
-9.532346103405773,-4.673666027195695,-4.497287083401895,26.577518293388703,26.577518293388703
-5.4920969167417955,-9.991414206302114,-10.530740501008529,Inf,29.307827507413563
-7.20616415193466,-4.944366924364134,-12.492129729505264,27.143317609407923,27.143317609407923
-5.766834548485376,-14.450519850773631,-3.6064145864603248,Inf,31.679957316561463
-8.622262920289465,-0.20863452633058444,-17.786107337031147,27.63007399598238,27.397186585402608
-9.23935192154378,-0.7298140670394844,-18.87158020552284,28.511482746128156,28.511482746128156
-9.640399407785214,-1.408218487864854,-4.602559975564597,24.674896408676673,24.674896408676673
-10.267418813314304,-0.9112986065022533,-8.506244975436505,25.66206185815774,25.66206185815774
-8.765277320178386,-15.96888095499808,1.4864324873445582,45.2331165084838,34.75127021144712
-8.896003507477337,-4.357705751507215,-0.15789548327374447,24.172807396650658,24.172807396650658
-10.15674537039132,-15.7758495833089,-1.0657707204514182,Inf,36.370560552850776
-10.647075983696235,-14.9251256913991,1.0468165994761236,Inf,35.38981320006505
-4.868880551246804,-10.425907152161313,3.0431072937688626,27.799313450014317,27.799313450014317
-6.435134951661121,-14.168592413598597,-1.2067201131282062,33.42458050831299,32.34757220803135
-5.732814635381001,-5.972587307838264,-1.9684680446221137,25.16334492085729,25.16334492085729
-6.544745029604835,-9.070448502216495,1.8950328270693646,28.335812009829553,28.335812009829553
-8.7391683821743,-6.564701358522571,2.7421007211345128,27.519295233637393,27.519295233637393
-11.488984318632092,-11.731065225118886,10.595559062556113,47.11044895039878,33.8116937588431
-17.62517269061636,-13.401082811031184,8.903919241776421,49.88711789559919,40.724399568614466
-13.939519012839936,-19.70006661377272,14.845500268400961,Inf,45.4440534710728
-16.714550291739858,-16.776170670435626,6.275634750356581,Inf,44.787553043020225
-17.796826669238754,-14.39703541217301,14.677183997653799,Inf,41.98355423914611
-13.148647612933999,-19.58571273389934,12.758288914887082,Inf,44.65072337756192
-12.197936450964457,-17.574248612445793,10.137926645946884,Inf,38.122282287695725
-15.228803785088738,-14.481782834553911,9.495045712555719,Inf,38.130653944490504
-19.3755963355326,-16.098524018387515,16.76348605548148,Inf,45.10448894092751
-11.920235274489812,-18.168768313621086,14.886831651748182,Inf,41.32238631463449
-12.272519869291765,-11.552518339123825,15.44867795749569,Inf,35.947966745822924
-15.186969455468349,-5.24585265979419,10.135873785705751,32.1237992503902,31.02900061878078
-19.104209614768024,-13.209855702520432,7.7638298840867925,Inf,41.310567300220924
-16.130133397454642,-8.680545828680346,6.397484130521633,Inf,33.93361175371516
-18.15139862169748,-1.0746024420328482,11.047755850478175,Inf,31.289563342622483
-16.830981249396075,-2.3170515515511596,11.492363512436931,Inf,31.41442344382502
-11.562804601390413,-9.704969382130955,14.23364280747652,Inf,33.54865380421025
-13.34682913117983,-10.214779110064223,7.134921011809084,Inf,32.903863534895066
-13.309359334056774,-1.9217393055221947,8.225092765821806,26.759781314736383,26.759781314736383
-11.904854109651923,-2.6223556683806315,11.516837034998275,27.394578831118686,27.394578831118686
-9.14543646180773,-13.453079605528462,10.45686692866547,47.204622957049196,34.296779082267925
-6.3792582217622495,-14.210334007861967,13.460471201223498,Inf,36.92109577127027
-8.280639358650177,-14.881008239786828,5.2308278333828255,Inf,32.93412491067696
-7.605832830255856,-18.11033200448591,5.687468008855163,Inf,35.91846858015346
-4.771961299511425,-19.534455221289136,6.6144533502872775,Inf,37.583461543966024
-6.249081325619201,-18.402116827053465,14.801859687144315,Inf,44.43218792938202
-11.334432947908812,-18.255612138271502,15.211121434261045,Inf,41.40022615029018
-7.0,-11.0,6.0,28.775532847716732,28.775532847716732
-8.499167189115413,-3.5691385414332366,13.517624635069758,27.646590699570872,27.646590699570872
-10.103196167498156,-6.905990279721328,11.906579044610723,31.684282661737544,29.652194196661966
-9.053455434183206,-13.370864605049206,8.196578277212197,Inf,32.60471478692675
-10.447472780987193,-5.2314269626430665,8.265616996717817,27.028615516224015,27.028615516224015
-9.360666619551665,-6.245545086927988,11.567881240427987,28.757456499202902,28.757456499202902
-9.079987964774698,-3.4957435595468134,9.062745728015635,25.09542717922978,25.09542717922978
-5.643129152810555,-3.5500834500673584,8.786733710673609,23.38899491000715,23.38899491000715
-4.56316584529648,2.7911731990211734,1.5902395020228433,15.632553982205707,15.632553982205707
-10.191937580463337,1.1199462376695806,0.0007725976058097217,21.113287280259215,21.113287280259215
-17.08520941714773,3.0725324397758946,-8.574968898911361,33.122077595898844,29.242560786502104
-14.743838004152359,1.1447054792040419,-4.687840410070345,27.648078969591914,27.648078969591914
-4.6199554863185455,2.062317607505655,-11.920881182688472,19.942217354629108,19.942217354629108
-6.105348979535359,1.2369634322693912,-14.912682539598174,23.545814049606108,23.092713614529277
-5.365877944080415,2.3502674023955095,5.684715307866632,17.54358789060003,17.389484866155826
-14.802231004456434,0.9694231578046981,5.191336244482425,26.750836753799874,26.750836753799874
-8.492263501280473,0.8820842458886702,14.80942470715678,25.114095924324758,25.114095924324758
-17.860803511477368,1.340284981324615,6.097456449330146,Inf,29.27669983287896
-19.672100724502542,1.907279578388259,6.193485259944389,Inf,30.364211387913862
-4.40003391688343,-3.0308463009166786,-3.5926908505887383,23.429046150081383,23.429046150081383
-3.526757954627673,-7.264483812942029,-13.862177025963458,27.030615851712902,27.030615851712902
-0.7387435396979143,-3.5460243330531753,-15.125373198253289,24.187372097321845,24.187372097321845
-2.968663856370739,-10.319474498805743,-19.346621160884343,33.33327914450361,32.474175228123286
-2.855609311110861,-5.915571384118277,-19.552549821543437,Inf,29.63675433526385
-0.4272511538395989,-15.798917957167138,-17.41568610892675,38.71765742914748,35.02586054390825
4.0552820211058105,-18.41751594990064,-16.30803797879114,Inf,35.62255602596735
5.272172886673829,-13.22183033804393,-16.94403788984318,32.444917435110966,31.557595836577782
1.7948029120125426,-3.669873828581114,-18.039793166406337,26.58576012646212,26.353887818965383
5.184024681741668,-15.473888701831076,-14.736863533000317,32.10011503872242,32.10011503872242
0.7618427162851944,-7.793374488392564,-13.870022225781495,27.04607484407679,27.04607484407679
-1.0409190712201521,-3.1637913247982468,-7.815175808448922,21.30726978723792,21.24217211633535
-1.427557044095387,-18.22018458760975,-12.206667443439816,Inf,34.477715924625294
-1.1367389832937214,-19.847731122586055,15.596245211289023,Inf,43.56053230964356
-2.036021317559225,-4.485817963912728,13.641408699919573,27.262743651468185,24.74570730482462
-3.334376422797547,-16.65720917912065,10.924112568691385,Inf,34.29615153291318
-3.966479784927685,-4.967873082862919,-3.545181985009407,24.956254283509388,24.275578419439412
-3.4781676476810404,-14.84960021540628,-3.082716006249324,Inf,30.865607444556936
-3.6462985128928054,-11.170446120459712,-4.934572113034177,27.89349414086033,27.89349414086033
-4.432297585386102,-16.557971288413906,2.550551923296691,Inf,33.96660021569791
-1.1857167157642152,-9.139647436928424,-1.5041848907836481,25.35134324138104,25.35134324138104
-1.4112284309364576,-4.346606459509417,6.308223468463396,20.080878457671872,20.080878457671872
-1.2595684753278107,-7.602999124817451,6.930233315063834,23.399611677151118,23.399611677151118
4.790863208729412,-15.426843233362542,5.6424909824100595,32.9105354680696,30.56536185041577
0.6566679687093853,-15.833046539800257,12.574867092263645,40.99226857039572,33.42502603494154
4.526309305893559,-15.705037470587646,2.1966428231089736,Inf,31.322740654285496
-0.40290827300488274,-17.29915727317816,-2.7241427381028416,32.99121040785586,32.3049571379931
-0.1718835121188711,-18.456230950477767,-10.47520502552989,Inf,34.33757262324438
1.258824490995032,-15.823754962593695,-3.204821765241981,Inf,30.26204603846285
2.062497315798204,-16.803514322360222,8.964996656333561,Inf,33.180621110350785
5.589673395738053,-16.26551298719231,-3.4857859104286177,30.525858353261313,30.277936276363818
6.460020506244675,-17.62604907838405,-11.024085221105553,Inf,32.36560446207517
5.678665981430832,-17.159310426358346,15.592933786098499,Inf,35.96674894689596
6.157617423008219,-14.888956093145449,15.55370368520056,40.815840455446384,33.887924450567375
5.543258690725395,-12.334688151869724,13.308270220297018,31.023261530965822,29.821174365915617
3.913754312457634,-5.63917887793389,-9.32192402787913,21.878706872648518,21.465222516008314
5.122439941896548,-7.781521996838867,-12.18135436778426,24.32554708581368,24.32554708581368
3.0387939944122095,-7.755598400047603,15.251941450851248,29.38883322633223,28.350297546502723
2.911831639304239,-12.754346076922367,-3.8117348125457866,27.261841680303217,26.915475738297093
-0.10332261886084382,-15.014896023989568,2.1053374025312905,Inf,30.549992304474724
1.4992687706136536,-14.975969871497554,1.7024080224939837,Inf,29.96284382443133
0.4183836596909458,-10.104527931144105,-10.418484139093014,25.964844518485357,25.964844518485357
-0.9058795154113923,-7.641082976945652,7.304501354862552,23.55960274644342,23.55960274644342
-0.7004105384310861,-5.936894507327182,-6.295251070156267,21.73559144028482,21.73559144028482
-0.3068333846971356,-9.635738000738598,6.555362136995129,25.489730313663767,25.440216482360317
-0.6574057413508605,-8.253206279438974,-3.9313557953706564,23.641391211473266,23.641391211473266
-0.042481996132277544,-8.01737708479572,5.581799812386869,23.53317759686682,23.53317759686682
2.780153656506002,-5.677817963014125,9.207688467784799,22.694919584995013,22.694919584995013
3.093048138680601,-6.470993599307837,-1.7501814119480414,20.64645354345841,20.64645354345841
5.157100067943414,-9.685905328615823,13.32003107833222,28.137962228888682,28.137962228888682
3.3054142776677864,-8.348458713069125,-4.693219887429549,23.371738058757018,22.492471130887054
4.03792745024294,-9.09705904285004,-2.8782977468106807,22.976548856429975,22.976548856429975
5.310414274313171,-9.797429225621368,-3.726079678719092,23.79936897342747,23.79936897342747
3.748679963017665,-15.235667268942041,8.260506047146503,Inf,30.441952185351155
5.286248759648426,-5.807864002797762,7.117118435663183,20.82140503565188,20.82140503565188
2.5645802514553324,-5.410917766988872,8.545989073376433,22.107520209603884,22.107520209603884
-0.19064452201046578,-3.4619325310810467,-13.124145323466347,23.4348933268693,23.02569295520979
6.355231012347389,-14.5690915386003,-10.221091875257153,Inf,29.34685478659917
2.86959980670985,-6.197711375940287,15.733238509607943,27.749539014849113,27.251515334178098
4.131230339350758,-6.359118405081707,16.32536472043381,27.283431266668384,27.283431266668384
5.752868211407041,-2.220356846783904,0.08718963339206454,15.817123132169403,15.817123132169403
-0.6396573420620939,-1.3388494038789815,-9.220919401360828,18.968992849185398,18.968992849185398
-3.716088024899314,-0.36123486332023447,-18.475493239212774,26.21060256192006,26.21060256192006
5.468475844772939,-2.810665958518655,-0.5357583836753648,16.11705198073565,16.11705198073565
3.1488923179264745,-2.3479124367443305,-5.581442434782753,16.424523040154632,16.424523040154632
4.0221746092498805,1.9511967075629784,-15.855979032238618,19.925306107378304,19.925306107378304
-2.528167408577886,1.8491183236103303,6.161932636954177,17.448662557532096,17.19036715127779
2.532698965461435,-0.15903410442410504,8.317115404196347,18.553659399859136,18.17989914278602
5.24663671982216,-1.0881231569528467,2.686433166879098,14.347727972602133,14.347727972602133
4.83379678017797,-0.49716911015211807,14.430851353959682,21.083009503929073,20.41315884552594
1.0945039459768147,-2.654914198600437,8.59808099645629,19.743840548300806,19.743840548300806
-0.7060316605311634,-2.8992592736404887,7.4562800310344635,19.418158375613256,19.418158375613256
0.5412698341651279,-2.521436515376479,9.50437956833305,20.434358265634515,20.434358265634515
1.7242442668069273,2.794074277085503,2.0272351644683724,11.18439762089073,11.18439762089073
-1.5670745742598342,2.254491041525746,10.353668172868158,18.23671655338157,18.229235758590157
4.726813752742842,-2.7472563836456416,17.70339271972737,24.486526932420325,24.486526932420325
-17.605386109498937,-2.4884308610201273,18.687036636480833,39.87902494813711,36.35021657625008
-16.521099931712175,-4.539786848793925,17.965740037159748,42.3088411321533,35.55390587154286
-18.792597749952993,-11.329376909930424,17.084584318430018,Inf,42.03815252065332
-8.706873232466839,-5.843698461309597,17.46625267646244,32.2082162912679,31.888427332193444
-3.3341973109875696,-9.239186472661958,17.120540558158446,Inf,32.82830116046812
3.9002137061532416,-16.04389643562164,17.42652804940731,Inf,35.60199355186234
-8.791882933977773,-4.552937888669204,17.214264400862696,31.483085091715076,30.800621291201203
-9.791875868443913,-5.642125936116882,17.217748549088356,Inf,32.08047042811796
-15.393274285454925,-4.470141184110865,17.7230736042712,Inf,34.32059454174071
-0.48764646641629383,-3.8328746140392944,17.656974055621795,28.14364383248388,27.8053874371365
-9.181810764213285,-6.198037074578657,18.782725282313343,35.20563820819298,32.768133458046606
-13.547520026954976,-7.172878358589463,19.66233303051473,39.76452433163326,36.377584246134276
-11.574524092041907,-12.948599750365783,18.749369768747954,Inf,39.976706057764936
-13.16213582643373,-11.137718743998564,18.46529069810675,Inf,38.02885275050639
-14.997691722865278,-18.49365186202509,18.315595297668985,Inf,44.674541455150276
-19.417201847566687,-4.446711311974001,19.61761404272206,42.70453603505656,41.04683114355674
-16.834660948907405,-5.481392953868012,18.275057578420622,Inf,36.23486358816769
-18.896769560286486,-2.9462998992911764,18.100979306147586,Inf,36.90910566368193
1.3009765588996558,-5.779246368230329,19.86624737844685,29.546888976788868,29.445107854175312
-0.6947513778135956,-17.28613351397403,19.476594999610455,Inf,40.606366029101395
-0.27495479271068035,-18.22356015081482,18.2762927990182,Inf,39.47579346256984
-18.909440837726983,-0.6558569856238776,18.672863934290817,Inf,35.77415830556719
-11.52152488213634,0.8449658510340115,19.730711455083345,32.30565296526328,30.893098047883722
-3.6913390276531928,9.90504088141278,13.514876268396485,19.652451045382723,18.316999977332742
-2.3636723420476997,15.242535164742677,10.511482090122392,14.675803759164186,14.675803759164186
-8.05213646236603,8.083827986275107,6.105018942405607,16.90130130977989,16.90130130977989
-7.817986708475448,6.019437771010594,7.945960841676801,19.478959250213045,18.814566518966295
-7.796936929990972,5.6664577550081745,-5.743999981985137,21.17657299160234,19.690623695417752
-15.526920495043264,5.7278265814845675,-9.679795018660187,26.664683629811364,26.664683629811364
-18.412817666649588,4.2552616670792105,-17.344691076604832,Inf,32.19272732025297
-16.853791778885103,5.285226322631928,-11.79388558490385,Inf,29.199611896114174
-10.613222671229652,4.482436487683856,7.3705981028219725,21.373998688482686,21.373998688482686
-15.892602292344806,3.4543463960731025,7.418020401015575,26.1007022171975,26.1007022171975
-10.380661109039702,5.27958675627044,-12.968506270083138,22.988610072241983,22.988610072241983
-11.67147303651106,6.229029374825281,-18.49593438692743,28.689847297265473,28.689847297265473
-14.495455012435148,7.41097602466067,-15.381853625126354,28.21341576594232,28.21341576594232
-17.955254547470012,6.465470869258283,-10.68193948750955,32.579662627874555,29.393276472634543
-16.408348507258452,7.957093668892057,3.742388172698739,25.58602154018302,25.58602154018302
-18.156003208040907,6.678805818516516,-9.867112497162784,Inf,29.46674095592043
-13.197229987340933,8.058592636745594,-9.266178352924381,24.392317584376556,24.386571110026594
-11.797919239045864,5.830898177782451,-7.331601858451364,23.15076461711469,23.15076461711469
-12.140232383633744,7.39609573529707,2.9721146249179426,21.40621349877788,21.40621349877788
-2.4002212535962713,6.177616466809354,2.1866304321046854,11.570287440704897,11.570287440704897
-3.5043871751274764,5.032846466870993,5.985094756675686,14.110520680116887,14.110520680116887
-7.548576137559175,4.604679511026191,-17.463405378983214,24.351866539133184,24.351866539133184
-3.4748397780536706,5.20601636994148,-16.51994900919549,21.529851492309334,21.529851492309334
-3.5410307834115144,7.907362294705472,-9.167756756344456,14.734432697249662,14.734432697249662
-5.686129432338607,6.714462932675332,-9.008522831729158,16.751801789587198,16.751801789587198
-17.86810069956882,4.894414402355185,8.055092085055115,29.101541287800703,28.25052455778235
-5.879965292549167,6.810297565689236,13.426831489880527,21.13042974530812,19.99353204290705
-12.370041211645209,3.5984282846445126,8.644140780608247,23.476838140790353,23.476838140790353
-14.238254672570871,4.023809122742399,13.253657047755198,27.22506137346887,27.22506137346887
-11.232736713289624,6.940455346150127,8.858167455175156,21.26058401267113,21.26058401267113
-16.747343133008556,19.30695367375482,1.5128296662421263,26.56224259187347,26.56224259187347
-5.34454254580953,13.039420857713907,-1.48142252682117,15.488362245876349,14.511738506308928
-17.602694623586295,16.15796188017736,-13.906700205518066,57.55724353194477,30.318174319285077
-10.370779226388,13.429451991488541,1.1093922148171913,19.310400273237438,19.310400273237438
-6.836370196585113,14.926373089618522,-15.417894670117338,21.475994742906362,21.475994742906362
-13.350981832168332,10.280029851692525,-13.347190738829182,26.253763112033475,26.253763112033475
-11.230974973087164,9.826678604036374,-19.38061992660569,28.453447842642557,28.453447842642557
-13.414367003206236,8.88666748413715,-7.92871099480811,24.733284689470537,24.733284689470537
-11.040432758304917,8.300686606415447,-4.645430122009087,21.01951473809331,20.726180909487326
-13.272442611496027,9.979849610514488,-9.313132568056108,24.685146941393306,24.685146941393306
-9.878537633820024,11.864207643996068,-19.338960930577827,27.876763169889465,27.14372069966936
-7.364430478811155,14.679285761064989,-12.698245239859993,19.82749987528585,19.82749987528585
-16.87262536923197,13.27343526438522,-9.483247801194388,28.74988164082312,28.10202934123329
-19.53467938073765,12.915860863496,-2.796660563035765,29.285273214233477,29.285273214233477
-9.949710918602612,12.569927446964932,-5.882075143393841,20.266845089973177,20.266845089973177
-13.95641103390533,11.397930677138667,-18.778177097034387,Inf,29.3766919988863
-14.856559206062974,15.988077493253314,-0.5411444077448309,25.521491096024775,24.588872128284816
-10.437152403905863,15.949819065558373,-7.099298760305661,21.38363730818118,21.38363730818118
-19.521148540882134,14.535467913599717,-11.809238353001712,Inf,31.846042354772127
-10.434114588394898,15.705489122520376,-13.150965206989937,23.095681210574853,23.095681210574853
-5.602807998192878,14.667696110247945,-11.876476949099812,18.09772276294599,18.09772276294599
-5.697208508287126,9.635313155800738,-0.14450898524103195,13.906880592313865,13.906880592313865
-17.601415417191273,16.275223671300402,-0.6550869016010452,27.981976499957298,27.061844874421972
-14.14670181269571,17.86607955346583,-18.46706060337958,39.265914119341375,29.28445973668403
-18.03737376417029,18.482789424072593,-13.568082973728126,33.193625683289184,30.807908612199373
-19.908798516014585,18.352884089993324,-11.656102213684871,Inf,32.73309768064822
-17.33646719218708,17.322281679648704,-12.843672613368584,Inf,29.80782660072307
-19.368622474951394,19.893484953911447,-2.4493984220434157,30.392346509802003,30.392346509802003
-6.591712305582318,18.77180045320607,-15.682428694547221,23.386821283334605,23.386821283334605
-5.466594548374246,16.437709602916485,-13.153367815612178,19.766045262320578,19.766045262320578
-12.05220206315416,16.50529143952351,-13.347696154530322,24.900101343497465,24.900101343497465
-12.81979611373198,16.893404665666445,-19.564293368198644,Inf,28.872164249105992
-13.719555559521535,18.417022383072194,-8.161110885614162,26.27385498522977,25.624946973296318
-8.8278653067057,16.647250108227986,-11.060232009927713,21.088157223158717,21.088157223158717
-13.83304863168429,19.65156531172604,1.113590412397567,23.80478305114074,23.80478305114074
-11.708116779385866,19.389466987733854,-0.62479528685083,22.526994325810776,22.526994325810776
-3.8074842273045277,8.67172683892031,-14.885050208675663,19.698319315817002,19.698319315817002
-4.615042825783471,13.951301906729114,-3.594954937592256,14.300456073623566,14.300456073623566
-4.740450369083309,19.559658675507606,-4.6447481794842815,16.563306370511533,15.794847500531695
-4.5532221575248055,16.02151128096051,-3.439933834351372,15.393104094850127,15.393104094850127
-4.918537772625449,8.862237237907415,-2.17148987224542,14.099468475194048,14.099468475194048
-8.29616504043309,18.406466945036463,2.1153527801530103,18.041895086998903,18.041895086998903
-17.114655371723202,18.695653830876495,12.887707547787066,31.057221701126753,30.237697958427383
-15.485541885606073,14.173475748612546,11.47584292676634,26.53606701786971,26.53606701786971
-9.063870931146685,16.838329299112132,2.5255247778785694,19.054776483521685,19.054776483521685
-10.699180668581434,10.058292686059403,6.297708217049561,20.09335326805276,20.09335326805276
-9.537479164932003,8.615221086125835,3.9621219543160358,18.969368341935777,18.969368341935777
-13.05832302037989,13.828384662252844,9.386359077763782,23.314821601444976,23.314821601444976
-10.06907593081702,12.473355838827054,6.951215159305654,19.4655212634472,19.4655212634472
-17.331823500564738,15.589095855070461,4.370590796520002,26.035361410946628,26.035361410946628
-15.031904926247401,14.595744361428125,4.994444627588432,23.453585618793074,23.453585618793074
-11.020274988760583,14.210331360095907,1.9017530404849197,19.705716811028672,19.705716811028672
-17.407584700587453,13.044189364480474,6.642178817923188,26.73477522940075,26.73477522940075
-16.172258763108385,13.378296998726654,8.10634817986804,25.74262979225647,25.74262979225647
-15.420987950565292,10.80821567683249,6.323919126914319,24.01183019183062,24.01183019183062
-15.019004582805096,16.520411838487803,5.569899074696643,24.047331809742303,24.047331809742303
-11.984534142222252,17.441523201829625,3.164311838521421,21.687094676674977,21.687094676674977
-15.96230021656904,18.34687047919735,3.677726952025033,25.798769726291052,25.798769726291052
-12.125045959352247,14.51698519957408,9.92760370496135,23.08789457801452,23.08789457801452
-8.75728625388275,9.88802496346663,9.600674089413381,19.387238598566665,19.387238598566665
-10.080544349264091,19.404949539570275,5.300279592553807,21.71454140078922,21.251554592424164
-7.981757165792427,17.37590685230507,4.494355175401552,18.686103513955228,18.357991454579476
-6.251073880978204,13.084562359433662,3.7729710926296605,14.46032911820776,14.46032911820776
-7.066261235629776,11.566252560585298,3.1019753395287424,15.02534032272937,15.02534032272937
-3.9601029583890046,15.78838673788762,3.6275491386978764,13.94831171758365,13.94831171758365
-3.127015257663281,9.273203469609605,12.924336823500525,18.678428591721104,17.48076652731516
-3.212427954042923,11.053751856500355,12.78628270938281,17.558498205244376,17.558498205244376
-3.5962148496673763,8.575561512843166,8.252951756946292,14.068947299707581,14.068947299707581
-5.86267187186869,13.192289427085548,10.766740076813484,17.3458318284371,17.3458318284371
4.051623208546651,8.40272202140211,12.335957298177,13.761419307316608,13.67023183574022
6.350182301781835,4.156072358329823,-16.872746833531327,20.283216744773686,20.283216744773686
4.973370468171954,6.7281521052319775,-17.41087621350446,19.962782009450365,19.962782009450365
6.911061546838361,3.574663032764107,-3.2493644565839546,9.030646844586142,9.030646844586142
-1.8855544950985674,4.366557843247271,-14.208832142040064,19.58434616798806,19.58434616798806
4.24019275011397,4.301142122470047,-14.622622041928484,17.574984064092853,17.26242330328507
-0.406324515777321,4.051748336748062,-9.198496339331426,14.545560999282927,14.545560999282927
1.126147962912576,3.518103116262399,8.851148244352238,14.896409743668114,14.896409743668114
4.621099215290112,7.909144748978541,-0.5533423320049096,4.764499277436381,4.764499277436381
-2.0967781393167755,7.181124220031371,-10.442217007559105,15.096746069943073,15.096746069943073
5.763844344733187,5.667143856094317,-6.349661207722814,9.052698227396737,9.052698227396737
4.439487725233889,8.156903473680774,-12.270332415918048,15.131241331028683,14.429554862378488
-2.068451844005672,6.0878528222661465,-15.42269631748268,19.695730442674176,19.695730442674176
3.3682875241967913,7.614375747292765,-13.28046834175785,15.469351189314995,15.469351189314995
4.392149207344474,7.424528715057885,-5.48268079799846,7.6023425316691,7.6023425316691
0.39420963292238653,7.857842880181522,10.13147975189134,13.966494705234188,13.227690597403596
6.172431962674825,11.793121679237359,-15.021942396824528,18.15379568786718,17.301986669720534
-0.4165674473574299,14.323557144835178,-15.376082990481805,20.050612572535574,20.050612572535574
-1.8221573927445789,15.837196179307085,-17.63389459988657,23.433415953772567,22.488959140272932
4.830111882805728,18.27392998129028,-16.661190946853786,18.676538635258602,18.676538635258602
5.493457636142196,8.679759677184798,-17.31570362617294,19.484648943782634,19.484648943782634
6.806588857018923,11.895501958039752,-16.266282570317976,18.068181545265993,18.068181545265993
4.793285661975901,11.722135088613818,-0.018108233437075683,2.2242133411026472,2.2242133411026472
-0.12959049182242666,16.15938131790125,10.59841832616015,13.470331105285108,13.470331105285108
0.3643210256594216,8.50816678444719,-9.926594908440718,13.216267948810962,13.216267948810962
2.9516189342525863,10.245754138869927,-12.059512328299204,14.866534408471246,14.866534408471246
2.899490714270378,14.719561543286503,5.6465025558127735,7.489538203579571,7.489538203579571
0.16122629586249815,11.186733695809572,3.5993709768673554,7.770823591296432,7.770823591296432
-2.325968219577259,8.49066545385795,6.893388733405821,12.700881755586629,12.270788693148244
1.4161438082877353,11.016748485465257,-4.86875066579767,7.473350423756638,7.473350423756638
2.3931966504128965,10.168690605280013,2.2622685584151547,5.449237582575238,5.449237582575238
1.8128951225635603,9.433079800894618,10.648688968609854,12.757342007755746,12.334783513541955
-2.091075822257153,12.294277498696566,-8.468664153680647,12.659104663668993,12.659104663668993
3.3436720190358216,9.129732504744268,8.345016529128245,9.55230185191647,9.55230185191647
2.9926024930369977,9.124211847094106,-9.819926440615392,12.466430680465015,12.466430680465015
3.549762789762248,18.342003439842863,3.8998323561394166,8.20571976391345,8.20571976391345
3.8046139207549174,17.08844807852288,-13.763329103860604,16.490256443237126,16.490256443237126
-0.3547594840224022,18.60774567067064,0.2922194999332035,9.891419622694473,9.891419622694473
1.8802967607025138,18.027622462669527,0.8299291841809797,7.951878788167406,7.951878788167406
-1.4583784498301888,18.59473269889989,-6.035606403690306,14.07923673547742,14.07923673547742
2.4111937888369184,18.69219376587789,-14.601894431136175,18.234022395682864,18.234022395682864
-0.0670633073748732,19.176802628538667,1.0130039440210048,10.220433979486293,10.220433979486293
0.9131417799225261,19.157983551849682,-2.392502206043492,9.695908329073573,9.695908329073573
5.927976582650203,15.701589768325007,12.527001379996193,13.298916561149396,13.298916561149396
5.90913789699842,12.554755153496231,4.848872163917104,5.000929380635743,5.000929380635743
6.829797471671242,17.96096184479918,7.8920597968236095,9.891746198343377,9.891746198343377
5.721846216914315,19.99799313688292,-7.948384895104521,13.54142254674041,13.463928717611893
6.684810514650749,17.539192915564982,-8.961979953723356,11.243628959972936,11.243628959972936
-8.701972559775317,6.010757309533368,17.174204357248698,25.889189357284558,25.889189357284558
-19.629916507878427,7.595952142492386,18.820425569204346,39.53194894063917,35.71036412283549
-17.43860215343644,5.617127477460954,19.44711503185065,36.513614078912894,34.3762717030929
-16.93311376482952,4.406902905694974,16.154207789971437,31.220725038405057,30.859823100496435
-15.545984440367082,4.557529665752789,14.318459849107974,28.914909198834692,28.615666186289353
-14.093372589455537,7.326272881949514,17.946332379634164,Inf,29.382471186620176
-9.608387828877065,15.326985092793876,14.06563834259373,22.745813730808223,22.745813730808223
-13.561659615938009,19.85094067210668,13.634885571117053,28.769108498300707,28.769108498300707
-16.435852488741904,18.67500743727821,13.756269465486291,30.356282599609436,30.196402393926846
-10.810632166518399,12.892569862422611,19.04101433231841,27.411532503685706,26.991336343504386
-16.724909015169622,15.565167830726125,18.537618095559587,Inf,31.154155286818913
-10.77432111919773,17.635626919486775,17.78719031132688,26.697748003626437,26.697748003626437
1.1168868664956655,13.864116590516112,19.930533587797285,22.878638463505926,22.31751850868002
-5.95776012197426,5.002282406611506,19.714234662374885,25.133748106043452,25.133748106043452
-1.1500873983280258,7.874045354138097,18.954306163636062,22.19586261799842,21.712403750457327
-3.537108475252424,9.968719381201218,19.06405549625208,22.743724838951245,22.743724838951245
-6.846194149432279,3.7106676058589017,19.348704506268078,26.747041065183573,25.75328193800172
-0.179578276868952,5.860873500873538,13.75750881670762,16.790658336498176,16.790658336498176
6.833369142668602,5.299977501275606,16.243976405468878,18.053331942180876,18.053331942180876
0.6705159951009492,6.540318652723602,15.238846007150698,18.59124281891272,17.386567107662355
-7.386824450766296,3.6849607506703492,19.854761299336438,26.47856221425099,26.47856221425099
-7.858580718472945,6.523945027023981,19.95323894698852,26.38871796160292,26.38871796160292
-4.412965489580847,14.820082040604149,16.834341187736626,21.153283523537002,21.153283523537002
5.125544343979946,14.864796217949788,14.789633110973107,15.84128224956452,15.84128224956452
-8.420817184343212,15.045519198027712,14.852762348321598,22.130636635353827,22.130636635353827
-0.20301035037368464,15.880892789590419,13.655340853331246,16.156469263392957,16.156469263392957
4.3893184423416365,18.616058747839602,18.44321657366948,20.07115404392725,20.07115404392725
-8.02638689159691,18.362567872474933,19.765813422594398,27.001321618598883,26.568542523465354
0.49492661747465405,16.975743153573156,18.558769006227777,21.228886929676044,21.228886929676044
-7.189476450202434,18.672974898375628,19.295908865182312,25.559789877015163,25.559789877015163
14.024825398602317,-10.913760903513614,13.696476846194408,29.305889159722955,29.305889159722955
19.91579899643498,-15.687579190410199,11.453536996741434,41.29476028715733,35.37039994411702
7.783849420696534,-12.325390442559403,4.74455104529585,28.50789171581453,27.508713583450223
7.122258427834723,-12.10735704072027,-2.942959576094559,25.861695611505834,25.861695611505834
9.99105464251235,-18.158120996108657,-11.909452283660418,33.111821727042866,33.111821727042866
13.178338939452566,-18.52296522212539,10.932782556825515,Inf,37.445578085781136
19.650724188992328,-19.94203651118206,-14.972777407114615,Inf,42.45645964658949
8.431855209691399,-19.651393458372574,10.980481874367428,Inf,37.15117514651802
14.621047625074027,-11.379911576535422,-16.625270685795883,31.257129144268255,31.216742207279594
15.010362470743686,-12.43731688526121,-18.270486770836072,33.03687045239183,33.03687045239183
7.9168243670083704,-14.907531692008735,-19.73708095265181,Inf,35.25205002705269
18.232076082135443,-14.411564216271415,-18.703537811698983,Inf,36.258456624355894
17.015235150902164,-10.936725580889268,-19.688369360688505,Inf,33.45640527239493
11.330564259021642,-14.40333705339933,-6.041245342454653,29.810500438901375,29.70980121454182
11.0497431250492,-17.103731346001343,-7.204905722828343,32.833215625783964,32.08505137098729
11.15282519869708,-12.920963980171347,-7.125769557119277,29.053684499581564,28.868519448699857
9.75030468167403,-11.512914700628274,-9.558333379404047,26.591949566606004,26.591949566606004
11.879464702749836,-16.17466313276754,7.5157906987094165,34.77452829366253,34.29392026328628
17.49468475580094,-17.365247989201933,-5.8809489614986,Inf,34.7040277053195
19.8707293588496,-16.3173972894338,-15.234782192371279,Inf,38.32106853717871
16.34994301024257,-16.32017309722448,-3.886615440766832,Inf,34.264889739171146
19.936124705306824,-13.177614956435129,5.196591897449842,30.814437805074032,30.652472418151337
11.374252306526714,-14.711404438908051,-8.584398186778177,Inf,30.148959322885673
19.486286493459588,-13.853535965131236,11.021710820775628,Inf,33.50593103522317
15.7913312444418,-11.225269404784903,16.579179166948038,31.849895691557627,31.849895691557627
12.820209992949543,-17.70531658232512,14.248789173834169,40.307204947551526,36.22552612427505
15.335864444421013,-19.651794461369512,19.344607418800308,Inf,39.88449565198989
13.90783069268268,-18.485143445207378,13.38002789496042,Inf,36.48251107161704
11.552968843653588,-14.956181919383393,16.07233500176838,38.68812875269126,33.85248753626732
11.215387224404878,-14.412875841170187,14.54408389749021,32.76515261519393,32.76515261519393
10.953395905307843,-11.817620748587023,14.69702417059569,Inf,30.61446084512854
13.536317227439476,-10.982915978330121,12.921635321477993,Inf,28.957116532388657
14.558555333935189,-15.47773175567599,17.431947985090027,Inf,35.22775054046975
7.4427273394978855,-12.858465490124518,18.043007497873617,Inf,32.04022916345575
9.914140848586868,-11.361492502430597,17.771280545632052,Inf,30.823626027147853
15.517177726668791,-12.825552824361717,16.629892360167524,Inf,32.84685852051061
17.567883531857518,-17.184122634491263,19.016591069601567,42.34157895702856,38.25990013375208
17.063993167593843,-11.132857858794543,15.027757025516102,Inf,31.541415931000813
19.456899298327706,-2.0422617230782336,-13.901817488863575,24.818226281298617,24.818226281298617
13.365721285147757,8.560559911402699,-16.99177360490065,19.7653830913257,19.584288984529984
9.143322457767553,4.704377238026993,-16.280914957891277,18.84857849895993,18.84857849895993
12.920679439972027,-3.617841261975137,-19.470372092595216,26.800406919499395,26.714922023666393
9.028278344364445,-10.575595237547057,-18.983592240776403,31.029185455477002,30.71677179653603
8.759634461238157,-1.4094736808817743,-15.394157188694333,21.162801486261806,21.162801486261806
7.859937260584815,-6.1891691284347505,-19.119811155029282,27.289418913610234,27.289418913610234
8.745553083969053,1.0451046875752539,-18.031741841658537,22.565784129228348,22.565784129228348
12.44427781213362,2.8357776641035244,-15.843127118251257,19.381979737275977,19.381979737275977
10.178652612076739,-3.1643574344586227,-14.960733403688149,22.206002151381675,22.206002151381675
11.884757387116565,19.307632178888625,-18.624174441695676,22.472414505610477,22.472414505610477
10.143489771187618,12.778397531522742,-19.718569099949327,21.204985503216136,21.204985503216136
7.413776169656927,17.912277961881628,-15.284231463502582,16.71985807082625,16.71985807082625
7.4106443136783895,6.404832925213675,-14.902729825487473,17.14247109158477,17.14247109158477
9.127297266105423,7.840396401976797,-15.753213139946594,17.42033815980397,17.42033815980397
16.72236427337522,6.237385622086677,-19.522013547712326,23.03083687433241,23.03083687433241
14.84718488857267,-4.649149055331385,-17.611550289785143,27.01092766587819,26.555232833460412
16.74323455816625,-10.261092317771734,-18.373300388675695,32.98329526537969,32.14810658996322
16.066601580011486,-5.354111290526289,-19.11168489326867,28.46980852953189,28.45256347040108
19.473188754231792,-10.392736167143042,-18.235179923462965,Inf,33.772662973530714
16.502636167045452,0.050317369867958206,-16.62161029894902,23.213730655223323,23.213730655223323
15.331273952842103,-9.283386482958607,-15.787454429305976,Inf,29.931228847994007
14.150528935803251,-6.019384610771912,-15.66534898217693,26.487081282140174,26.42004830627672
15.382516787680402,-1.0628428445703904,-15.412020609473256,22.769169068369592,22.769169068369592
19.670079955186218,4.504461427462793,-14.62089284952218,22.076964211005865,21.39781720728023
18.105717455212428,10.19265496939802,-16.923982300683996,22.88669715408527,22.88669715408527
14.555941043305666,18.816758680074102,-18.31222680806693,24.529938752782563,24.529938752782563
17.01482533240189,12.613795690051674,-15.151627476853955,21.214107672324857,21.214107672324857
19.535254811268388,7.296526598985487,-14.339676556033538,21.69086990214629,20.955603546950393
18.528952873596594,15.728489051297679,-16.485315468457557,23.099097191730014,23.099097191730014
15.641759849102613,4.93622876005589,3.3570526884792073,11.655328402625514,11.655328402625514
13.153097737423707,6.210526780396357,-12.467931829889904,15.125114017834292,15.125114017834292
9.607057232482006,1.4571882426021432,7.99921534069572,14.976138908564046,14.976138908564046
14.606079799775117,-1.4271984321499431,1.1135399490641333,16.55857998829422,16.55857998829422
10.035275139427775,-4.423656679323935,-13.338612948603963,22.712501167303365,22.071641285431124
9.890585705887716,-7.6661561379747845,-12.469254191701982,23.94674457671703,23.94674457671703
14.317586280676565,-7.806194364456074,-13.048517906493666,26.72255648785777,26.72255648785777
9.878487112301961,-6.6530915537749635,2.5247864541242677,22.06663123489789,20.864651156596096
8.016906339884528,-8.986210250520523,-9.874004291007452,23.511600022488416,23.511600022488416
9.647913558678269,-10.784833564712786,-9.173056065867735,26.038764201650462,26.038764201650462
7.141956707894259,-9.400950215189274,-5.3381485276229945,23.24828645065892,23.24828645065892
9.366642761782913,-5.986337486770568,4.361480209611237,20.963824707232792,20.963824707232792
11.287650171206131,-7.998607374805831,-10.215874589656417,23.24020693140355,23.24020693140355
10.313122650570456,-8.412590880961233,-2.4055917777598594,23.15429400338961,22.429660421067897
10.511596380806107,-6.082110268549883,2.0374740555124404,21.243637651385963,20.35317604241205
14.13920044989149,-5.79062544789303,-7.927819716194069,22.266289892539415,22.266289892539415
12.257382460590172,-6.918545257079014,-3.4039984545069473,21.720047065569993,21.720047065569993
12.606646728588942,-5.937255694366836,7.157958949062973,23.00004385557054,22.828256903257152
12.772982329791105,5.348805282170517,-1.7466369478590522,8.97866675972494,8.97866675972494
11.48322583736033,5.340375486905337,-11.59154109493925,14.354792167091112,14.354792167091112
8.475835540502619,-0.8160166363340267,-6.152948797584781,14.522221084563682,14.522221084563682
8.402956896854885,-3.099002406895579,-9.781913826363002,18.48780093048903,18.48780093048903
7.256781495432961,1.7936469516362479,-9.40684308789721,14.208200206181388,14.208200206181388
14.371809778148695,-1.3305298971046824,-13.838379448678362,21.96354886008816,21.813013355708456
11.853830906948577,0.45693766491124777,-13.251689479625393,19.2039964790837,19.2039964790837
12.556904522279538,0.969882723621545,-12.236256705594455,18.4734659915759,18.4734659915759
14.433820804451514,0.5328877121483728,-11.348603607774841,19.329429159757378,19.258967909068716
13.124578777859355,2.3774334606298524,-9.262503986683619,16.306928295069916,16.306928295069916
12.125029744089197,-3.369419415061632,-1.5255766613748811,17.723731200597108,17.723731200597108
8.677334413828302,-3.492816381449167,4.600397604860021,18.953756201071123,18.939996085157098
8.286185757862292,1.2369763701974357,-0.26377409904361215,12.382539707946744,12.382539707946744
7.391383672651315,-1.2894461730964153,4.685673732803053,17.286679025092635,16.892294681151697
8.602550627185892,-0.7591125156747403,4.691018519853909,16.224508523141786,16.224508523141786
8.37614087678115,-0.5225956953758271,-0.1672105118169398,14.002663737060178,14.002663737060178
8.305465958704453,1.116892130679858,5.026527335499502,14.295721624916201,14.295721624916201
12.148053577182516,2.1913419293141168,-0.9695537783600656,12.289855220502535,12.289855220502535
14.113954234974187,5.685952304116935,5.4757542225430385,13.902922017918716,13.902922017918716
14.908396874803095,-4.883392281104895,-8.775514423830817,22.57201862358167,22.130823276355976
15.307512894117579,-5.604777313762881,-4.613334931435293,21.457123053349434,21.457123053349434
15.365345784507028,-6.05874976517633,-0.5508538830866598,21.15497178584522,21.15497178584522
14.824705907849982,3.6542954948659023,7.089601144261213,15.685570084470134,15.685570084470134
15.38166988756872,1.7168087538343535,-5.378778810063274,14.739665289765199,14.739665289765199
15.301842626680262,-3.196024802539714,-5.985657937976807,18.846724042311532,18.846724042311532
15.101104179594017,-2.715710261860167,-8.862060445093043,20.384060110285866,20.384060110285866
15.538440304040208,0.7583809802689423,3.7466317216503775,15.852572596444741,15.852572596444741
14.074588043988726,4.9816087024142774,13.364938982077362,17.345351857420546,17.345351857420546
9.78233323059434,-1.6543485265724733,15.797226261191177,21.383227151137817,21.383227151137817
13.277727984229855,-3.7273059803051893,8.71717715897443,21.36896874265182,21.36896874265182
12.62723711632124,-6.666908105227618,11.48797572066129,24.319258140832545,24.319258140832545
11.988813291878646,-3.0337276763012966,15.753373569151691,22.83945171052458,22.83945171052458
9.23848909689168,-5.261870939103499,8.813112895932047,21.75434132426801,21.75434132426801
7.826364538069264,-4.516655860248724,15.1608628412367,23.206219698722485,23.206219698722485
9.326544143280621,-2.227299435603804,19.195214725783593,24.457865796183583,24.457865796183583
12.79505926814796,-9.276079677464004,14.767621096663149,28.51354167444596,28.51354167444596
13.48541741476609,-8.126044790439373,9.5206868224777,25.84531388111917,25.84531388111917
13.737335683489235,-2.0440601768621036,15.587666803807991,22.925907058456445,22.925907058456445
13.771660151084511,2.60312961749176,11.14010420277878,16.912085897544905,16.912085897544905
9.010773070888707,2.7154042304266035,10.70749351215892,14.630788799407568,14.630788799407568
13.223256757168514,1.9808612971047346,9.829974717405978,16.46484185273067,16.46484185273067
13.555314511145475,2.841948361279112,16.842926860743162,21.461684091519782,20.628040887842957
7.331952752220772,3.900504851802875,19.99733859838905,22.09001833866733,22.09001833866733
10.724340414843692,2.3380318718247217,16.672111271059492,19.650812213740565,19.650812213740565
9.713260901838208,3.935291492866515,19.560685239512445,23.59519719299251,22.652973442983214
13.819390749931635,2.122226401685001,12.624732525393611,17.992750860871002,17.992750860871002
15.10163045755342,-4.558060251193732,15.185886836285732,25.243941541339943,25.12345475539948
15.609090690069806,-7.079892201334346,9.904367431149836,25.621557034264804,25.621557034264804
15.209434453812314,5.21984263930765,15.012275645403932,19.359886509621177,19.359886509621177
14.16515639352346,3.74732769799774,14.084817789069447,18.331377302296943,18.331377302296943
7.745138509362075,8.048360211287921,-13.209196619685741,14.758960440010135,14.758960440010135
12.285238721806742,12.16596673636871,7.296428364316434,9.011057661543823,9.011057661543823
10.442111071333812,6.9956912290845,-9.409489925152963,11.489675479563086,11.489675479563086
8.673733190083848,6.560521093826619,9.197288397976866,10.82429635502719,10.82429635502719
7.973112495767857,16.750487646602856,-8.259414665558893,9.577682988468307,9.577682988468307
9.166288703525282,10.281195356286563,-10.901033740348272,11.988702605623438,11.988702605623438
9.690004518692852,10.321834972224899,-4.176166422104348,5.243350851902551,5.243350851902551
8.842852704710964,16.28041585877397,3.1929065537833345,5.6491342944292615,5.6491342944292615
8.49259490754352,7.482480840231833,7.429365913283384,8.822204757902323,8.822204757902323
9.459795172425967,13.449334926299166,3.708894805890992,4.680498338857293,4.680498338857293
8.77300145073341,19.77629325583721,19.939623744286607,22.223284624308512,22.223284624308512
9.587039075674369,18.79453446218455,17.142349426905135,19.580145592035517,19.580145592035517
9.43730819496291,18.352215195668776,-4.972341214365992,8.427056798277874,8.427056798277874
10.852077176694117,14.255366040870221,18.23824355306524,20.977237789748735,20.977237789748735
15.207020166583156,19.02104720843024,-7.120463960839443,12.936432697437187,12.936432697437187
12.631719161118802,9.69640704969299,-4.286307526973241,7.442797418054873,7.442797418054873
13.074212061128819,18.32882193173802,-7.9080281323717205,13.101013864520551,13.101013864520551
13.867227121132657,6.3842568048875314,-5.883672916217053,11.23244835667428,11.23244835667428
14.290155141183476,13.55119364427894,17.13827356161054,24.087120157725135,23.08738247098615
14.271136763214784,17.509372938966933,17.70292087633208,23.282229860007874,23.282229860007874
13.423553191752369,11.804057143248514,-4.2161488049150275,7.686113449303907,7.686113449303907
15.594278995398767,9.357952762730484,16.93655671798477,22.37154998948148,22.37154998948148
15.424488763918575,7.483182334410152,0.9245913894338926,9.603568190781495,9.603568190781495
15.428094959491936,13.225562371062871,3.3168930218382258,9.139834084374712,9.139834084374712
15.597164584321028,19.817588301438704,14.483725521525479,20.566792420876666,20.566792420876666
17.011359267949338,0.2447214509658302,-8.378940335436456,18.35965599598075,18.35965599598075
19.950169123310665,-1.2733710789445567,-1.5770634666320227,18.745651206949084,18.745651206949084
18.562301578578214,-4.651198676920512,-10.051306898453083,23.760791605335275,23.254385210513902
17.437012827323798,-0.6895469695731222,-11.796381217557235,21.92798061924794,21.11891331056136
17.313591424980103,-8.299217355117081,-7.167836799891987,25.54532765775611,24.45807453196204
17.351983372115207,-4.908311959164733,-7.420967336602002,21.946945891151664,21.87906924901498
18.542309213062552,-5.770480468859658,-3.092902039462409,22.521038609788626,22.521038609788626
18.691777318982396,-0.9838220307164462,-2.2755073315025243,17.662790589489983,17.662790589489983
19.144452421963067,-2.564675631579611,-4.28549497309894,20.259724007117573,20.259724007117573
19.3159043688392,-7.590777865812877,4.886973732827027,25.18475883103076,25.087185100519203
16.752089226819358,-6.356788994067104,-0.4061030535104564,22.01534560740472,22.01534560740472
17.09916483906067,-8.229896009667383,12.504180015100594,28.384529108030968,28.16759281522921
16.778707187219453,-10.494779072456728,12.862922099957885,Inf,30.043226552312007
17.310480119139235,-5.798556880080996,0.8700089469495964,21.70463314743141,21.70463314743141
17.406698737066435,-5.091454878162365,11.27503203333358,24.7830404673659,24.7830404673659
18.929405929503524,7.978704322335197,4.194756332971643,14.422693125463358,14.422693125463358
18.944760629172357,15.759304044514849,-10.018681551190216,16.61903547340076,16.61903547340076
16.862573452213105,2.7743717994275414,-13.803727633990484,20.341296797336184,20.341296797336184
18.693790073896622,1.2103685018637655,-9.512189729914313,20.606276087093782,19.18423836751105
16.525466391278705,0.5520550954816699,-6.366808354701341,16.623006679810977,16.623006679810977
18.74915710681052,7.032522207941856,-2.9015593085195235,14.257256831538172,13.979991433107308
17.903614973456705,6.127053156240649,-7.523265656047355,14.585000901730503,14.585000901730503
18.44385819036009,4.6764113058559715,-9.16328220382936,16.540390471278755,16.540390471278755
18.176229138881297,6.1773014783943765,-9.570431548259482,15.87177491166506,15.87177491166506
17.22180661934903,11.47220514512588,0.5155946009207852,11.641900227341484,11.641900227341484
16.262365505580185,10.284783168257352,-1.0220701139874322,9.475125901894984,9.475125901894984
18.154957613911492,13.593207427370757,-1.9050163688484467,13.247460379881126,13.247460379881126
17.41089287493027,6.349917442093336,-0.02795588060989118,12.080953286011923,12.080953286011923
17.318704424925826,3.7723026090605245,-1.9913437183478706,13.79622126881376,13.79622126881376
19.889098728996963,16.03316355649264,-5.938742648939801,15.601664579844225,15.601664579844225
19.483423356583984,5.268792716273303,1.2656287266290889,14.239814287982263,14.239814287982263
19.993347340520486,13.62042647357967,-9.732389902249121,17.405292644105998,16.45482535843133
18.969340762077934,3.850872928960243,4.417591288515517,15.31258613686547,15.31258613686547
17.372061446757144,13.441909359639155,5.144909493510532,12.722024992299279,11.817044562424865
15.950671492274694,10.335544089944044,7.385718506274522,13.109083672785765,12.764198067066161
17.899799089006343,12.531212652429318,9.042718419182112,14.902256321566268,14.902256321566268
15.804602244603785,0.8293286501799386,7.901809731190728,17.782967649150038,17.782967649150038
15.900767766593205,17.71225595977142,11.332932097594028,16.76520086450903,16.76520086450903
17.11385171827927,16.07660059581974,15.262549333952379,21.1911281987235,21.1911281987235
19.785106207647843,8.908123125540499,13.232784136878657,19.900625512551027,19.900625512551027
19.779239888776118,5.617082787742813,13.620901972589138,21.47047889676969,21.47047889676969
19.180506714201755,0.6915472158148646,16.570799272081402,24.70880916224621,24.70880916224621
19.17281263431807,19.60594989497443,19.991742578739455,26.213341066952218,26.213341066952218
