7.0,12.0,0.0,0.0,0.0
5.691732571980992,-3.4168824714577113,19.407501660922584,24.820212519651566,24.820212519651566
-1.1982874020153567,-18.986794157699194,-9.275215818084908,Inf,Inf
5.738719439244129,-8.967873838739688,-14.840204982278813,Inf,26.694207544080566
-12.566410910810424,-13.162406662568626,-18.119718047892786,Inf,39.08800916960927
-5.469052611077503,-15.025454299710166,-19.893256765597613,Inf,38.402705001664486
5.343560214799609,-14.90486898299129,-11.778597372107944,Inf,30.583563442605218
-2.1438926566575134,-16.672500642065415,-9.765825061856042,Inf,32.452461970823606
-10.575971541139175,-18.265280679650164,-14.008373375383583,Inf,39.133551122644235
-15.44717895943073,-19.02175718904455,-17.37777846064872,Inf,44.437742579948576
1.0263711094033212,-17.144139686640962,-18.86609608526893,Inf,37.90035526565217
-3.9204991108324805,-19.527751959698296,-14.733794714774593,Inf,38.118108986522344
-12.327683831606517,-16.9662294965718,-19.475210258139192,Inf,42.134991006984905
-7.349699770679461,-15.80440386497461,-11.262512382115801,Inf,34.23139440181747
-12.000464550870191,-14.538757888513052,-19.734271700266667,Inf,40.103116276870644
-14.711360637166297,-16.595585221133675,-13.30292049482713,Inf,39.847353054791874
-13.973978430523282,-13.30903400596327,-17.167492142039393,Inf,Inf
-2.7426843554653324,-14.234591602475888,-15.786425345007915,Inf,32.594267442004906
-2.0986051384353743,-15.626234192784114,-17.00915577700848,Inf,33.966652902383366
-4.811198190696926,-15.72393408296656,-18.003630510352686,Inf,35.97256424009269
-9.584063023731728,-16.489215675942212,-11.38552393544189,Inf,36.01493377879643
-6.97343371880792,-15.315154050347877,-10.914001201622234,Inf,33.548336164201416
-18.711705459280132,-9.14133446213393,-13.608741239089284,Inf,Inf
-7.606290704451375,-8.241764790861215,-17.32892016172915,Inf,31.202086401375276
-18.751258700299623,-5.508264059275456,-15.508767191072792,Inf,Inf
-17.295199750988548,-11.322113502606665,-18.684234972804017,Inf,44.07144454448925
-19.263640445226926,-12.217259339153035,-19.87707780208323,Inf,Inf
-19.525948812924476,-9.4656222340413,-13.730545704911137,Inf,Inf
-12.453607637257917,-8.407110649496863,-13.99149318457658,Inf,32.685970344253235
-18.32874080989572,-3.541571559346572,-19.695718255341337,Inf,39.369374748495
3.9726465443868904,-8.315354974139781,-19.113872694955496,28.589642527800684,28.589642527800684
3.538418828702625,-8.861335903609406,-19.75392213128088,29.536380171159884,29.536380171159884
-0.379579434627324,-4.2880124124264185,-16.2192042066011,25.135769199267695,25.135769199267695
-3.599544974507989,-5.402178342000585,-18.203838244002377,Inf,28.455010097691407
-6.059147543231607,-3.537978375876314,-16.805191866121714,Inf,28.53391701182517
-1.6501811793555348,-6.1816313437806425,-17.684960795928326,Inf,27.47456724577537
-11.44414945270122,-12.380474582642371,-11.733255802122367,Inf,34.20777570279797
-12.963935684844676,-10.4828858377895,-10.580509058379537,Inf,33.10447893581626
-15.55650696369244,-11.687094381979799,-12.355352307140981,Inf,35.94876636721871
-3.21081315964598,-5.139740810617672,-11.630069797080473,Inf,23.365016087823737
-9.576283309454272,-11.687710387530528,-12.396341344626691,Inf,32.529201152130085
0.7391551646732992,-7.4377716620946455,-13.563768757970118,Inf,24.64064122185439
4.816575615721732,-11.694836439214047,-13.050492255963562,Inf,28.020845280054793
3.9527790735226453,-8.627371348078077,-9.73361588678653,Inf,23.836475328864594
-6.863719763572362,-5.9917252327939075,-11.713920836908853,Inf,26.556872435359754
-4.454772615030569,-12.974061511233925,-11.252394548086864,Inf,30.89880579459825
-6.280170206433455,-3.980492749105675,-10.312789472945756,Inf,24.245642344327244
3.539421074634106,-4.798386998540911,-10.202830636124443,Inf,20.451082053197144
6.600150387999292,-6.8669467719561705,-13.441353942968748,Inf,24.027235093979954
-16.878296454065538,-12.224341507536591,7.321440397124974,Inf,40.272398393071434
-18.13452602429588,-12.441639031705254,5.024348792811999,Inf,39.47351495848474
-18.70440166001856,-18.50803774575379,3.026372506122918,Inf,45.8858359766631
-17.269808423580606,-17.359523735094058,0.14119899223969057,Inf,42.01719624529398
-19.554906355888477,-15.24909861328295,2.2618948566976727,Inf,39.70536968405244
-18.511839288415615,-17.574074946574036,2.2708615554505407,Inf,41.01313984048318
-17.78259727172241,-12.801931774680702,12.577828489858767,Inf,Inf
-17.652260667235087,-16.950597667357805,18.47890917624465,Inf,48.60837556498338
-17.26151481566509,-12.821996933355306,18.15590297028124,Inf,43.31734427131083
-19.292730741851194,-7.719020170914055,13.412964507098835,Inf,40.69640386709128
-18.979945464177135,-9.905611420460234,-6.596698769274436,Inf,35.31132911953982
-19.943028268556866,-9.722486573498106,-6.00430007247585,Inf,36.088937451798486
-19.307256040130618,-6.983264157177613,-3.4902844684152434,Inf,34.72375768215451
-16.92334431316236,-7.590977021477832,14.206073319479948,Inf,38.66034097186572
-12.963392989601541,-15.415844659522353,12.01784764339341,Inf,40.23794818384738
-11.250003665124702,-17.749840941656892,16.785543125192213,Inf,56.00566088793804
-10.290191233452797,-16.41145806277943,-2.229734495957622,Inf,Inf
-12.450278294028694,-19.502139141749453,-3.134471514310313,Inf,Inf
-15.917649421432136,-17.706373152437635,9.48249513095563,Inf,49.50106846767776
-11.209829629086876,-16.830843166677703,-6.529295261754076,Inf,Inf
-16.735000708437184,-18.260798884168146,-1.7741455901009289,Inf,44.87574098382082
-11.61154205603455,-18.290092867113962,-7.642671477108962,Inf,Inf
-11.823027512268629,-19.4759178710639,-2.8126334705797795,Inf,Inf
-15.724980941385214,-16.9579857061079,-5.385890728875973,Inf,Inf
-11.905812162732996,-16.971279648006572,10.633417158411635,Inf,Inf
1.074284269782666,-18.50534716983498,7.844950135173654,Inf,34.59666414741385
-6.901360883947438,-18.832831974011075,-7.78843557336339,Inf,Inf
-1.9822587306559214,-18.87788488437848,0.2428592767605764,Inf,Inf
-8.582934646887903,-19.950782632656015,10.640129364660353,Inf,41.06530281311187
-9.49150593401515,-18.968020125954634,6.391416534254208,Inf,40.45036280453656
-3.2083743772065176,-17.167334488485572,13.429773016136373,Inf,36.693905315935
3.7736090645076885,-18.40755624499579,0.3987981180181599,Inf,33.190870772802995
-1.1507950726753435,-16.11188500328506,-1.572933543886208,Inf,Inf
-4.56040279922421,-17.96976782770269,-3.0597760482284,Inf,Inf
0.6941698598677064,-16.832113931192172,7.964615920169553,Inf,33.12471557857367
-3.876915852533031,-17.340326074357016,0.9821708849155364,Inf,Inf
-10.044169767982893,-17.535778415274315,9.102969949310015,Inf,Inf
-1.6644909747498389,-17.706087936596493,1.848780763475233,Inf,Inf
-4.796384248616734,-18.347476877624516,-0.6240004802452859,Inf,Inf
-5.713352083721368,-16.129538298398536,10.134512895683052,Inf,Inf
-5.167673474594325,-15.797045465187827,10.692082311570594,Inf,Inf
-10.069159399031307,-16.05246812023359,10.630016821776191,Inf,Inf
-6.127454072208414,-15.604748873811856,-6.076120218754744,Inf,Inf
-3.0174542398068738,-15.868526486811447,5.787109865023545,Inf,33.3772911165101
-7.19449392874858,-15.4304969086565,-8.798523252567954,Inf,33.31410751902002
5.857651396732475,-16.71209632640518,1.9521305850985193,Inf,29.738624280523535
4.607741147075544,-16.78471002243625,2.8990246322471975,Inf,30.314803159852985
1.4045961054537948,-16.607404981810888,16.30100317654132,Inf,34.661761170256085
-1.7890513274769688,-18.098821400958023,16.05677442909694,Inf,37.6299325639149
-8.33754308749163,-15.781424147545033,18.286324842766327,Inf,38.92712490023741
-16.258531545824635,-17.344617567949214,19.224139866500288,Inf,48.634319505601205
-11.933659428180166,-15.933534348119931,19.069250232179527,Inf,45.54729304610111
1.9026887825077488,-15.933122154008252,18.93147298236901,Inf,37.74153312006906
-6.545209238934264,-19.50710090793877,17.38897300626042,Inf,41.67366763803663
-7.0,-11.0,6.0,Inf,Inf
-11.845738938640649,-13.476894044699526,3.0630140178696337,Inf,35.27463514671017
-14.264349711427311,-5.916287095737838,0.5994688877976628,Inf,29.18225092547069
-15.026410027524122,-15.27118818691771,-1.7020903551496076,Inf,36.42615438359747
-11.852961031563058,-10.927419567800358,-8.97402711951842,Inf,32.49730382213364
-13.701984537771361,-7.726756486938724,-3.8712378225779247,Inf,30.029952882690278
-14.534170724922566,-9.851149548227625,1.3587274087763461,Inf,32.27830082588457
-12.930270921860911,-11.557411951580967,3.3879929607377406,Inf,34.09157465130596
-12.655646949794521,-8.480955796975014,0.09232396053770131,Inf,29.73854993333842
-14.479638883270134,-4.078205207715682,-2.6186755443062353,Inf,28.89401222049638
-12.879486196932488,-4.412433679542742,-9.145049448700702,Inf,29.56849287886029
-12.826312502112716,-4.598663267264893,-7.951743669604179,Inf,28.595443071313298
-12.335606242899324,-5.660094046619513,5.7032730256584045,Inf,30.688248462275194
-11.38089005548295,-5.4036054176235115,-6.631395325851868,Inf,26.478724463776008
0.7724254747508219,-5.771493059094226,1.3382771349144207,Inf,22.57323448500039
-2.7432798443964224,-9.04032458239688,-3.234819012978818,Inf,Inf
-4.83259972154368,-13.355674428888964,-4.5769784201730435,Inf,Inf
-10.181027624513224,-10.509125672619986,-2.600397004207167,Inf,29.941739109240878
-3.4935767287928776,-8.255893303224013,-8.322096934694496,Inf,25.262170905424682
-4.354755818268483,-7.75839376135723,-8.181981673287684,Inf,25.11012051525814
-7.9306812858919695,-13.017946917018488,-9.083974603377474,Inf,31.53380587439245
-11.310977316757613,-6.017101839412673,-1.6140400440029445,Inf,26.45367689740549
-9.366581082533116,-9.761119190043939,0.7524147804602137,Inf,30.33344108919562
2.9306463091167068,-14.787716198305842,-5.339660083588074,Inf,Inf
-0.8069003820198795,-11.835130563622736,-7.115661397018167,Inf,27.42848097483014
1.2468631737524731,-8.338331720072745,-8.082356917773685,Inf,23.298792667538294
-0.6880701059822769,-9.298798788601035,-2.293477875244374,Inf,Inf
5.668258747686139,-11.29118030561532,-3.4650006895495693,Inf,24.686462799870593
-0.4010014715444399,-11.493289050985185,-1.3970596135923046,Inf,27.715587753582646
-0.5223565636635001,-10.89748192575688,4.061325958582522,Inf,27.553621608955854
-7.938325089500715,-14.423005015901236,1.9252649107989228,Inf,Inf
-5.380192701318087,-8.654833852091981,4.147242097184815,Inf,Inf
-1.1785836300522945,-9.396235270197737,2.3562635929931304,Inf,Inf
-9.450158980690855,-6.754950640144894,2.9607906419923253,Inf,27.410263548613898
-7.290824451670934,-11.993053473759314,5.008996345720362,Inf,Inf
6.982180642953146,-8.652681513555516,4.797422237377795,Inf,23.50779171453203
1.656201580453775,-3.879998878542736,-2.1989460419372087,Inf,18.678670648178358
2.4481846795078077,-5.216022924710559,-3.1791071885871247,Inf,20.595361261190167
0.7790794863646582,-5.282564160409722,2.6883099893542735,Inf,21.671567396610047
2.0938347239147177,-3.555408740698944,-0.9249292764440114,Inf,19.834132463251038
-8.988369273403638,-15.40204653745584,12.455596029623315,Inf,38.244727926104446
-15.670751073462172,-6.343558138032073,6.091523866618502,Inf,32.93688675003523
-13.065790254802065,-9.34892670179341,18.370939042803812,Inf,39.12693255780024
-12.908708901162997,-9.466718762688036,12.169882740524045,Inf,34.78650518184091
-13.95288256621857,-8.18821814965042,18.238252743253994,Inf,37.887628481718906
-15.995813260006688,-10.229247961497983,12.051106611812301,Inf,36.8114194218836
-9.750226707736918,-6.638980734479993,11.30442479638215,Inf,30.536347663833276
-12.617916942062886,-7.094414029812235,11.541434525052956,Inf,32.87851650872664
-10.606752923615508,-14.223423331931953,10.43362692032317,Inf,Inf
-9.565799485262527,-10.65569170527974,7.692792762508567,Inf,32.453492022320276
-11.219529203460805,-9.102087474765801,16.770351159693988,Inf,34.84934379027075
-11.78918950884225,-6.512349674598861,7.1464441032170285,Inf,30.58233650089916
-9.192111153391256,-6.440379913729055,19.14662580400875,Inf,33.92234366386897
-13.881068346845966,-7.083504990441378,19.256440008676805,Inf,38.003576646248696
-10.524511326182191,-6.216573049866758,10.454834216185631,Inf,30.485140280544964
-14.423989736266716,-5.9474676866198894,9.014535884854133,Inf,31.33190910690684
-10.300586562530434,-5.045154867404689,13.396604531971136,Inf,30.840309734709145
-9.980399763668117,-5.948193047001631,13.60156500253649,Inf,31.448110244235803
-0.8929717889021127,-10.716723046002459,12.698022869040798,Inf,29.47030348509828
4.764454617608152,-13.022741822765651,18.935985598711945,Inf,33.78975049112828
-5.790277340487888,-12.403241653033676,17.952670722657153,Inf,34.68097934623164
-5.989850945171149,-13.557978063668656,9.008822799428131,Inf,Inf
-7.177065462704411,-13.126617690516031,14.16253106013211,Inf,34.49594264977841
-7.411045309630664,-12.023467280747475,8.417360262863216,Inf,32.92310708807659
-7.2437919838044,-10.765190524638939,6.527593867763024,Inf,32.33991645416164
-0.07044763090458162,-12.756760025620233,15.824271142611863,Inf,32.82967495491492
-1.636638093180487,-14.981875429292026,18.270046356680126,Inf,35.897191680742026
-2.7017612053601354,-11.339402626815138,12.43254699221761,Inf,30.343226878493986
-2.1804737132313967,-12.63632552752675,10.73971676336405,Inf,31.344052564313913
-1.4886024688293098,-12.703663931865137,17.41872316364625,Inf,33.51624989484809
-0.0715534426311919,-11.557144102004973,19.92902255267856,Inf,34.23236744428692
-4.837132024663209,-7.738797346201265,7.142641442846049,Inf,Inf
-7.367648059038832,-9.463572618349056,16.465067430217232,Inf,33.10729924725598
-7.667404801575488,-6.8642215752684255,19.73104046417805,Inf,33.25897583752564
3.4745404582523953,-9.552357595922434,9.573777678233498,Inf,24.696123902830717
-3.8844571109942017,-9.597561727936377,11.939651412459334,Inf,29.170599903483392
0.6051985073425143,-8.084616008932457,16.34972085626756,29.728602242380916,29.319961323843394
-1.3995173786474702,-5.788875648859966,12.566678419798897,Inf,25.087360437492446
-3.5971822213236138,-7.544690043347622,15.767123078966321,Inf,29.24541129123433
-1.924509796116773,-8.969317014154434,14.757856076392585,Inf,28.928030369813747
4.004798545439073,-3.5867078080932657,7.406498806863553,Inf,18.32688150389977
4.914799339698995,-5.63567159619911,9.96246495128597,Inf,21.6436145450107
-0.5427597789821093,-7.976977453362455,9.24184013305237,Inf,24.908920098119722
-1.3773736756009995,-5.978957535663829,12.398976360655482,Inf,25.123878005704366
5.179168662315856,-5.130069898512808,10.942756876785111,Inf,21.75662424117654
6.897684367485624,-8.392862449334073,13.053029606744786,26.00543142124736,26.00543142124736
-0.4195784801019613,-3.9579747334003628,10.998429931691334,Inf,22.485076493038065
1.7980370122560245,-7.717787301055257,16.48944355005314,29.170291291287302,28.749053407200783
-0.6516637564461192,-3.7222851481932224,18.83298304966617,Inf,28.470986463317505
3.5931955600550864,-6.335361564168824,17.963177090594044,28.694157701177694,28.694157701177694
-4.261882705198161,14.531511232954472,-8.643397442526508,14.420363051521619,14.420363051521619
5.929103949216383,-0.3777572134351992,-13.89581035131676,18.891119010803102,18.816058013954475
-5.623351409760051,4.568616576875311,-19.922414228058987,26.39941501365616,26.39941501365616
5.105137817565364,4.373581219262903,-8.688147384793066,11.793662377540429,11.793662377540429
-17.494851688374897,4.324032747447006,-12.092382776237924,Inf,29.519772138506514
-18.16879413469911,-1.6368193031907126,-18.78527324850988,Inf,38.507582687487734
1.2328255688742118,-2.6011306971740566,-10.33143006867844,Inf,18.802420628743533
-0.8865240349969383,-2.857578541042045,-9.290898578447404,Inf,19.38604395267248
-15.165443404501344,-3.0471370994005476,-17.32176137782907,Inf,32.48050408665202
-3.0648528928194274,-2.936546003745253,-15.272564781717355,Inf,24.067988121681775
-4.6325181687574535,0.49774985989493814,-16.579885728020045,27.330109932601534,27.330109932601534
-16.039042263481242,0.2764088248168335,-18.71746724357677,Inf,32.41492542250785
-4.856806874562816,4.130678977256412,-19.074734809234748,25.627880211496787,25.627880211496787
-3.64054889737492,-0.18879111853568276,-16.910374292700496,27.33773948826761,27.33773948826761
-10.521696004041994,3.9009424645375006,-11.414432483256665,22.570502099506207,22.570502099506207
-10.791783633287784,2.357931941890932,-11.524326083730099,23.42766325491727,23.42766325491727
-14.026397649124736,-0.3679517650777626,-12.227979143757182,Inf,27.56985192306687
-11.627925597596827,2.365416057320637,-12.10360143900016,Inf,24.339096394726717
-9.794316590308405,2.869671174258528,-10.348351048296358,21.919567491026818,21.919567491026818
-0.23022062568948343,-0.10636516645850236,-16.428716802665974,Inf,22.692349701851732
-0.48347787434041223,3.1065608939003475,-9.602345878157381,Inf,15.388470832299362
-10.987104802915164,11.983778385154558,-16.050632985989466,27.55700830790057,27.55700830790057
0.8780965058122625,7.588509338802709,-16.465166551630446,18.440700369405395,18.440700369405395
-15.446814018421087,12.824276565429159,-19.493014104487855,Inf,31.55687860420987
-14.27803783430349,7.120398316676287,-17.356837466780178,29.770307703178243,29.770307703178243
-10.265861825829559,12.539859608422773,-19.69799157971441,28.036086918392574,28.036086918392574
-7.8011388611764865,15.531049159114062,-16.15929046481415,22.78780340840101,22.78780340840101
-9.515379360761491,12.847658778590116,-19.29169559017116,27.254476252260158,27.254476252260158
-14.68824130940928,18.071247710177126,-17.949119299008977,30.343481807260524,29.924881263505654
-13.522454384451672,13.456930417951078,-17.33946369519363,28.986854039184525,28.986854039184525
-12.33540639122424,17.083396382337114,-19.35553484225247,Inf,28.54847542265419
-0.2365771038987674,13.82519994689634,-18.807761165272623,22.110074676879748,21.783483824165703
-4.06565014373129,15.420144983840139,-18.87022781450808,24.48125377922381,24.48125377922381
1.8094441247009811,12.381469961148149,-16.818899521553952,18.58565178081436,18.58565178081436
5.343309588550838,11.125152844404376,-19.1052970573749,20.524618538991756,20.524618538991756
1.3717781316483268,16.74981020797115,-19.93125262262047,23.79380295575166,23.54600264412667
-19.724533712068492,10.936137161069254,-14.379662033564697,37.568576487582064,32.08461048611965
2.0660158210775315,12.301785836201532,-9.775356104488608,13.062859258711661,12.665125449229468
-18.356615845570026,12.043152374519039,-15.522271713361473,Inf,31.183233879176516
-2.191869271696749,10.897869442626302,-15.932711004813527,20.67952428167112,20.67952428167112
-11.243112399244088,6.87784628089366,-15.517921081098489,26.76795688058536,26.757552461735298
-16.35460253116446,9.297151681426811,-13.628830214915197,30.091192711439856,29.832623248258663
-16.38480076674936,7.746149326335647,-12.910279283291226,29.46496204931349,29.0304175082591
-11.29528475075757,5.991761275620711,-15.486329837512178,26.53933242206289,26.53933242206289
-12.417788204263465,4.799473706760615,-13.46270177412813,Inf,25.025616295914524
-14.902015270216564,5.970278326133798,-12.337925443943814,27.160523962656818,26.260773204159015
-19.5026161980595,4.721737789996503,-12.683106642375517,Inf,31.65008721220873
-15.776799234004333,10.338495212685963,-10.28607659701093,26.55098936499411,26.55098936499411
-10.939360316002045,5.85605285019529,-11.79209097101575,23.15882219748854,22.78094969710302
-9.895655852896503,5.467068810052709,-11.982609103568747,22.73009073681677,22.05888399744524
-6.655472473850699,5.9058954938519115,-10.960728061957177,Inf,18.76537811110626
-6.794680525231795,7.6294671021182054,-14.975223514580227,Inf,22.096907482364642
-1.0697566207217264,18.275612379527487,-15.451877884644283,22.820563541132834,21.870360953817656
2.8127990555480125,17.922030620037724,-15.635422028375103,19.20951251778992,19.20951251778992
-17.346157303574536,15.890984099607778,-15.838622651853944,30.195298963053386,30.195298963053386
3.5675549997615548,12.420435275013602,-16.010984305788163,17.30633702483091,17.295729254726652
5.645747578515888,19.465806404623088,-11.58166643517652,14.028607633867923,14.028607633867923
-15.980654075130403,19.63653244097099,-9.993553997110869,28.191516741373356,28.191516741373356
-13.587733429118192,14.898354086185421,-12.811688783846122,25.724780177680778,25.724780177680778
-14.791526054473243,17.626634643060015,-12.98284349578938,Inf,27.069126247965247
-13.449356411288038,14.934247612033367,-11.008480411954231,23.915913964628423,23.915913964628423
-15.756066896203933,16.653808230447623,-12.61097586873495,27.209209224793383,27.209209224793383
-15.411682033729441,13.192058345237513,-11.4726606948504,26.580760794158834,26.580760794158834
-18.759140344175353,13.957196511318372,-12.382560823084159,29.486957964060455,29.486957964060455
-3.303327748289206,12.930872744489804,-9.4312203726553,14.6898047953632,14.6898047953632
-9.647772813792024,18.45079629446475,-11.345029296710578,21.60836850023748,21.60836850023748
-6.996329551494771,18.753005296154434,-11.963522745124866,Inf,20.447090497309077
6.1578056694218475,3.608245533051246,-10.746927392287695,13.731179818610357,13.731179818610357
4.832293287473746,-1.3701677804524053,-1.3456314677060277,Inf,Inf
-16.926706707341232,6.402094787209975,18.53542521983301,49.49340905268561,32.30570527735284
-6.572991645564805,-3.0726396103691016,-4.28553401217588,Inf,21.506163532253634
2.1243316414431668,0.9839564695876568,-6.618750247301044,13.821601496694196,13.821601496694196
-4.078100148911341,2.2783940860786345,-4.745256519018186,15.584222128972929,15.584222128972929
-1.312522511026728,-2.216516880122306,-4.995651539626342,Inf,18.030552549404888
-15.971090078052788,0.489466848114553,-6.910160358383708,Inf,29.378726865466973
1.4903372521495406,2.8156311472133027,-7.843413007446465,13.461649667492686,13.461649667492686
-1.0189355647441118,3.473962862074494,-5.316985953261026,13.339149348507295,13.339149348507295
-5.808316808969964,2.7000538799783484,-6.92526611152771,17.357932368079343,17.357932368079343
-4.429144516660575,6.153358689879667,-7.760714592082687,15.11783701197792,15.11783701197792
-15.958559200322213,3.2350651040646206,-7.152712682876707,Inf,26.00400982088438
-0.7213514221265527,5.889358962994827,-4.962392366752297,11.366543125928345,11.366543125928345
-0.33518709829037263,3.76338184404716,-7.553332214944097,Inf,13.897885616443109
3.071329560983642,3.576171651831288,-7.256815369049887,11.930745480961615,11.930745480961615
2.6221848378705204,-3.0965699722408324,-8.291293361342218,Inf,17.967869093452485
2.4473947044269906,4.273702340958849,-6.722997356803733,11.500795320266272,11.500795320266272
3.955968904349678,5.082249151294107,-4.93935397287208,9.028766238273333,9.028766238273333
-7.45482100428652,3.7125262012996103,9.928573277107759,Inf,21.97066180596667
-18.429024420733793,0.5033128345097211,14.574369923898914,44.6114630473853,35.087072436201694
-18.244556946225376,0.06038914352233249,8.91153467862841,Inf,31.599476104008062
-9.782643286587351,-2.3127169995995622,-0.29164003041720576,Inf,23.362845026209506
-16.933629611423786,-1.8376449865352562,-3.9354683386857374,Inf,30.680218256208278
-14.422826373727853,-2.387661880304776,-0.5637254011635484,Inf,27.011442860769858
-15.99986966814325,0.006983015338263954,5.561136767421022,Inf,28.499994504182318
-12.456338900025807,-0.15275396789486706,2.4551323540745784,26.232266492206683,23.95590360637051
-10.966963596402746,0.2798872212259269,8.885888413420258,26.94689607536973,24.208179111189672
-9.271484630501119,-0.9099868110040177,11.27155602110495,Inf,25.085534186680146
-16.894897169383334,-0.2384760883458803,11.130769096140646,Inf,33.306816377231364
-16.858751989113934,-2.2445089513507384,11.6270278923717,Inf,33.918236846245314
-17.549733300226322,-3.047161884347016,18.163156395846165,Inf,38.74740516502238
-17.950496997327363,5.472197326820094,10.340044106525106,30.232368959992915,30.232368959992915
-8.685102223754413,2.5278693994026042,7.7614517095659075,Inf,21.339201457237984
-11.70774150931682,4.367511305802569,3.3391274996432863,21.990470997056743,21.66581107261136
-16.593421035243452,1.3331108226668036,-3.472388678951461,Inf,28.778620084532815
-13.048316090952312,2.0186992938475257,0.1408385101396874,23.855020098866582,23.855020098866582
-14.632708871431914,4.031272306434424,3.868854691708581,Inf,24.130245559156727
-13.033341633768334,5.959939646995949,-0.2795691280675072,Inf,21.960688590431953
-15.797552033098379,3.1804334956155422,13.475205108334308,Inf,30.882989010608128
-19.654980769161014,3.738919567471754,16.29208705292207,Inf,34.64329696580227
-13.413178080250603,2.9167187631118523,13.182191533486872,29.944623080641286,27.809156322791118
-12.208257126702131,1.999347186005707,12.115329874913172,Inf,26.861316159676072
-11.560949287940128,6.01335083502719,15.676122570509207,26.213243854853165,26.096734225633824
0.15587277581213144,-2.0005865236852642,2.3787647561021004,Inf,Inf
-2.405188339140416,-2.5773025496710744,16.950482757786972,26.569602387165254,26.01715962746684
-1.130932558792619,-2.315841718160499,8.759809245038149,Inf,20.891417035167244
-6.569130327313717,-2.65535259431541,9.171755737578202,Inf,23.78326806822001
-5.517578576185871,-2.701876543258706,13.846279164037973,Inf,25.79257074688252
-4.4201747840278305,-2.9842001426189597,-2.491918209140273,Inf,19.935836830256168
-4.3596043169036935,-2.1829861506714536,13.853645516995314,Inf,25.049269356044974
2.830995201343516,-2.0354677058528807,2.0661266787294608,Inf,Inf
-2.301322995622918,2.432454864332854,12.677027334610699,Inf,20.373025079298486
2.3707691434238782,-0.9798586716907494,-4.052308108479785,Inf,25.789054804418438
-0.34102555172819393,0.9870608488906711,-2.9121432578917066,Inf,Inf
-3.7597320080913406,-1.9193825553094435,10.054735686643212,Inf,22.58394738580154
-1.8590167767215071,-1.201443033477176,3.8528944324538372,Inf,Inf
-2.937834339353323,0.3583103541493742,-3.328955161920703,16.18479157923023,16.18479157923023
-5.574390629853037,-1.9708354662559024,8.951892027580861,Inf,21.054532170709752
-1.0951406675365476,-1.2604945753480479,0.43146374147500666,Inf,Inf
-6.93318687361379,-0.6340041437629012,10.650804879921694,Inf,23.546657047807923
-6.513222375707759,4.324973766055187,10.095427025225963,Inf,21.12381918142162
-5.498882312821163,2.417235697497855,5.504969251834311,Inf,17.433314846124567
-5.829859613056536,1.03840831805055,-3.328897050892685,Inf,17.356226187565348
-6.711749263057918,2.7559612180294906,2.7411534192496063,Inf,17.510537660226746
0.09537328016942581,3.962470515726988,1.7497817517850223,17.470287140700904,11.668127788605158
-4.443219268970893,3.8056766731991942,-3.6854416674170665,14.572480857834737,14.572480857834737
-3.217512943584751,1.3765754874701912,9.233221897184684,Inf,19.446094399572644
-1.1916418796066992,2.9384002401219007,6.946089241316422,Inf,14.174682852160196
-3.1612414761876195,1.6681864426674764,-3.015883978203007,15.145007480673279,15.145007480673279
-1.9412386976340272,4.209601948972708,8.175999492879882,16.163925285310768,14.619517331976736
-4.227896966056148,6.0684190886383576,11.250777819401321,18.374479434807494,18.374479434807494
2.9358006705798267,6.10660659116725,8.260951258216458,12.599442692817812,11.177617741386838
3.054451860932737,-0.7261848848640611,-3.3339139718575623,Inf,22.16971522845531
-1.3656261776075063,2.292951152093437,12.826998241498337,Inf,19.940765856377745
-4.525083491612696,4.845251352745521,15.569457416868715,24.740382329160305,22.872862767370727
-1.707799752121069,4.756769636967448,19.463192583391404,25.90187228813754,25.90187228813754
-0.8067832009477556,3.5732020752400757,18.142392679914778,25.854945912193415,24.740123169650417
3.4723716366165114,2.5348631684703875,18.116018709276453,21.995005882213043,21.995005882213043
0.3648079288325512,3.5795893650004658,19.66731697073059,Inf,25.22690808973293
-6.020013816918652,11.31409572425456,-0.20775864280047074,13.382651946145533,13.382651946145533
-19.92312707884689,14.785430553769892,-7.979873287996178,30.09771342255921,30.041865533158983
-2.5041055315674114,9.728829794561591,-3.1584577348142773,11.12798483843224,11.12798483843224
-13.933918540398933,7.438465320179937,-6.590291102123675,23.335638833282367,23.251871276062655
-15.053801448639064,7.933838107783544,-7.461871810614724,24.82427559764445,24.473401698978577
-18.309094242297547,8.79475943561486,-8.432802606539918,Inf,27.767790623173017
-8.096051277081724,6.760824969724588,-6.678762170499217,17.37414061205503,17.37414061205503
-0.3811006891805917,8.706066968664132,-3.3801604583369667,8.761057408946279,8.761057408946279
-5.578320233523497,7.563150274746533,-2.7142842410063928,14.123961538067167,14.123961538067167
-13.401632564882355,6.5776691164109735,-0.38352399893884126,Inf,22.146907868932605
-12.117308448915463,8.33849928294456,-6.434760406010325,21.687127268097882,21.245631680526795
-3.6681433288432146,8.693919152580598,-2.9057294646645992,12.082183972652151,12.082183972652151
-12.409903412809786,7.9609146037963185,-4.002978775790114,20.92297698487312,20.92297698487312
1.3612378501822953,7.530275621800648,-6.345391700600835,9.593647399886049,9.593647399886049
0.4173586134534162,7.627810841291833,-4.946034083196613,9.322577906112866,9.322577906112866
3.065264934410923,9.09916989933862,-5.550388912329041,7.396199861238509,7.396199861238509
1.0847272704283668,7.982043090360751,-2.256721272075673,7.4984811857315785,7.4984811857315785
-13.766741413111232,19.62180657616345,-0.23731617376238745,24.284309222671716,22.310258204271285
-16.393982759360057,18.906265603468533,-0.62092793976948,26.75957372391946,26.223477121743763
-18.214175195326547,10.10788187928652,-6.901321896540722,27.611177888055025,27.611177888055025
-18.190895119899242,16.777484383833524,-5.189371916078427,Inf,28.20232770940147
-14.371328721806762,13.744456478231342,-1.4006830559345858,22.818733555017353,22.02636551516997
2.132037946533991,13.032526597599045,-0.7563254291877186,5.033407780378066,5.033407780378066
-9.058822269787647,12.250893990117476,-6.751388953461337,18.722675350269753,18.722675350269753
-11.414499408060061,12.857192643639017,-0.99226616107061,Inf,18.931801248320166
2.0056132745856914,10.221678715649254,-4.361366398630686,6.864972120589737,6.864972120589737
-4.279724951451698,10.602411806385703,-8.079401384564191,14.177578937498062,14.177578937498062
-7.412353468607149,16.644845320942608,-5.327027746593531,19.45920765704877,18.39678257535524
-3.114608593902286,18.278219692210783,-6.419676851567884,13.671065178877866,13.671065178877866
-13.163389561358203,14.582067768221727,-5.423990190343453,22.81220813209516,22.81220813209516
3.283573116995715,13.84193668698068,-1.2759606885601116,4.339658421386769,4.339658421386769
-0.5325452128573076,18.994396325117705,-3.2349708702926527,11.04400927155885,11.04400927155885
-7.327733815464121,18.910259383112454,-1.8312844501533192,17.612888600597536,16.739342209100894
-8.84320809302329,14.362344811294072,-3.8909300696449094,19.01406107546128,18.934948784102822
-11.315344929760878,16.139176540831805,-1.3902094099350109,20.38899873330665,19.64785164666685
-5.920689903868226,17.13815762377198,-0.4307645352207672,14.078219655226427,14.078219655226427
4.355514762766568,17.65359027079824,12.294027822282203,13.927221472360777,13.927221472360777
0.6675984741313741,14.872870853334284,13.78043757865914,15.55698895414235,15.55698895414235
-19.21507097668062,9.386166268746603,9.549646727869128,30.11645149485259,30.11645149485259
-8.930508178934122,11.950002048821304,5.122713913211321,17.739256283869757,17.656068875188613
-19.682696897399865,12.068709788138918,3.180637669734576,30.030339371859032,30.030339371859032
-15.377711601507702,6.529388883714915,7.37429085254967,26.458148287532232,24.339063691557765
-17.150992829728196,7.3830727361252,6.893370635399478,27.308396081622426,27.308396081622426
-19.646174833809333,7.918621073778542,5.958865793464199,30.026123911088447,29.46558616654464
-19.680885815528804,7.725349809224859,5.379588515026175,29.236022112002285,29.236022112002285
-18.429037919237715,9.996309279143453,1.064121792024313,28.07523931906668,28.07523931906668
-13.569488242815195,6.8005222077535805,2.970405935252167,22.602120764612543,22.137145110929502
-17.34701154822939,11.906838864158953,8.195096557392265,26.69910712739015,26.69910712739015
-14.315944566284031,8.637437353180086,9.253783889976201,25.291855114598768,24.006280906358665
-19.145108515443596,14.685903203537066,7.391949162002689,Inf,29.982519906384766
-7.740142553346709,12.555500661054069,4.6898422731400125,16.510406659938745,16.510406659938745
-7.577399206350899,9.770533308628025,2.107952358373666,15.61504981094716,15.61504981094716
-7.69891862843191,11.944247373347334,0.07598873293310504,14.959374016129125,14.959374016129125
-5.4083798254818305,8.582696585789726,0.41720657744995293,13.867210171259018,13.867210171259018
-7.1947724797398305,8.66169128599936,4.342909644166568,15.355941837998984,15.355941837998984
-0.833052256550495,9.178212726974387,2.8594533129794257,8.803162177148002,8.803162177148002
-0.0008044295488396358,13.04030634797006,5.133281159141376,8.743230262163594,8.743230262163594
1.779343640589019,14.601222052629694,4.40824298586227,7.311238965630193,7.311238965630193
-8.167089802880634,13.536396814795857,1.5307491559425834,16.928207867690993,16.928207867690993
-1.9449268107490703,12.98215233074086,7.641042541783001,11.916849784896618,11.916849784896618
-0.919420043092174,14.103978053230023,15.987518664116593,18.382060781520664,18.382060781520664
-17.203835296181502,6.729099017883435,15.015708012291014,Inf,31.131684159143642
-5.298175892759112,11.372414306182819,15.217833861515786,20.35742456487975,20.35742456487975
-9.456679426673666,12.450515658884285,14.794353766362619,22.38844379093265,22.38844379093265
-16.035060758345008,11.40300425681221,11.929396411746591,Inf,27.23098965504852
-11.403363142431209,9.503252101841202,14.161336382462665,Inf,23.80987586624606
-10.130164621807713,8.912218124679832,13.584873600666086,Inf,22.627072641205626
-7.9857498946190475,7.87853267702922,13.790822492375952,21.761804717860862,21.761804717860862
-2.0480443610983627,8.777651395398252,14.453198909881088,20.017750933486212,19.922718615192693
-7.684403186264381,12.132046925628984,13.560190309989068,20.205431000445977,20.205431000445977
-4.940747796387699,11.03856879670645,10.071244643835648,16.009142253640512,16.009142253640512
-7.146566045014433,9.775522171071643,10.019693623271017,17.99513555547422,17.99513555547422
-4.688031746700494,10.688484654416904,19.195352429619142,24.541661671219995,24.24682012437374
-13.44802455656776,14.672453239113509,17.684765390045882,28.034686766760252,27.734382795273426
-16.909289911473113,10.271100604874803,19.41018262187641,Inf,31.42155671169145
-10.3433648255558,8.762273983764945,19.717139429754894,Inf,27.60383846878514
-9.648372564602141,12.548823258156439,19.847021686196655,Inf,26.805061822186815
-1.611538745131746,8.823103788144397,19.62064281580672,23.955228149175227,23.955228149175227
-0.5789547648074915,13.325380785486416,16.25822502450354,18.733158205674908,18.733158205674908
-0.3670421051150612,10.71426466648439,13.232162410801429,17.17747459509014,16.328981269543807
2.447531024068006,13.217821245153317,17.922398164333373,20.359403615658234,19.625702601149012
3.8016333769615756,13.971590859093595,19.465936102844807,Inf,20.326757403629607
-1.7119482811349869,17.787498234073745,8.381315217698138,14.744360933116731,13.48592747166175
-19.340437374409483,16.349553421014747,6.787891015390883,29.396147787037734,29.396147787037734
0.05128413975414858,18.31091720390313,5.059826153200426,11.41034147756989,11.41034147756989
-2.6081175436037967,16.32760877395222,1.4720067313919927,11.299680655924758,11.221469256921235
-8.091719842684153,16.453432065280644,6.463653410971979,Inf,17.624797112281783
-16.35352012019687,17.681039342456472,7.57604465693926,Inf,26.051052374056667
-3.3741788811752116,19.507408688249015,6.98214158615891,15.516517972030044,14.877903732254243
-11.43906580357803,18.654036785820253,4.669761728733668,20.897395646046455,20.897395646046455
-14.801560572206922,18.43026503414631,0.33229097109465044,24.58130929521695,23.08497595777071
-4.4915372273566145,18.787258990036605,17.043934303253472,22.808852614096374,22.69345416617618
-7.356317368949972,15.736634645738803,16.629445177395,23.448670648400835,23.448670648400835
-6.118111601236791,15.620575018900155,10.751379546059567,17.44048631979815,17.44048631979815
-13.010417069148215,15.714889355580112,16.743256947203363,26.573687546500803,26.573687546500803
-12.916428836255074,19.797831238362498,11.208714738470142,25.432716435929734,25.432716435929734
-17.91043447240032,18.320327328312175,9.618152603434407,29.050710720215157,29.050710720215157
-12.121268395468459,18.140561525526316,17.014407896473067,26.474519063141017,26.474519063141017
-16.57320921215737,19.362098151802975,15.168803463615113,30.370476170516238,30.370476170516238
-16.094810839499935,16.489733717934072,19.631099562143262,Inf,30.869441692761868
-13.422479839427721,18.340417478899866,13.04826004697884,Inf,25.5661861913054
-12.044660834164116,15.769240822024628,14.715312741612237,24.572025684488956,24.572025684488956
-8.450881030025066,16.738608434317996,14.906974468190413,22.335461404792937,22.335461404792937
-6.5856066723696305,19.883121886012525,14.307861627495939,22.371261334364778,22.371261334364778
-5.135084180695966,19.51272474291504,17.110825559572817,23.020004076271597,23.020004076271597
3.0608940269863822,15.706970120315837,11.82222979493325,13.008744808393972,13.008744808393972
1.440995411752457,19.189273890061394,12.291713687040307,15.458728198898136,15.458728198898136
1.992333078737481,18.959339393385875,15.621786057426405,Inf,18.12307332545109
4.719631435581142,18.37515420935187,8.85260923534645,11.716323170391945,11.628894228758252
6.34892584026522,17.354033935804132,19.192376945164675,20.332059117483002,20.332059117483002
5.673815449514599,16.184760037793765,13.796446190164502,14.769771440544265,14.677389516822444
6.502195783124087,7.314254859009594,-4.88363053593174,6.786299711635168,6.786299711635168
6.2360514483547576,8.47474017043907,-7.95653306047357,8.735988358387718,8.735988358387718
4.967472649593006,2.1884006132625515,5.525608296604297,12.648917363301996,11.861771047287863
4.955408533560757,1.7427398220073087,12.137742422752837,16.219015826318614,16.219015826318614
5.86394024282928,10.300919982195627,11.431322905209669,11.88521488250376,11.88521488250376
5.048948424031341,13.909887153033168,5.439919064776717,6.086623909913616,6.086623909913616
4.895984617317566,8.62405438284192,2.840950225162395,4.8882397365947,4.8882397365947
5.133022190314787,16.43169561702077,2.4097691541898243,5.378895756590088,5.378895756590088
5.70418437789521,9.460263995900668,-8.269414204459107,8.74714858579179,8.74714858579179
6.438328238362345,9.703893720492609,-8.311187761542875,8.640799802230953,8.640799802230953
5.751322430217964,13.100160337538256,7.273580835809035,7.461536478274265,7.461536478274265
6.877315932125629,8.843093242804649,11.700081480580778,12.374628402674183,12.374628402674183
6.680362560052117,2.293587132222868,-5.868102636223611,11.565617669195213,11.565617669195213
6.659298406524314,11.49216418105307,13.376760507011141,13.513944920181999,13.513944920181999
6.030264125999647,11.53451728352957,18.13457959085082,18.31335325308238,18.31335325308238
5.3208294549644535,12.222260428425912,15.403645338446196,16.05024178463205,15.65018601706898
5.012512992143606,-0.8189297069739965,18.466749953066817,23.04702783668242,23.04702783668242
5.500261665441357,17.14496470761243,15.896683670556477,17.085610683227344,16.989462611405795
8.167275846873572,6.3945973203489075,18.695315432010275,20.629940479681245,19.89742222539529
18.717522432844703,-18.984872750074597,-5.320379924281324,Inf,34.37237188338676
8.916238261033278,-3.8341083417930477,-19.697854666944856,26.275768816978523,26.275768816978523
7.657870066903261,-17.04551269533031,-17.52729633741957,Inf,36.099905447968474
7.242469523861104,-17.893046072662813,-16.624494919536605,Inf,35.91937173245019
7.823606634599649,-3.129707377825337,-12.019571263717843,Inf,19.845695967843895
7.840544916096643,-13.423843429048956,-13.083326904877435,Inf,30.710023113746317
7.7187011238478505,-5.209621921756158,-15.365147953413727,Inf,24.249152940884414
8.62003318653965,-6.962739923740511,-12.683687617995139,Inf,24.412485390600352
8.795024036259484,-2.5175736573140455,-17.15117194508246,23.72740802873578,22.977526651789116
7.799793462866084,-9.30132951345878,-11.579047234976692,Inf,26.62902628346832
12.150820869066656,-19.39252596800433,-11.70590141396426,43.98791445871636,37.55108067696199
15.533992684993052,-19.653293501322153,-8.880682351287161,Inf,35.811026159139786
16.1289581499246,-3.7663729831782256,-6.445185623378773,Inf,19.78225930919364
19.785390999330772,-3.8716794923594904,-7.971188174729793,22.697265489851233,22.697265489851233
14.775414666990734,-6.680240793645824,-8.376324167934639,Inf,22.493780684123454
9.491176210023326,-9.822356689952905,-13.07555493210483,Inf,27.399322183369996
10.868691302059688,-6.84805241436635,-16.629866317880555,27.47827833341179,26.92782575962513
17.677306653070858,-8.321987915989224,-18.36202087335848,29.892547516663665,29.892547516663665
12.122056999685562,-14.944009754762755,-14.730749839656454,Inf,33.36543477294245
17.586967461899846,-15.02549383919118,-18.28199195874668,Inf,35.619760424432556
17.39524913417946,-10.100503004133463,-16.763698253551674,Inf,30.32291934789991
12.058939498215068,-16.63146603498963,-18.001613649240422,Inf,36.18700861732514
11.628675416735117,-17.850042263682965,-17.293526942852935,Inf,36.716184660235356
14.221052718813574,-8.901480413382794,-13.353935961019827,Inf,27.06881554015582
12.056385842102493,-18.572192034494606,-13.806769289331413,Inf,36.566676903054294
14.889713719355157,-17.207999747938363,-13.852445537988443,Inf,34.84331773126188
17.456369431498224,-7.780915155333217,-16.146844444132995,28.186233644625602,28.186233644625602
15.309925397258752,-17.90676848147557,-9.182689869685472,48.29535142587001,34.446365223722296
15.275258860428949,-9.829915574538743,-11.805862024575866,Inf,27.174295221684485
13.80691517889641,-11.437620712713743,-12.103524655563227,Inf,28.614456988893085
12.818049044450113,-9.047198061392665,-9.227802334632251,Inf,25.002995111229144
13.18965723300461,-0.4481620624555589,-12.391158358608854,18.908341703086258,18.908341703086258
17.046881592914538,1.7016200035998992,-19.98738541765895,25.83118816253957,25.66408888028531
14.459125734633517,-1.769354949302837,-14.229232342295992,21.503648407580215,21.503648407580215
10.337059723524149,-3.5000579333149062,-15.488735899167834,24.52283701640416,23.243219060255885
13.047712575412554,-3.2455396946338233,-16.47519303731963,23.86059464086543,23.86059464086543
15.189218151705397,-4.497723741194015,-18.053499942109532,Inf,26.1512213697481
15.428690149917813,-5.391956538685214,-14.351018401129592,24.67856038286687,24.67856038286687
12.36517189800064,-4.090394378359665,-13.236976541194192,Inf,22.208785110174635
13.394793411226345,6.1736496797772205,-15.000813565285123,18.202118995837502,18.167043100485444
11.278333735922146,3.0479894299263144,-18.848007781478408,21.468764113137276,21.468764113137276
12.901139677136484,2.465636887351124,-15.315882664119114,19.37172558759263,19.37172558759263
17.20031680216568,1.7688548913736994,-16.674458148604394,24.258959062919278,23.933979027433185
18.095126922068417,-3.3317192749660123,-19.59711739583671,Inf,28.09008340683455
11.395663032328844,-4.07314710811896,-10.96241155394897,Inf,20.885894826724797
10.730545996551673,0.6897723048013482,-9.27762389913,15.790181780733635,15.790181780733635
18.667362769342745,4.820720399546545,-10.370836526723366,18.1198485833323,17.95644460626086
16.355044402348952,1.1260514930225867,-7.437162624162337,17.58217229924834,16.988384527044598
16.43707810813092,0.36198386802243476,-10.814195438215117,18.632537340600557,18.632537340600557
14.277843236824495,-5.1280137925656,-11.418314494939636,Inf,22.932485961637102
14.924116064888594,-5.972752979430203,-9.017105184029663,Inf,22.40164718692877
18.250951056918467,1.3371191052675329,-9.503905380828801,18.674821503982592,18.674821503982592
18.17027733711754,5.440247197372194,-7.88210496487415,15.503042773501962,15.503042773501962
19.925767659904082,4.098127154585853,-15.615602666982724,23.561658551740102,23.546053353574862
16.495477150842326,-5.284265817355287,-5.803524357275913,Inf,20.79920382456732
8.961019636485421,-8.040210020948795,-6.383911819752521,Inf,23.631576033192033
12.078651008385137,-5.504381608823801,-6.19605571883918,Inf,20.281793419424172
12.940600273028906,0.6144145076528744,13.208470229554237,20.083129898611467,19.061052667866928
12.106949862231602,-3.843007140672377,12.106292274597777,22.239294186635412,22.03805070569414
12.49073270508893,-16.267853970697512,15.538173181483693,36.357324279103146,34.297723903106096
7.704148491171836,-17.776820228855996,7.228068673242394,39.50477648097735,33.40147356827225
7.226971312292612,-5.187731126217496,-0.6865823750423949,Inf,17.80160368185351
7.659977027836227,-12.032034812751773,11.016378505918318,29.586371022782785,28.211976819345196
7.059922726753001,-13.017001222159381,2.377109189973705,Inf,25.9220130575659
7.473819566533972,-18.697601053466066,-3.4582022348419557,Inf,32.38423212808619
7.409634624625959,-18.16159674272739,8.708542969258737,Inf,34.087563570742205
11.291860940468439,-10.07630201432912,12.025711972274948,28.52617164030499,27.145549790427815
11.6975360495709,-17.12517517761534,3.352367394093669,Inf,32.21550869720025
11.11855237772696,-19.798589973618014,3.156913998944937,Inf,34.51655047781626
9.002296131110263,-12.325550181658125,-1.631460692342344,Inf,25.217332514208753
10.50557987401848,-18.36600706277774,-1.1434021222259645,Inf,31.825378188849907
9.002649288827229,-11.365413786667968,-3.8472330684259077,Inf,24.96445982554132
11.956539271626081,-18.82146640141018,2.826267614583582,Inf,33.6432932959316
11.665213531846987,-18.345602670692447,0.35318027424144915,Inf,32.45695470033142
9.063787705627604,-14.69836119315275,10.703719776355697,Inf,31.638408485209357
12.087638765831116,-15.0107624927508,14.886057886233992,Inf,32.973177992108354
12.522841159298764,-16.858678654529207,5.087862631930733,Inf,32.299983850788195
12.225147915935352,-15.228042227137744,8.476753299551845,Inf,31.55565647556444
12.30435693088296,-11.679996429097788,10.846558897245497,27.73309007148287,27.73309007148287
11.790269119974184,-14.330727777437486,6.14706458633588,Inf,29.021540793654207
10.18299847385471,-10.866396426782945,10.011085992223983,Inf,26.53871803049332
10.964548122490037,-7.962562967812685,14.447394202597359,27.113366425038695,27.113366425038695
9.014145597900274,-6.338226622183711,4.610642630814468,Inf,20.422265885154467
8.373594047064145,-7.854406288184839,1.467534866955404,Inf,20.517806895769162
8.312561731737063,-6.402928292447854,-4.605474631583064,Inf,19.7785734988415
12.352758185472666,-4.6957472574074455,2.3077756839980452,Inf,18.166818637540068
11.40000044010824,-5.091941480354434,5.748890705409366,Inf,19.646829815135114
11.657319772828068,-4.8323468975240225,13.233366861864084,Inf,23.48104651081111
10.960426186726153,-4.006513462664092,5.839181019235351,Inf,18.472295078912126
8.221279709201479,-5.040432648844888,14.583734540707873,24.867315463027417,24.13483674055778
10.797332618570437,-15.005434024936122,19.84739096214294,39.00687776241715,35.98973723495425
9.68974094810644,-16.38026223362366,18.619460949006843,Inf,36.59434396946893
9.47329599159712,-5.244462803285739,16.33366239044919,Inf,25.24983404995891
12.202743275020033,-17.012180031646178,16.82826327642769,Inf,35.74703383134737
11.191172594629819,-15.82354553249612,18.173706577109208,Inf,35.81576893503958
10.542838613233052,2.0151086862310947,13.168016587539668,17.305929571619888,17.258175086991322
8.858629906145179,6.321216249565012,-0.7994131214214022,6.028445185196794,6.028445185196794
7.732572313804155,6.389801120037397,-1.5629188714734177,5.869728193578792,5.869728193578792
7.529466241927594,4.653452075512654,5.425750863643142,9.148271604103945,9.148271604103945
7.800578053093741,3.074870960605736,4.6425239995542995,10.93120858311498,10.93120858311498
12.005170724476208,-2.787202035615472,12.828754340604533,22.33740076252726,21.367440804177665
11.494310557567697,1.1207701026469863,0.3580590018341745,11.972450092613286,11.972450092613286
8.976811013463202,0.5150664448494595,-0.7602551068162811,11.835929638816381,11.835929638816381
11.08342727449477,4.999141780543628,8.711635074386592,12.51151442331351,12.51151442331351
10.640174623774659,1.290931620930074,5.416595404323495,13.729006727074403,13.729006727074403
9.970007928951759,5.595516923667585,7.344050462704974,11.215641516204593,11.215641516204593
12.413620659040312,5.68865446026626,10.055408081023643,13.277314152139922,13.277314152139922
11.757874279647538,-3.293821104942893,18.370738717077103,24.837819424469075,24.837819424469075
8.214647103771622,4.947649487013788,19.715785422711257,22.148256249336328,21.386534216933015
11.199498154942667,0.8849047294691985,16.356532395327648,20.75197016832103,20.75197016832103
8.426118894853431,-1.978653466160118,16.86462798031438,23.09731665791092,23.09731665791092
14.298432204518335,-10.539949882250301,0.2522227579567442,Inf,24.66032689890129
19.729734898299284,-18.223526231504074,15.830219979277096,43.86152963857286,38.481482236364165
14.09677304521253,-16.92050272041704,5.593314619108824,35.40739815408231,32.311409304656124
13.0373333308671,-19.039494276366995,8.72451741282471,Inf,35.42740765191173
17.341499308896175,-17.367049527735226,13.231074341518827,39.29857617380356,35.695582783383855
14.718431300234016,-19.85397016983636,14.443855670331246,Inf,36.98415194829975
17.077060113894703,-18.862332324231303,4.189727303554545,Inf,34.27733083027005
19.038941791686533,-12.892972931088895,-5.027637138829784,29.035763623916786,28.859206138310988
17.391735965985916,-14.444140637906395,-5.303824440082456,29.642019681463687,29.642019681463687
14.865870613837131,-12.295280934468433,-5.2441240315108395,Inf,27.57626493314924
19.634276508722422,-11.68873210433266,0.8466235496315662,27.171734648761447,27.171734648761447
18.298580624306673,-11.75270007326299,15.029008173088975,Inf,32.758784215877064
15.17987954411916,-16.75762429167138,10.614697306276177,Inf,33.57301257160076
19.02546551753352,-13.649633258443012,-2.288781412688479,28.975608447445268,28.975608447445268
18.754147244494668,-12.842073344085891,5.4802909076113515,29.187108963114433,29.187108963114433
15.786112207789749,-16.290474630844606,-0.6890332760465689,Inf,30.67428479681485
16.799607043903833,-13.799229614536683,15.481330966991258,Inf,34.16230402746129
15.992927764979939,-10.927886877332016,10.128144635404588,29.069044742481868,28.04447826673413
17.007440724239004,-15.409891838951415,16.966787484786117,Inf,36.30562265523692
13.511910275990708,-15.391855160444994,17.671097360083394,Inf,35.211162010105646
14.909893724185245,0.5062655718014071,13.062824262167865,20.050643273072648,19.76831452909725
18.098006041058298,5.670730743819455,5.186906993120395,15.35281648491779,14.584874686895784
14.795934777985792,1.5841524063766173,-5.166337472983642,14.789803030182489,14.789803030182489
15.37552728573285,-5.484107074874478,0.40902337330135197,Inf,19.63344501418137
15.728281440180652,-9.195637920467146,-3.1089395732440117,Inf,23.714846551457647
15.670702921836266,-2.719693500923654,-3.8271706031336734,17.976909898204234,17.976909898204234
13.150556186930189,-0.49132569510958746,-3.7749881908011744,14.612465568511261,14.612465568511261
16.32310402435798,-9.401186266051784,-0.7666151235954644,Inf,23.8314846687015
14.859612296322368,-9.093354435828314,1.265448853439839,Inf,23.334962564568833
13.885003862913877,1.3121245139567606,2.143973347838248,13.710824964694961,13.710824964694961
14.883052839528858,0.47148088699564994,7.011724313646191,16.55742467855986,16.55742467855986
16.918529268473712,-1.8403884289337569,1.6782052866555404,18.291737606742075,18.11054701592582
17.399534470813435,-8.425822659873985,5.030580673393956,25.007657796052946,25.007657796052946
16.21719760875127,-8.602819992209163,9.195062083513939,25.985565668644377,25.985565668644377
17.55843693588831,-1.2639957147150938,3.438071398953369,18.38042834614982,18.38042834614982
18.07009924509913,1.0796795887218735,0.8214392289724444,18.56467327817851,17.75296385529603
15.833503024826868,1.2436564451434577,5.256012888612929,16.119198853141935,16.119198853141935
18.068539436528972,3.3604953642030537,1.9316008558784326,15.216316092491518,15.216316092491518
13.158347241414745,4.134467926673338,6.78918898994209,12.594755201345759,12.594755201345759
14.64075180902686,5.0796667533710504,2.5229311583160374,12.811685588159646,12.480280998106913
18.830880875300345,-3.107430096693669,9.580497640043308,22.472874486613744,22.207981963913063
19.525340644075555,-7.55000618860775,10.501338609811725,26.46058068562742,26.46058068562742
19.61708010512534,-6.876697948479462,8.439103617863122,25.414295346444884,25.414295346444884
18.957254598563836,-5.9846376855039285,5.7443204136586985,23.29899293960768,23.29899293960768
19.46217649416002,-9.101368217202124,11.880677336420487,28.53742665399428,28.53742665399428
19.457662067653033,-3.6140742066140064,12.07704193509101,Inf,24.51206185564582
19.380538544832348,4.148080449266757,8.204942416653243,17.244573618684814,17.244573618684814
19.97121805646158,4.382955025781001,8.319992724192478,17.890565046968632,17.890565046968632
19.456207221217106,0.22057831402937822,9.16269894114069,Inf,20.380326581379293
13.05900456284246,4.752053885205676,16.6850940893453,20.729787156283862,20.003864351865385
13.986803820396645,-8.490951293691307,17.728126181395268,30.529149670328962,29.77203951813505
17.01268325897641,-1.5225802697088042,13.47111198261942,22.160642264892637,22.160642264892637
15.35564227412116,0.7833750434910236,18.617284425913752,24.679854362343878,24.679854362343878
13.628249890153683,0.033047247578892325,19.19731719850236,24.31514300187489,24.31514300187489
18.992065644010978,-1.9857334631972208,15.530645846792112,25.054453807563956,25.054453807563956
9.172083086923834,14.454011429557127,10.419837727812428,11.162480729352662,10.980207130985196
11.797981700615303,11.582961773275898,4.6529625699216055,6.696611826818094,6.696611826818094
8.344636280500453,9.954451757216312,-5.8694632256955614,6.359474262719055,6.359474262719055
7.205403664448092,7.1145473316920445,7.680729801990704,9.105133097919778,9.105133097919778
11.115544224749172,8.708775784301626,5.030460346248617,7.285286020400668,7.285286020400668
7.0022714478599895,8.658177205095463,-3.294903009772465,4.692991646681954,4.692991646681954
9.61483734314644,6.425652742500148,-10.55548086942653,12.361523461381683,12.361523461381683
8.595824862696581,6.6340516769620805,-19.42293092856625,21.289764447294555,21.289764447294555
7.153522949130114,6.624039872734286,5.515850636497575,7.70383831800818,7.70383831800818
10.305936371331956,9.210403526562175,6.70473984213432,7.979009971582665,7.979009971582665
8.33321538968356,9.084205006668729,-17.423323468317324,18.278532495554124,17.968480572763188
11.518549809460971,6.515930450571208,-6.600673747185342,9.698515614274882,9.698515614274882
9.48592605289262,16.482028561389882,-19.277573347673112,23.132281844792246,21.11051031723509
8.670558095045777,19.428718038254104,1.007307453587778,7.6805783862192545,7.6805783862192545
7.407672807740955,14.371481633960613,-4.765742934803203,5.338766522241869,5.338766522241869
8.264874958209969,10.66742157147953,-14.69816669954068,15.217278327704289,15.217278327704289
7.734080157612347,11.820607062957063,4.068475637613265,4.138061081897381,4.138061081897381
7.744950310181213,12.241403672284399,3.225940922705597,3.3196267161260944,3.3196267161260944
7.215027296535077,16.218834722618716,5.371851950500144,6.833856636857457,6.833856636857457
8.25079256500894,15.034384098751659,-10.845100747555616,Inf,11.512005705879215
7.771333933575448,19.640606348275043,-17.675981241222356,Inf,19.76476841360425
7.634319039897175,16.169571371663835,-4.504581196467399,Inf,6.1708133842583806
9.850756887556848,15.458485001950422,-3.422628569740745,5.639354543480521,5.639354543480521
11.103304195274724,13.312118152258293,-2.722026523873467,5.095899112140618,5.095899112140618
9.183321136863356,12.049941119198273,-14.19027827523828,14.980984051797105,14.980984051797105
9.911694802551754,10.52315587046218,-17.82417502819646,18.753484806833193,18.753484806833193
10.881469797452503,10.434050896420217,-4.205091507547172,5.933026122509798,5.933026122509798
9.895704488140407,12.574805676311662,-10.24864984251825,11.263898275440658,11.207351064360529
9.057620750757735,11.794398513019743,-1.8106693150238051,2.7485629870472486,2.7485629870472486
9.037956165548053,13.032763979877771,-2.456379156454336,3.3546483170507773,3.3546483170507773
9.82046303331493,14.42042640162721,-1.1600373618693105,Inf,3.8934768997546154
10.272374273750373,17.635009942471513,-1.209597203667112,6.62758597336733,6.62758597336733
10.234461744184795,17.086450324730137,-18.767304750540763,21.867237961535487,20.90947629617647
10.4488181677728,16.48845560777631,4.280904506419283,7.0969517322875495,7.0969517322875495
10.74117864704067,19.609396968556815,5.807102436131537,10.583358155515654,10.583358155515654
18.522013484846987,13.081030729727715,-11.150513773731099,18.244086066299744,16.308943563833157
11.966374968249092,11.111490274125,6.961346300060569,8.597364257002992,8.597364257002992
19.37027111779429,9.860000138360387,6.441349770077373,14.665707923025781,14.665707923025781
18.240540735425164,6.516250166037032,5.348001403134923,14.746758809783476,14.2883786430511
13.736875409944005,12.610565896468913,-8.722519797417148,11.686330997546973,11.135173175572989
12.98064662152892,7.486250305203825,-15.394369051182348,18.350544927697754,18.162497943292113
14.050202995269949,12.560360827374943,-17.2270646695494,20.196793864324544,19.385372279433444
14.43811176188845,12.003667560675225,-9.671214501022032,12.276503356103143,12.276503356103143
13.745608630815198,10.227966062173664,1.0662913597538193,7.055516801824119,7.055516801824119
13.101806293562781,8.901627051446024,-8.281444874125716,10.909108297858245,10.82126443153494
18.76117967650248,11.107510884723403,-1.6158048746786662,12.362915619721914,12.362915619721914
19.74893340614061,11.16146220780341,1.8963524922825385,13.756154982075003,13.187427180790559
18.28569076589111,10.830583656144128,9.709423120507363,14.956408134623189,14.956408134623189
15.651160201682629,19.020610016436635,-13.836432216383283,18.432836760891256,18.432836760891256
19.864621810698033,16.692694892979965,-15.25598019619789,21.48687625815552,21.36625563561799
19.494991560517782,13.557664099320093,-19.594091793722175,24.8217501212748,24.8217501212748
14.559039111429293,16.859909154029218,-18.60985734869483,Inf,22.666342038347505
12.797555499705183,18.950262709156426,-10.116491279559625,13.743916937280936,13.743916937280936
16.80891191351683,16.261571301430862,1.6864876432099862,11.78401623700131,11.78401623700131
18.033018041371392,14.839015091561834,-8.503241652181064,14.248756404364233,14.247226084391999
16.937889172718315,13.922845183213482,3.935462908408045,12.389459001839885,12.389459001839885
13.323367730635795,13.857689259039823,-5.421821430605425,8.534174621213833,8.534174621213833
13.364771197269143,13.185214662702762,-0.8261730148031248,6.52668430680245,6.52668430680245
17.484171609064887,16.255624588614893,-4.517788141899839,12.348792250883157,12.348792250883157
18.27782655698759,19.627475326462537,-11.612022465996095,18.34007500742989,18.34007500742989
14.843756785946695,18.456341320617923,-12.174875185123932,16.688036898246928,16.688036898246928
17.44688801878592,18.477233869465202,-1.178778285165496,13.219477109955713,13.219477109955713
16.944850470025408,16.53453818308168,4.911005196190139,13.623634362453185,13.623634362453185
16.542209859702048,19.560381385531123,4.1843852560378,Inf,13.921573792226189
13.212663689571649,13.798543715276274,14.27404480863914,16.670344925099883,16.48717105120689
8.532280106368468,8.071219538161117,13.936052899284334,15.570803198867463,15.261540874365455
12.72748874572428,7.132207908440755,14.173362098196513,16.702110530375887,16.1007789496349
12.304494568743081,8.82670719935276,16.99476833842229,20.485689127755528,19.956728730339105
7.704723978910721,10.34958891137265,12.761771589115611,Inf,12.954985187725097
8.678511820974755,16.311614260586396,17.664674510786554,Inf,18.475669817461156
19.016682272359795,14.921987902575921,12.213076263774482,18.1789817024345,18.1789817024345
16.28451732080451,6.750959230437825,16.956578264243724,21.234669969077473,21.234669969077473
15.720599227143651,14.416252840515611,15.87129650915135,19.52403097863352,19.50267437298421
16.9774181463317,11.587527822517274,17.07588928349142,Inf,21.67487766000695
16.402098416217427,17.135875776626,14.539511552759322,19.90531953959342,18.945794963606115
14.44154419291499,15.080964719296844,10.915286406244185,14.341292794133793,14.341292794133793
