-9.0,9.0,-6.0,0.0,0.0
-14.628462117937815,4.415351223890298,1.3351998091702981,10.320065234958411,10.320065234958411
-18.203614973991638,-3.237459812901797,2.506272984991817,17.638276068791868,17.638276068791868
-19.04927574730225,2.1731008612662066,-16.47593969607656,18.267734419175127,17.642877198010282
-19.883886837799672,-14.853424407940814,-11.637459777807209,29.302741105297315,27.78107485665602
-19.142582282866705,-19.115518918674923,-12.863488930041802,Inf,31.246341261202673
-19.82459341090553,-18.92086468413174,-13.061524270741254,Inf,31.36794398110883
-19.723632282138368,-16.91742300451251,-7.357735882073966,Inf,28.462253735968808
-19.905785490372097,-15.360853681910669,-9.433655191477328,Inf,27.629733979826014
-19.815325082656685,0.06118345547080395,-0.5078171663837772,15.353512483268815,15.353512483268815
-19.244952074876622,-8.5473949282812,-19.338687748577932,26.846139326388197,26.2064498066134
-19.730506818395142,-5.847157280748592,-17.225458777874447,23.341963868992693,23.341963868992693
-19.572840991770228,0.06575388566020024,-11.177408141994372,15.09241665416277,15.09241665416277
-19.19398219938821,1.3685408653786553,-14.97511861495827,16.558722815414946,16.558722815414946
-19.066237129135615,-6.153783659595913,-8.349174922619449,18.945848809007238,18.945848809007238
-19.218182302947966,1.6257158631787476,-5.894498721909018,12.749616220424457,12.714047027835866
-19.13370604641959,-4.435431328539687,1.7428233126440844,19.23722884129878,18.894266301528518
-19.840351864351724,0.8082830171879181,-0.03478061437171931,15.024016414758494,15.024016414758494
-14.76916028821873,-0.8076166557623488,1.2819705813559352,13.597936539069185,13.597936539069185
-9.672062144757572,-12.441070513082959,-3.335143155946536,22.94050773887615,22.94050773887615
-14.037388110505136,-7.774397819581633,-5.952183114482148,17.741089782909462,17.741089782909462
-17.873942878050883,-7.9170439313243435,-10.719397680715765,22.022899977097282,21.03861202746642
-16.59984374430791,-12.302330724373443,-18.605002299283264,26.487565195114954,26.487565195114954
-17.722657419567636,-11.461696164200976,-19.82874943255336,27.629229080931943,27.274034463170025
-17.308943655735376,-15.983155421886135,-19.42983279122009,33.55571627513839,30.2791195779198
-18.779048809982033,-12.839494418087494,-11.419323163572441,25.529664127915645,25.529664127915645
-14.805559958492305,-9.627225224736886,-18.20397367522501,24.479155628089302,24.346031459140498
-16.638063736768068,-15.313894911419856,-18.080884990918022,Inf,28.524967654795773
-15.387274327072324,-10.557605691485099,-6.685805597764087,20.920184119962116,20.920184119962116
-18.616728203166424,-14.075717043874283,-11.69774763415127,27.318592375989798,26.43419689165549
-16.823520216318208,-18.917618275144903,-16.483231466914958,Inf,31.35135700691214
-18.49414082348039,-17.892108696151425,-5.437794734373513,Inf,28.81998687048283
-15.86164950601205,-10.494518302651192,-14.22521929127468,22.57796385515448,22.57796385515448
-15.728267792281017,-9.822985797140475,-11.951618371085626,21.31109011938175,21.31109011938175
-16.798981100264356,-11.643245415491918,-11.978602878092861,23.412393037507467,23.412393037507467
-16.38946342903853,-12.1801451129702,-4.195047150536757,22.607047431908267,22.607047431908267
-15.399897488420944,-10.421535808103055,-12.249639330735276,21.76109782057063,21.76109782057063
-16.240777029884175,-8.423771726107656,-6.456426538083377,19.238114140273836,19.238114140273836
-18.546670152056492,-2.107559951619244,-15.176729626879037,19.146725869692197,19.146725869692197
-14.371964554324945,-5.624374034935151,-15.377841587469891,19.560025095195165,18.865941802203256
-15.270705518085421,-3.716883003593672,-17.33646460239506,19.63854460968603,19.63854460968603
-14.514144078841626,-0.9139675827395699,-15.325390333461915,16.440694181770112,16.440694181770112
-17.921256381075594,-3.4217498436006792,-5.334051768270243,15.770988390018445,15.573440393798617
-18.762983793849266,-1.998777121467139,-12.750349676254986,17.393039532033043,17.393039532033043
-14.667273046992273,-7.548400316567738,-13.723861887152369,19.40517749425304,19.40517749425304
-15.61618957758431,-0.9314342496351102,-5.7223487890917735,12.157920037764343,12.157920037764343
-14.653349432604674,-7.48807537177143,-12.154506938431657,18.73263710541658,18.73263710541658
-15.026322861721697,-4.368289298996428,-5.721972078744297,15.046310369472144,15.046310369472144
-16.970370872786383,-6.384789766339951,-4.03253641786252,17.521378424756577,17.521378424756577
-10.69278291445241,-6.124637274934308,-16.077171555438117,18.857818579501355,18.857818579501355
-9.419690246860712,-15.137264270274713,-6.868916904999747,25.405833908006347,25.405833908006347
-11.302900821420323,-18.17646797651733,-8.046137278863519,Inf,28.330619161577403
-13.090633351749963,-16.83572815439259,-9.12941995434771,27.38986617924023,27.38986617924023
-13.389328911524245,-12.760736596186737,-15.73035185022813,25.134714358357616,25.134714358357616
-11.433104319429699,-16.306026732663128,-18.847880761942257,Inf,29.453700057185557
-13.94550057882376,-10.22323765535746,-11.197856847001635,22.108526411615255,21.417735521865275
-11.44816442625503,-14.099729042757714,-12.830647584460042,24.356565199907184,24.356565199907184
-10.891076721994546,-15.568541419481061,-9.44139845711116,25.344378419224586,25.344378419224586
-10.068677428143165,-16.68241975581317,-15.521371829421113,Inf,27.92503780153591
-10.494878220662347,-16.10190649664439,-13.933082326849284,26.599400368248233,26.599400368248233
-9.070297765777822,-18.90979139123069,-15.053931401042204,Inf,29.85332928935294
-10.782781441352629,-13.471717601061615,-13.04696018945175,23.809060902642525,23.809060902642525
-10.412320267251074,-13.630127426151004,-16.7698077868355,26.400416716451936,26.032841165036945
-11.191074159805234,-11.041254627133403,-15.537951488973185,23.828953121355855,23.39431183476895
-11.110622221102435,-11.909639461176633,-17.33142491180115,24.79195638232985,24.79195638232985
-10.410136607337206,-14.551068252721437,-12.10558298657948,24.534310443954723,24.534310443954723
-10.607559673767266,-6.743029262664457,-10.1600572715697,16.485116754822066,16.485116754822066
-9.160894665361363,-1.8065689093163968,-19.196538994204843,18.854212911607853,18.854212911607853
-13.418236389642137,-5.342005668358327,-3.9752788750196544,15.14805022862948,15.14805022862948
-10.884939394481163,-1.436096047186215,-5.017780052489709,10.882818164442558,10.882818164442558
-11.427024281975031,-1.9669870265612204,-3.5402042420832025,11.745635123149206,11.745635123149206
-17.6553414351529,-15.752571599730407,-3.1223430654122275,26.94700298198446,26.54600315442062
-12.050710208608262,-13.094997259954448,0.3624861592466466,26.234070150681156,23.751155740485004
-10.788696480005608,-16.816346697471456,2.5048268741515756,Inf,28.939756972257797
-17.5409933202923,-14.90382453650354,-3.003338832584099,26.21455763125175,25.795247458209534
-11.617102060516027,-13.819325949807393,-2.6210779577060883,23.867769269049553,23.867769269049553
-9.512171401348759,-17.13087446218755,1.148952739749891,Inf,27.877660016540183
-10.586951419643604,-15.119351201332556,-2.95314056136311,24.901157416819323,24.901157416819323
-16.187370102330423,-15.221694827526067,-2.0383524028436106,26.34110669945371,26.34110669945371
-10.555016014331535,-4.326891960800809,0.8922462890019673,16.520607329104617,15.80294363314252
-10.984719631903488,-9.472674035495476,-1.7996353862735432,20.52412900737571,19.463183362154513
-17.173271461283093,-8.344275981107367,-0.6492102772922763,21.274468775543504,20.349233038879547
-13.088744324162525,-5.1244660754955,-2.991917204882533,15.041454016730723,15.041454016730723
-17.148990179267507,-7.444278414495207,0.4249606021359398,19.65563370890457,19.565681506862898
-16.582797506660675,-3.7308661284555527,0.6810640408495345,16.45651072480451,16.45651072480451
-15.181586218242265,-4.380441521273415,-0.12863842576746265,15.88271439625488,15.88271439625488
-15.636616859009633,-7.554475907727971,0.07591870110438492,19.09571778694515,19.09571778694515
-15.446476224967443,-2.74863472020467,-0.15024251991231807,14.758610329507093,14.758610329507093
-10.888092947885983,-9.662257003894599,-2.698013122977194,20.093264840497742,19.42980901724171
-16.335320989337045,-11.974531655357339,1.9709846697288995,24.10203090279517,23.845736814267127
-9.79054667945043,3.758399029649926,-6.6218531847879,5.337232069921242,5.337232069921242
-13.506479364817547,0.22833945191485583,-11.91298125040995,12.703744986583516,11.910722785897677
-18.620111240571326,-0.11555075538758075,-9.917247860139433,13.988128371245642,13.988128371245642
-18.277765091125957,4.2287876685719255,-18.638081734684846,17.271971575977922,17.271971575977922
-15.975424051248304,0.8705018900629469,-18.31659478061149,17.379617715512026,17.379617715512026
-12.701139726951087,0.433713096769317,-14.844748152948188,14.672171282248721,14.672171282248721
-10.475579414207923,0.022338428724779646,-9.231922083955606,9.655105501896186,9.655105501896186
-11.738805723426449,0.18801136100494276,-4.566430892091384,9.338486009605697,9.338486009605697
-15.321029210353911,3.456122664998695,-6.382621940605624,8.41643545291719,8.41643545291719
-13.629126709672432,0.6644891321014228,-4.1111657711508265,9.719940857182737,9.719940857182737
-15.287664036204491,0.9510687404614586,0.5300256753844295,12.165425372614285,12.165425372614285
-18.998341298344013,-0.5658392635107745,-3.3900747643112084,14.377018541978549,14.282161632612233
-16.590497254592897,1.4139945985868252,0.8358178851213083,12.79117847180764,12.79117847180764
-17.264805142280856,2.2849660789634214,-2.8804057586540495,11.269222320693839,11.269222320693839
-12.100246777643067,1.4461075498210434,-2.8491260077528757,8.75218990574223,8.75218990574223
-13.170555633921133,-12.040020524339683,18.511987227071664,38.324584420249074,34.46106034932758
-14.272672543425022,-0.4866986528523931,13.416494208986109,22.380422658794828,22.380422658794828
-17.642141269431786,-11.654065559658298,5.961833059986521,26.202483902221296,25.68341746952911
-17.494032622554396,-7.520381585982525,5.6427601776313026,22.053859206040855,22.053859206040855
-19.213302885262785,-11.168614322182941,2.900659169662134,24.58119441796877,24.339112753700824
-13.736789023297531,-17.27725701325827,2.855118758204817,Inf,29.939104985578
-16.417194522956898,-16.790531402559328,5.348370320544269,Inf,29.93092698156488
-14.702511622761145,-12.948185415901783,4.521681798208547,25.64290015767855,25.64290015767855
-13.44089920160771,-10.214197262422609,6.551438753928139,25.181735710567658,24.92075226207295
-14.634508691649728,-11.320072538208628,8.78169353493675,27.94247838755241,27.7518791310192
-15.46108532097251,-17.43418083856307,15.983107399116456,Inf,37.42540572439336
-15.222915433526447,-17.6511635145959,9.908768425179186,Inf,32.81294377327403
-18.662158162890414,-13.394963308919552,13.621537452267198,Inf,32.030637969534475
-19.38173298973089,-14.771689819006593,11.057443120469578,Inf,31.29851577824648
-15.173749739604228,-11.52485112034646,11.873402947638183,Inf,29.076380282574444
-17.172350311543518,-15.451218436796958,17.75492816118259,Inf,37.136714753159865
-16.969133913547978,-2.76326783315276,8.520609657556317,21.033568548104196,20.77784098055907
-14.388130433395547,-5.316441658437281,8.061755273045446,21.7490203394408,21.7490203394408
-13.775408708497343,-3.836975364717219,7.829826441655694,20.80397820844192,20.80397820844192
-15.287330460491484,-6.46590239473781,15.04662964030522,27.56466768407729,27.268097306916957
-16.294324794465638,-10.133038293647116,17.4071073790748,Inf,31.606228026398906
-15.755040867063324,-2.6587017972161675,13.585685234004501,23.840344031669936,23.840344031669936
-17.198245137802914,-7.160194507031479,17.90858053088371,Inf,30.246099173055047
-15.073172639647945,-3.2421918510292436,11.271398139627653,22.29913905336376,22.29913905336376
-18.51482371938724,4.21630360999373,3.558144330964428,14.801684227777077,14.559630483297061
-13.418298732674705,0.6346640883108812,9.917609180968341,18.608207733177238,18.608207733177238
-19.217628505557094,2.627210681102177,13.844216711534813,23.396599389849847,23.396599389849847
-13.466267959026492,2.5603269764704173,5.584331348812242,14.016983773529493,14.016983773529493
-16.586002001848527,0.9601216441990346,3.6424335473084852,14.912874981494593,14.912874981494593
-14.505917959742858,1.872188398848067,12.80637677158255,21.31335403252368,21.290972313219353
-14.827507798175121,-0.10564783872850825,6.270287186286197,16.689631387410273,16.689631387410273
-13.422491051901355,1.6537453360991528,11.115145493745722,19.27062717650837,19.27062717650837
-14.890610646933808,4.313093622077044,8.213591478232331,16.098022449280027,16.098022449280027
-15.44651516433774,3.1280335594151936,17.033336887326413,25.014372950792534,25.014372950792534
-12.331965963719753,-4.799889619840307,19.181727710975295,31.005343990734897,29.837491498404393
-12.400700079406102,-11.661143487505887,14.29921782084898,Inf,30.735133265688564
-9.502202121208017,-6.3004198245181176,6.34317165999115,21.052655889976794,21.052655889976794
-12.300808141712647,-15.329027435607765,3.505712799521447,Inf,27.779301817150685
-11.863134817425447,-19.712501133116042,4.423804472191605,Inf,31.962677331314254
-11.391532568021168,-16.237422098582847,4.530808013204286,Inf,28.476916873309296
-12.462266348793127,-19.086915764809753,5.814077879293791,Inf,31.646365823726548
-12.593122634035714,-13.893184026917842,8.481551786331938,Inf,28.73831527885922
-11.034643473513128,-12.90792995410734,3.8716045146736704,25.616806039502755,25.093903373969543
-10.63164930772813,-10.590685141988363,3.8768298058035384,22.741871248207556,22.741871248207556
-10.2681888347656,-6.0675431690044235,10.947993252189896,24.411187211694973,24.017263427067746
-10.390518903750987,-5.255779720114404,9.999581976304128,22.76290761990653,22.76290761990653
-9.35530259798485,-8.8526984291952,4.555823548283975,22.465692257467794,22.352914575548798
-12.962227051856212,-14.211953678199007,18.698504113628836,Inf,36.43842695035057
-12.982164915932959,-5.587463221360061,16.160842752843187,Inf,27.43334492173379
-10.780015740607505,-12.106532102728629,19.924166847478695,Inf,36.11725716987196
-11.683417278332673,-7.204270878090044,18.142063201686767,Inf,30.301453513114
-11.231914787996757,-9.969555379954382,17.156985235737352,Inf,31.349337011648238
-11.845762549559131,-10.803619614082756,16.775744898755505,Inf,31.64055626745823
-9.442113368357683,-3.761819421514865,10.188832664386524,22.812709304279323,21.846993873818064
-10.883865050417265,2.8678592861250536,7.4695977515088,15.480309887871938,15.478057244277512
-11.240755690664823,2.996797785664171,5.501213450355451,13.634963454037981,13.634963454037981
-10.272327198007591,-4.021527895602954,3.49097678231832,17.321509058530282,17.321509058530282
-10.199354103899827,1.916724710977764,3.960498415427729,13.384640506522178,13.384640506522178
-9.778703325535902,2.782153336206772,5.849478036382205,14.434760713162731,13.998995728596853
-10.329549194465093,-0.09048484948019464,8.590391749361626,18.00749785522494,18.00749785522494
-12.230106573944015,3.2672208967917804,10.490922361286536,18.152771935211224,18.152771935211224
-10.82804117172044,-0.3538617669666344,18.51831258448363,27.070003615803827,27.034032966926667
-10.822443717879091,3.783687054372482,14.439205315869941,22.376181730356006,21.81213314199575
-11.35393264797841,1.1862166755639336,13.502560551501865,21.760877184066757,21.760877184066757
-10.309573208762224,3.78036225492,11.734343371518605,19.404378699838155,19.404378699838155
-9.184990114504874,0.06305897134058114,14.970500981405124,23.666678442851335,23.296997009808855
-12.230949520609862,7.938935550279453,-19.037689011858756,13.473909133623115,13.473909133623115
-14.730078697171747,15.589830130329815,-19.177812248987223,17.42270385248455,17.348660131444642
-18.292251362399767,12.79431908474428,8.545240909978897,19.09245550084939,18.15000832745703
-19.847663402784317,15.295002486549684,-18.00660284490575,17.738073920881952,17.738073920881952
-18.380946933441365,14.45561336998341,19.9473525376239,33.48830007619917,28.43765112251249
-19.501789898154385,8.566003248624021,-12.064077218221643,12.601576855799168,12.601576855799168
-19.67418578202193,8.567195142891137,1.8834392051398723,13.44998435246782,13.323306144815277
-18.849254179844188,6.304770867170475,-13.771043897237067,13.36908034601429,13.108280603465932
-18.93619508722315,4.875069116202262,-16.744393018186372,16.25838421173668,16.25838421173668
-19.0403312907063,12.971417752653409,-10.218726444794193,11.635986512067252,11.635986512067252
-19.35312319733778,7.497471774371924,-13.222958347260638,13.167443397191656,13.129701012981185
-18.90648573971559,7.766103313996862,1.4970131581414137,12.759426459942278,12.759426459942278
-19.291658099228748,15.160894353768754,-6.362226382155578,12.34333509820447,12.34333509820447
-19.34925743877549,19.761410493946123,-3.3328432214665753,16.057143634808014,16.057143634808014
-18.495760776524726,19.66778636216162,-17.86639282600494,18.75660838407655,18.75660838407655
-19.569660683155988,15.7857184306107,-13.506146353123203,14.870322495393271,14.870322495393271
-19.61715792329577,18.52234213036786,19.29462366451763,Inf,29.293619426451457
-19.931199262904123,15.765878853789523,13.972243390153878,23.84997520956899,23.84997520956899
-19.523240241926718,15.850170732699212,8.654505975389,19.939657534464104,19.939657534464104
-19.129779348266318,19.6763683462583,-0.7178503416752946,16.31513422852941,16.31513422852941
-18.61958322515301,17.493580213346355,2.673747187286864,16.254963845167616,16.254963845167616
-9.434365274695748,18.315314681809056,5.791330103418318,16.329844376223352,15.656008893559228
-11.759971182943643,15.895207353628749,9.760556166444879,18.134433800809823,17.425974837896227
-17.479632326931966,8.513298891833845,0.6803137739795844,11.639990612048258,11.002786970636887
-17.637485603555383,12.385952035745603,-3.088691164291255,9.723504917305904,9.723504917305904
-17.71931254352216,11.870762235738603,-17.581980150580605,16.022516218201208,15.106641169168375
-18.10376687725458,17.78808245435455,1.7904744082758306,15.657134438161528,15.657134438161528
-18.063140970434617,17.34143251978452,2.875093176077712,16.115301858494774,16.115301858494774
-18.170464865379632,15.246268436341111,7.578395043474142,18.28974846471882,18.28974846471882
-12.618140792122583,5.363957906252182,-6.439624558039085,5.14830211343104,5.14830211343104
-12.192723546542927,4.884098654257514,2.266451564963738,9.770790603038522,9.770790603038522
-14.538712872493438,4.465984504302554,-1.6227195820346019,8.390185972709569,8.390185972709569
-17.147768558797605,5.31616996157765,4.099067453877527,13.55773712178611,13.55773712178611
-14.323643231091312,16.294264698508492,5.914800361522374,15.061504010648743,15.061504010648743
-11.885112651942888,7.6334966229546275,-1.3843191133754829,5.612104466332413,5.612104466332413
-16.04498505172404,9.696783311086456,-1.2336300443906083,8.53437776966544,8.53437776966544
-15.384352714671543,8.015989550607443,2.6347117277569936,10.954724681010195,10.954724681010195
-13.74431798625607,5.4202816250836605,-14.766385835407414,11.192347439771897,11.192347439771897
-15.246691670898995,7.330713096578094,-8.566266956843727,6.956536616090132,6.956536616090132
-14.118184487835919,8.898707811618777,1.5235588927258021,9.100000602816726,9.100000602816726
-16.664955467681253,9.191320116942308,-0.35394856330585256,9.52187179783889,9.52187179783889
-15.115307729863243,9.687571886437585,-12.15564502634396,8.704120255390409,8.704120255390409
-11.944954620138217,6.438745141197284,0.7423375720623682,7.790500632312267,7.790500632312267
-13.067456017353445,6.647198235095885,-5.296182861555057,4.7513401438341045,4.7513401438341045
-12.671974007919635,6.166711894853762,3.008346642901472,10.185778567427807,10.185778567427807
-14.707202199532157,15.191275088982948,-8.836156214176016,8.8852589295425,8.8852589295425
-16.77923654878117,18.007532215456585,-12.425416993749971,13.895989763529611,13.64588195011285
-15.00088597480512,13.974939521836603,-11.605069239556949,9.60090917094689,9.60090917094689
-16.023157515893224,11.228883302597978,-17.2451209833062,14.177949997883413,14.098802603043305
-14.240859467700142,9.932831634048192,-18.614206200183887,14.039117481743094,14.039117481743094
-16.26092003014709,11.982142865077002,-12.532545487166313,10.841312360126981,10.841312360126981
-16.351988568073573,16.565754389654053,-14.954581281576509,14.045797337872436,14.045797337872436
-16.298568983143895,15.360597558808863,-2.718644518560083,10.87229226672223,10.87229226672223
-15.331364010089432,12.304122811197402,-3.443008536217789,7.585618176891442,7.585618176891442
-12.928566837485889,10.300355379430997,-7.15699048455229,4.2968812516467745,4.2968812516467745
-14.996375076972566,10.76486475777319,-1.220263209711085,7.868744846632716,7.868744846632716
-15.77111676945214,15.051939449263465,2.818496538129427,12.955775384375016,12.955775384375016
-9.069740659336452,10.7613641856262,-14.394836953970769,8.577910878397171,8.577910878397171
-11.359278866116389,6.067065329500689,-4.164035282247758,4.187967167296254,4.187967167296254
-9.848581375036645,10.128334669598313,-11.480054759385423,5.658995462318329,5.658995462318329
-10.757356238735252,9.787315659713272,-17.500617573073598,11.757301974093401,11.757301974093401
-11.482644428803077,7.219639826416156,-7.564785657488109,3.4324568258655415,3.4324568258655415
-9.139430016827905,9.903105424718419,0.8172347663895323,6.878206888268091,6.878206888268091
-9.046283761908196,6.212645196437087,5.472508102458214,12.819565550631769,11.910863232887408
-9.224744869416819,17.192696334586373,-18.318074853200752,16.11301904811483,15.510538312193116
-10.152481905999329,13.329228007749656,-18.415005530486077,13.303053016558133,13.303053016558133
-11.073836412016957,16.51829449417839,-15.132464882779209,13.120425363809229,12.497065801437854
-11.16332526221333,10.87732154115935,-1.3206953390007286,5.486365324099444,5.486365324099444
-11.123580419651118,17.46292237399598,-14.799212228058165,12.734702060193458,12.734702060193458
-10.278670269785248,16.774383892626517,5.333968282237549,15.805309857280958,14.123628951447186
-10.552567865543256,13.331369262072812,-6.046863564496281,4.601458774695696,4.601458774695696
-10.930023246193077,12.514241285030593,-8.322986796543015,4.633697141287108,4.633697141287108
-10.750102475894838,12.594423740011223,-6.19506810856616,4.00259818941011,4.00259818941011
-10.608654609692225,11.76903432675094,-18.191504624252815,12.609762756340558,12.609762756340558
-10.173416600692438,12.562552447145578,1.6788147613361382,8.545927837067039,8.545927837067039
-10.684204938658759,12.843089794329373,2.6846379570362444,9.645144990484892,9.645144990484892
-10.87158673650845,18.147307077842747,-14.89582638504741,13.290316880424617,13.16073209793745
-9.392835278757445,17.730126049578487,-6.863562667501846,8.781523835785462,8.781523835785462
-10.752452761723772,10.300501062517455,7.643345185285632,13.903557350661764,13.903557350661764
-15.908598398492773,18.150685524835026,6.443880212782204,17.55916424697005,17.55916424697005
-11.872478770817727,13.934401881553917,7.11536869350244,14.839827174267066,14.360474420225982
-14.0004467897473,8.955151240267067,6.97380858909743,14.334472730334408,14.334472730334408
-15.325496684019884,16.786219609825814,9.582701307550792,18.895461147314503,18.846945890043973
-15.112929776228414,13.284840137668219,7.143628807058047,15.132105568332541,15.132105568332541
-17.56292018415059,15.59969504349273,17.860913839836876,26.390186574000346,26.390186574000346
-17.85351340738572,8.567935041311454,15.564102100772992,24.239378456926822,23.757274933576735
-17.882646814318797,5.2746784485744485,19.4707409949106,Inf,28.107636203299847
-13.11992632463654,14.608455702851906,17.11691917870725,25.72530229962969,24.933411487773128
-9.52919933295525,10.780485851579435,12.520124672796968,18.954271410924544,18.789806889944504
-17.54484123296896,7.85022659334804,10.406020288352693,19.022464435097604,18.678069811108877
-13.029345695396115,7.667911618889285,9.988698475306403,17.181024802294505,17.181024802294505
-10.957504045521684,4.975570902072064,9.924415836120364,17.140714466157807,16.850669400802758
-10.184298535175698,10.580901736984323,11.972903976672129,18.279229080974496,18.279229080974496
-17.39247900676979,14.533676740603092,10.43446137278685,19.325614425000534,19.325614425000534
-9.285242515364667,11.3834666794422,10.279265708947225,16.456451001211555,16.456451001211555
-15.885775230156023,13.377151843559616,12.084323282972719,20.13373264869698,20.13373264869698
-12.224943226243301,7.947818049278013,13.013202031392545,19.948282991794507,19.948282991794507
-16.79338436247786,14.39005862455118,13.60445252532245,21.898764909446335,21.898764909446335
-15.516950721301717,8.354994337895192,19.22308381453611,26.769253732657397,26.769253732657397
-14.64582632635552,7.139889246933848,16.699450280897963,24.103885991990765,24.103885991990765
-16.89041426829852,9.4514904497421,13.645869490395334,22.350799510100906,21.622453336001122
-13.505338841651335,10.011160173374183,15.561655957398948,22.29174818080833,22.29174818080833
-11.106812159295112,10.708549371513971,14.61542926661025,20.896556023776334,20.896556023776334
-11.715633239642704,9.738041722972621,13.43935961098132,19.805917926275377,19.805917926275377
-12.200395950942182,7.791792138276161,13.045489951714288,20.0332659916352,20.0332659916352
-15.682433066204329,17.19440017008732,16.82733160198118,26.320576009217262,26.09758675916099
-13.694714010497524,17.157617033504778,13.598224127273426,22.30555364659851,22.30555364659851
-14.997625506514076,17.839303443252483,10.395063868012294,19.848377511999022,19.848377511999022
-11.000871883004777,15.498192825989143,15.739151782448893,23.29489827423584,23.29489827423584
-11.330449623086096,15.390742375902619,11.22059899718672,18.794165482022052,18.576594858648193
-13.324521691408009,17.518361695475207,15.877182162103324,24.064434092672457,24.064434092672457
-10.445124733442874,16.698732739811177,19.34294326151538,Inf,27.068651284811985
-17.278402336639456,19.99828251372722,2.1256684263048875,17.281040544484263,17.281040544484263
-10.265564843538133,18.754673074420403,-5.758455595167256,9.839392504699063,9.839392504699063
-17.547335510212967,19.24884704308097,0.44610294675359086,15.847876492464154,15.847876492464154
-15.506552023972295,19.520565608844755,-3.4552405360828757,12.840126611856894,12.840126611856894
-14.774028485046218,19.523803782157934,-9.927436749588958,12.787506210016495,12.787506210016495
-12.266849850388502,19.803526256101527,3.5419152604019004,15.883868487703019,15.883868487703019
0.9516716872266962,6.131431370985354,12.16744612801353,23.640750422869086,21.99334963709515
0.30845786698309396,-8.566649196576144,17.473690794138165,40.89872139399465,32.82559354430317
10.518971531974195,4.869372206897946,-10.407312225378798,20.43224747019132,20.43224747019132
-5.141120427603649,-7.707962596260005,9.929794913998897,26.432231970653028,26.085326572210494
5.918479091298366,-8.138443590293951,1.98303680263054,26.837487987586314,26.004012258652498
-5.680532719572247,-14.330554143762697,-5.054005171195595,24.851273617021363,24.803169935018722
-6.512511609010314,-14.210408475352612,-10.635556728394109,25.3211386051631,24.819908761729593
-7.260919739228813,-18.04311749807762,-2.079312236284487,Inf,28.767143937167106
-8.655959939099276,-17.323590867682466,-10.123544227866468,Inf,28.266923277968676
-6.837436284710039,-15.10220378889196,-6.903051957243953,25.08746932722295,25.08746932722295
-7.557196401978894,-12.632819642977404,-12.458780526953035,23.898044102103178,23.504979675046545
-6.711856947184858,-11.586374459608368,-14.471421895833254,23.100873860826773,23.078770249879106
-5.730299972063317,-13.308861031859456,-8.206336385926942,23.45946823388814,23.45946823388814
-6.578360286997587,-14.130325401722006,-2.710662280193901,24.745399008273978,24.745399008273978
4.111711836648311,-13.34906443477065,0.4443344889569367,30.67497820651264,28.20612233952445
-1.702240093888303,-17.678641719887807,-2.210365535342582,34.24924522257327,28.873239673008726
4.5987315372649284,-14.53831935146205,-12.661545374203103,30.552714184648643,28.63611875135539
4.549759202069019,-13.9379694025292,-3.4765987570222094,28.33573693815721,27.91427167387675
2.84223690225593,-19.51009675073493,-18.44298647867964,Inf,34.634561229847456
1.2544632538763238,-14.529161587906021,-19.835099333572998,Inf,29.59157586166531
0.2957266395243785,-17.716664294166584,-11.575546736906475,Inf,29.25629577388758
-3.229295082425921,-19.302946951976807,-17.2408578747591,Inf,32.00837091742014
-5.505275238797909,-16.834153388152828,-8.74942671458066,27.033439335198114,27.033439335198114
-2.7464727311427666,-17.042501179690753,-8.93977397958599,Inf,28.06333130184619
-2.8634461915018505,-17.33877838825392,-17.548888800973785,Inf,30.114841804643255
-3.3225555878396307,-16.283646138089367,-11.045092650836592,Inf,27.032636341825985
-2.09814432139342,-14.82364770195483,-16.382069455469814,Inf,27.530044510658637
-4.755236205878255,-16.839220876912016,-7.328058097868793,Inf,27.225840856845256
1.41273314262774,-14.83905376695863,-14.167672321049958,28.208675732177923,28.004367175052444
1.1093087780359596,-18.470076344584268,-17.63663026878188,Inf,32.10682367260757
3.623366152911931,-18.195480296012718,-5.733145989101649,Inf,30.773592470086253
2.9647147475392828,-14.827737315987424,-11.137242776996539,27.363108173328527,27.363108173328527
2.113440200595811,-14.203059242559837,-14.60774650809614,Inf,27.772118658918796
1.3318885545016883,-14.591074434796445,-10.94054699082121,26.50407474581821,26.50407474581821
-2.083488818486856,-13.63291603592069,-9.975637650134317,24.524498130544323,24.37574047491057
-2.7797118341486566,-13.488851341547381,-10.428499955943229,24.437032896471017,24.165371127033264
8.898106136312201,-16.828036489815588,-16.08019222191471,Inf,34.38369988932042
8.479598462323239,-17.191072965161858,-10.566357293438564,Inf,32.53352520629465
5.447733989985338,-18.8774920875639,-12.015333839090792,Inf,32.180586781541464
10.257424239534831,-17.892755760381924,-15.931003949074025,Inf,35.680274294658325
6.087623890121581,-17.083382914528258,-6.765967630727809,Inf,31.155884344246793
6.096165882069975,-14.929259037924965,-16.077890405283036,Inf,30.569505314103452
8.005434170105499,-14.299580536563727,-16.829618249602525,Inf,31.515533923444494
5.709451929259075,-15.677108245636306,-17.5955295376249,Inf,31.477800678177083
8.092775602744595,-15.732869466118888,-9.62224990328771,Inf,30.975531002669225
9.285810344165952,-16.252201678573563,-14.184379800385614,Inf,33.85388887496687
-0.5618582938197569,-15.417905748904595,0.00585185221877893,28.060363414646716,27.584723877400005
-1.4635946954046197,-14.049167715152828,-1.0836068350610617,25.61660483265922,25.61660483265922
-4.850424875154662,-18.08167436504114,1.5557286533139632,Inf,29.740306087334552
-1.031263844534216,-17.089730236440587,-1.7890950401316452,Inf,28.57539772949974
10.314009711858631,-15.688477271339991,1.6585367326774936,Inf,33.13854080675109
4.098755779447131,-16.70717835095239,1.3831015939709879,Inf,31.553482995795193
8.009011053925661,-18.561500819572004,-1.410615872081209,Inf,33.76852613655083
6.913707105460034,-14.058340900268531,0.8805370825972219,Inf,30.291313800496095
-0.7724933080855507,-8.625039184838457,-1.8939752578380897,22.42677516504167,21.56402485904505
8.433884022054372,-10.959960707874226,-2.762398606249718,27.16906325446083,27.16906325446083
-1.5535756143652257,-9.976934742037997,-15.774255688816607,23.183639301056367,22.87604887944305
1.925602327014353,-12.205675234357392,-3.5183216608095336,25.290897030257575,25.227410606277214
-0.21334493858462977,-10.734148937951531,-6.499293026461261,22.34870084364649,22.34870084364649
-5.359573203682819,-11.501659382405736,-5.909885364123637,22.020016595141364,22.020016595141364
-4.3295818218909865,-12.72713942370677,-6.977627892305103,23.33800502787531,23.243690757591658
-1.5500467224615448,-10.86103315044622,-9.177978344687787,21.762638997791445,21.762638997791445
0.6401475677083539,-11.20342125224811,-17.12522067989431,25.9868764379979,25.698191910619492
0.868804847094637,-11.771821693883924,-10.83250182395906,23.64500036845569,23.64500036845569
5.56412400565052,-11.268085340728184,-19.066999395928505,Inf,28.37295255873539
2.491596352687875,-13.33077375564744,-19.264288685823114,Inf,28.83550234913074
0.21964888534131433,-10.785621165706196,-5.694911301927359,22.840409497479353,22.840409497479353
2.845145975838985,-10.595841535741668,-17.162106779147308,25.6287515879875,25.6287515879875
7.999970357908779,-11.189647368401134,-18.59151097181308,Inf,29.77864121618377
-1.3389194677405136,-11.503788308032208,-3.016563256058376,23.054453657599698,23.054453657599698
-4.182147440815767,-10.064707772823258,-2.1915438073971245,20.865600516737413,20.865600516737413
1.4004598536472024,-12.616312438192905,-2.8742487774774617,25.594774309480094,25.594774309480094
3.469091009464684,-8.028557079094414,-7.910286263251942,22.41468274552368,21.605852918928072
3.765925064084719,-7.967888792685489,-12.109340764388454,23.342492975927968,22.376635139195834
-4.225711159793466,-8.960835992331386,-9.982753652795404,19.92876598533709,19.578254907748008
-2.8740940635996353,-9.848853660969255,-16.10854692894329,22.487675194040413,22.487675194040413
3.1300619741884432,-9.674311681690195,-8.297516318254168,23.032636816188184,23.032636816188184
-0.3073031258473158,-8.896301983098045,-12.834106444185291,21.675605726128524,21.675605726128524
7.981829774212883,-9.235230042292466,-15.54420574825306,27.198033997429256,27.198033997429256
-1.0909495898320287,-9.199078842085946,-6.5777418298994395,20.690257603071693,20.690257603071693
6.028008634586577,-9.662249122338586,-2.6836567151957595,24.563001472286608,24.563001472286608
0.7170397043380206,-7.799303145788992,-2.0211171655464,21.463035619877047,21.463035619877047
9.539017306004496,-10.450316522379639,-9.54012515656844,Inf,28.698728184886146
10.128666626015821,-12.55009681982945,-12.887783680890568,Inf,30.377275532242905
8.44747276296225,-8.456455049803937,-4.848512688132782,25.095667501460433,25.09506616902791
10.006979234071078,-8.424642076361675,-9.394449172902224,26.889102143087104,26.889102143087104
2.9965473460731147,-9.539387986605243,0.276546032597615,24.444478474863885,24.444478474863885
-1.403297451988852,-12.980692481332206,0.8336750173082024,25.475282042933454,25.475282042933454
5.3918003452892975,-8.32768749587462,1.1656175505725415,25.013367018956586,25.013367018956586
9.465590232049976,-11.757740489173134,0.3718116355441303,Inf,29.617102594154893
-8.26967806499213,-16.578753391975837,10.833206940014904,37.46466278429528,32.219584704068026
-8.546782171257412,-12.911183722294055,16.293004654014794,Inf,33.263746378932375
-8.539936250090108,-15.932494839180444,2.5175934591305733,Inf,28.162157254948536
-8.594470019213585,-16.502254015353593,16.179714238441917,Inf,38.48049809069903
-8.765475204527364,-16.316374135463,7.381469574791986,Inf,29.709555235288857
-8.954354748210713,-13.421963041226164,6.861479272596842,Inf,27.184571330559358
-3.889558424727902,-18.579686362494414,5.4425049797813045,42.259405648535385,33.00323221277603
1.0904384716655997,-19.103791410515676,1.9921710880222037,Inf,32.061192946134334
8.363073028273877,-19.53920207450384,8.548175520767984,Inf,39.95960736173413
-7.67131731658238,-19.487597518388775,11.927269227495536,Inf,35.359168824790984
-1.395380821025718,-9.963581814636902,9.06224976016712,36.010525979924466,28.377666911938686
-6.575227811694564,-15.925965936231856,4.6037983518927135,Inf,29.483403698170967
-7.05676973624592,-11.692874645059872,4.206789604410073,25.32297208618329,25.23608537720395
1.515529768076334,-11.13596932212209,3.18486070564715,27.67421262173774,27.58891197266675
-1.7175328091471869,-15.569249885529537,8.363898464079924,Inf,33.12138795350959
-4.1938327701429845,-17.1160596136627,7.543544294772051,Inf,32.30446727985141
-4.397199431727206,-16.71952755106039,7.707783845279479,Inf,32.00110912555902
-4.289401733530447,-18.24515127532659,4.34388692157021,Inf,32.350117312496714
4.605635991995545,-17.277293280332326,7.55576872481992,Inf,35.463004674883706
-2.2244614747997993,-18.365092113129506,4.07501952452354,Inf,31.81345086063727
9.628426661452039,-17.520333416271285,6.811023794109346,Inf,37.090700764111396
9.336321240491632,-11.557421376202335,2.1446939510306606,Inf,30.20461124634163
4.614417070939325,-13.817549156222588,8.206536021601565,Inf,33.547931736396166
-0.8189082706035222,-10.567162141372775,4.276204178162537,28.032804512077618,27.787978328045362
7.2519618646121415,-9.338805006031592,2.718735950748645,Inf,27.639149999760804
-0.15186978294147835,-8.866933807598958,8.625307376318887,26.663060484801363,26.663060484801363
-1.6393328598680057,-10.887590620047485,9.012899141349884,Inf,29.201923957939336
8.638342802885333,-10.702259962199108,4.53715062418123,Inf,30.26178274117575
0.2750128197465713,-11.135018282075295,14.942262779954604,39.68942075465095,33.28614368806678
-1.8430089922677766,-11.414121985820875,10.018237872890712,Inf,30.022878159746554
-2.797191596239024,-12.562995159836747,16.397302295416374,Inf,34.01276942118858
-8.156773528909529,-16.966998114081207,13.469164522871608,Inf,36.31155980331861
-0.2184950657625322,-16.888911495373698,10.134551341472822,Inf,34.826049048913184
-3.9807408032475244,-17.423347192605824,10.607603901171984,Inf,34.361363086756285
-4.359752125714325,-18.307269607963505,9.225646067069498,Inf,33.966093676717804
0.1667506371240961,-17.558608688862467,12.672606962639072,Inf,36.25614993268505
-3.6392067316126315,-13.508849131734797,10.183097418192688,Inf,31.627595299178854
-0.13165777847888194,-10.949092660719657,11.093629555622595,Inf,29.89236511515074
4.48242328246959,-11.919822591805218,13.442462703605486,Inf,34.011651342377746
8.540157270503322,-12.928357540341908,15.542781992879526,Inf,47.31238679711248
10.281366507391667,-16.903146956342248,9.982533885894167,Inf,42.32208348695907
2.002478557005986,-16.015432948658077,15.460635636739994,Inf,41.22354679736628
2.681603778770647,-12.173094378489902,9.232420553764868,Inf,31.05940630328108
5.512831120151127,-13.25509317363946,10.743166099158714,Inf,34.135015015790955
8.467834012933011,-15.568003851319254,11.928572596601292,Inf,38.0703404741811
3.2502658631730057,-17.25414133508088,16.274488763305413,Inf,43.161000936087
2.8270228442316707,-13.557608281730742,16.061116917422417,Inf,35.94570514233643
2.766961238177501,-9.278828543887254,10.258003563211801,Inf,30.03276798580544
8.007011049687218,-8.499329199314012,15.533334798823411,Inf,33.78960604261695
3.5711343133198454,-7.91374258515801,11.833520248861575,Inf,29.714684972792377
5.137200589654157,5.923549398662146,-3.159816035344633,15.924992105502318,15.924992105502318
-1.5101022127945924,4.719018065931468,-13.380349623344099,12.419128722372335,11.591054483326321
-7.050299617793119,-4.991251458962207,-13.101059155139962,17.763750035289295,16.354149241264512
-5.14543374239981,-5.3089780311468715,-3.858132773707787,15.735064028482675,15.735064028482675
-2.1997594178864155,-7.435426663428206,-13.782225939993848,20.20427592099794,19.823731638992893
-4.95145051402762,-5.195832984082669,-13.16361769642266,17.024440274827143,16.63785503440735
-7.182917795818362,-6.617313189208165,-7.493405111236067,16.575052349093383,16.521770753237597
-5.448844621458031,-7.6189896896604825,-14.21826654401956,19.338484589088676,19.338484589088676
-7.298960360166493,-6.9342514517083575,-12.869185030698187,18.123560681135807,18.123560681135807
-3.04875665725789,-7.029128919738374,-17.930200407671684,21.1099230925258,21.1099230925258
-4.2844531207666225,-6.097565414225352,-8.630272352286061,16.411083505746834,16.187734849279416
-7.948831230376925,-5.987298819949833,-3.352923813440878,16.549027137541824,16.549027137541824
-5.555251724055275,3.4777550162150206,-6.5614778448862054,6.532743506051694,6.532743506051694
-2.671626698093341,-4.495760245959222,-8.725604852952014,15.283496881248563,15.283496881248563
-4.115687581605574,4.662653889635351,-8.712410434176618,7.0729236843760415,7.0729236843760415
-6.395307815298139,4.378895319144593,-8.561560348075767,5.890723322759672,5.890723322759672
-5.337155054104672,-4.756777416617748,-11.976058165318832,15.700871076230584,15.595332412760879
-8.296214665155315,-3.216215887750611,-8.752161520118404,12.78145768569566,12.78145768569566
-6.999257515383004,-0.21917772614875375,-14.275292783461397,13.24964778991271,12.691991005923365
-4.809557236813413,-2.0168501415864526,-16.130990425678362,16.56010258125149,16.56010258125149
-4.583538631200064,-2.7615290130040293,-13.429283166661898,14.72038314962569,14.72038314962569
-3.544631039228598,-1.3494905263287365,-12.664063084114154,13.491466126949529,13.491466126949529
-6.3346881498757135,1.9363388996309894,-8.289709010972768,7.889357562831664,7.889357562831664
-5.939613876166119,5.616760705544248,-14.204562698690832,9.38760461604841,9.38760461604841
-2.5650116061411232,0.25590381617567104,-11.209018179844454,12.109988629404011,12.109988629404011
-2.1089645352932074,-3.7881565647593973,-19.466221874812668,21.315629082717095,20.858799061695606
3.292361762606628,-1.971472994922749,-10.738193296691998,19.380615064217594,18.394231329215174
4.280310419753988,-6.319432766714241,-4.927231189109893,20.575644311740284,20.56152892463711
0.7817439891792048,-2.4295996554980803,-4.954777292148291,15.34386378403741,15.34386378403741
-0.39557296540397147,-5.545839075771504,-8.702087872953399,17.790215691019096,17.451058915406392
-0.7223969469973568,-5.31870540958117,-15.673389525218617,19.485767117901528,19.216474222132923
8.336188932387625,-6.13886300777903,-15.728510503428073,26.34717239331185,25.874741016410884
2.828480231782695,-7.299355479987346,-7.631562172494837,21.265757765913957,20.62600939958807
3.0922855865594983,-6.919645941008916,-10.65692539258718,21.264131532489564,20.968394520532147
1.0707168862945267,-6.503330062955088,-15.086211659972406,20.70873235077658,20.70873235077658
4.768967027242475,-6.426659231909628,-12.4874192349274,22.22968942519059,21.863760772650455
6.395185423394025,-4.512055814078666,-5.343770766994149,21.343752475608497,21.343752475608497
1.3610544133540685,-4.325352770079238,-11.890084757977348,18.181706506775164,18.181706506775164
0.7859947607293734,-3.0027723342885366,-6.053773325061105,15.613845069236039,15.613845069236039
1.225531839434737,-3.003286849739368,-10.720260215739561,16.629425820023037,16.629425820023037
9.62915262424741,-2.1485026570636023,-15.191207453643907,26.141204480547632,25.738368788988137
3.358611815558188,-2.2491050588783494,-18.563195057330823,21.547007625290455,21.547007625290455
2.680163636918948,-3.641748408421506,-6.410113510089532,18.025524699475756,17.64439782213505
10.515678677558256,-2.5604090979079253,-13.731405105015932,25.437319827069157,25.437319827069157
6.497972314145201,-3.604515210573549,-15.687618804381556,24.513020322341276,23.898177807083254
8.604800095206091,-2.990948550427319,-6.278430462107636,22.273470910618148,22.273470910618148
1.0137392120643511,-6.7852825427667,-3.521560375972914,19.935149652582027,19.935149652582027
0.4867306974414376,5.461831735885649,-9.917599076571886,11.89717688140062,11.125713533677438
9.009243755906418,-0.9134211509121286,-17.25081521944503,25.664136543156822,25.664136543156822
2.8464291548543557,2.8332455220806736,-18.239674468798857,18.384326272243985,18.26127934074863
5.553531810935635,-0.7895962004613644,-19.337965488797593,23.038317043803758,23.038317043803758
7.0543960946157895,-0.060169112850083195,-19.544564623467203,23.655149009873004,23.655149009873004
9.00512187306959,4.082053863569328,-19.752423843771094,24.847872430712098,24.519885060620382
2.7404740026606405,-0.6929958833478977,-7.511636895309337,15.866393950556361,15.855394478638166
7.306019166802116,0.832005619607763,-7.6534176264668385,19.357601457148736,19.357601457148736
6.889101209180986,0.831684781444892,-8.090822016567216,18.929520866565603,18.929520866565603
7.69607657268282,-0.6387648908933556,-8.539946057669985,20.094805859679354,20.094805859679354
8.378700476907845,0.5005296054222867,-5.036043345909205,22.12776757732081,21.07461512105649
8.754565134326569,0.14907363589096434,-7.586055542309946,20.867428007895324,20.867428007895324
9.163632588817244,6.091976807497012,-4.641851219584128,18.79000682303066,18.79000682303066
9.673561295370689,0.9465372659448157,-9.516950362381538,21.847740210770308,21.847740210770308
4.094002965630956,0.9122378542008924,-7.958490961291771,16.130132630393778,16.130132630393778
4.4792832331925325,4.606114886876156,-7.02297593955894,15.07384963025595,15.07384963025595
-5.156913644862566,1.5252557326519955,9.271951738645939,17.946990210478575,17.946990210478575
-6.448030063985355,3.768771633761947,16.514080088192237,23.854403223258487,23.854403223258487
-6.809160741736733,-2.1324269837233167,5.792074712055488,19.29152582029166,18.974248024937403
-8.986206680101878,-6.5430032197711885,-2.39301499444408,16.928419833037772,16.928419833037772
-7.200386369938627,-3.396646232830662,5.595760998123591,19.70126951020865,19.70126951020865
-8.552387265005539,-5.657653669306253,-1.9320891227623882,16.498431456073856,16.498431456073856
-8.90238953097052,-5.855803231098156,14.570356367814256,27.675670929009684,26.435763251169305
-8.403081590069572,-1.4930135642556763,14.887666891700405,24.43571319330634,23.81912662741299
-8.805747043880743,-2.4020248539957407,13.209219633816573,23.355555633977048,23.11693216904062
-6.458430243754725,-0.004649718968742889,12.759144476816537,21.18060647715662,21.18060647715662
-7.159321275031578,3.7853659739771146,6.600476776514785,13.915301594824408,13.915301594824408
-8.64470933385137,5.736255864101825,11.565781524030186,18.94461165717394,18.94461165717394
7.96619434777492,-1.9134953015429517,10.70925111980803,48.296759411695206,27.84935203815226
0.4112307062155267,-3.9958483244729948,0.1937269284295411,20.73807463412716,20.73807463412716
9.62650809200353,-3.087063508609642,-0.20658931476940268,25.874256704624386,25.874256704624386
7.7408431862069875,-4.103959132679149,-1.9720637107961991,23.098160760635675,23.098160760635675
7.637027975510826,-6.29019437518652,-2.689969160602388,23.53095520869229,23.53095520869229
10.186302308777371,-5.149637581474851,-1.579329696356126,25.786646160361087,25.786646160361087
5.107410175027365,-2.2372658146528934,2.1253827429255523,23.64308340879619,23.64308340879619
3.150456993065429,-4.795052535838442,5.847404207977178,24.145471153909668,24.145471153909668
3.7601798798979935,-6.61058836016533,3.303288576543963,25.067412456993026,25.067412456993026
0.46588918382861166,-7.618858827255588,1.253293966344362,23.44129076797836,23.44129076797836
1.2188759979889667,-5.435401021518027,1.3903711626681954,22.378551777029955,22.378551777029955
-1.4230528475059074,-7.269339905879715,4.432127028462574,24.431650855649576,24.431650855649576
4.917742919918922,-4.083256809918554,0.5424109116892311,22.41918337313418,22.41918337313418
0.4355903740893652,-2.100908820087799,1.878675876028808,19.331025178446897,19.331025178446897
-4.391666515106332,-4.102446655255614,12.020612770391466,24.354682526584153,23.878000784107286
0.49999855816964356,-4.034813929374037,1.439475058061248,21.9425421722535,21.036752259995694
3.6209481485265194,-2.3826388009433046,6.492072120465949,23.259346505664503,23.210224801282223
5.69410023884015,-4.289034974998174,12.615704013030935,Inf,28.169223201880516
9.121910377045694,-5.848119173831554,1.6326382970492688,Inf,27.10729161878182
7.385232098896282,-4.033421300256181,1.3225079406517715,24.59495069192554,24.59495069192554
10.226549616498186,-3.661747094275132,14.96303149482305,Inf,33.30414565183611
10.120159001538447,-4.202611087193038,9.118904895310578,Inf,30.50174191475555
9.394281133073534,-2.3264656141026308,14.713159530805541,Inf,31.361871011228367
9.206484917873041,-3.831420779235959,9.770194044481126,Inf,29.895857152914044
10.437237628415652,-3.5960981341863274,10.578558883296864,Inf,31.20855495167236
2.4605009075840982,4.567225506464261,12.580195687473939,24.33544983495987,22.950407434037402
1.0657642070476925,3.6790836357926437,2.7016765489577743,17.32096909050177,17.07819122218187
-3.718285190357669,3.4843944444635184,2.7506428384161623,12.315996942907656,12.312286960054724
-3.5033313341545664,0.4485152036571023,6.34709062929133,17.027387888005165,17.027387888005165
-2.1367587121731972,0.18530540829264197,5.465665883997914,16.871934234818234,16.871934234818234
-2.2744019778860114,1.0226661701833422,11.698191212891047,21.70767020922267,21.496966268255054
-2.9934202864270176,4.58600852425171,5.7014222708534135,14.905803702676733,14.905803702676733
-1.705110927641826,5.367720892524133,4.158896040521398,13.521123125637297,13.521123125637297
7.246992323520807,5.6031452749811095,1.281772808310162,20.41492876615822,19.95202761221222
8.750395002144636,1.2355005160702675,5.153491433285602,26.4420960498095,25.731593830389947
8.417548349928012,-0.1709736627459435,4.745481558998872,25.867828759678858,25.867828759678858
8.165596959767186,-0.3900035914189033,-1.2947246492569704,23.171418936122603,23.171418936122603
5.961258079634845,-1.8003990729401735,3.6859944130646483,24.517722197229272,24.517722197229272
7.671596938048246,3.330479987014492,-3.1335473710017148,19.16647138914903,19.16647138914903
5.167202215406057,1.237483029196902,-1.0990387332394675,20.15394281144539,20.15394281144539
4.961614825877074,5.427477891902363,-2.022027810304472,16.746484838725785,16.746484838725785
8.396759255981756,-0.6799561076473815,10.611669173807499,Inf,27.31969534563643
1.69063986589995,3.741165170894611,10.809756056030988,22.025358782106842,21.163815446626646
6.269836998429319,-0.003527359373478589,7.365031480898541,25.058440634052616,24.787918950777616
1.428791012700266,-0.4830302692328914,9.384974405277298,21.602934416476888,21.602934416476888
2.374733408309922,4.149556198871814,7.735820147812955,19.08200804584398,19.08200804584398
9.550532453550833,-1.8041435146579516,5.18377101539005,Inf,27.903263453261527
8.232803984455401,5.995814528704166,6.769492433690374,23.47631650488611,23.47631650488611
2.1451467020883257,5.688270825610672,11.300834842652677,21.641130879838357,21.641130879838357
9.491701097442863,5.999744613977747,13.640115428251988,Inf,28.284287526718817
7.284543433857369,0.7435760360551846,14.653071725657952,Inf,28.222867127334393
9.354862026000106,-0.5582912520181438,16.836095907110106,Inf,31.581157456816563
5.549805794797258,-1.1053167888538695,13.251128102303667,Inf,27.28775171836044
-5.037380882519242,5.007406896723712,13.171324007466126,20.674176989376548,20.674176989376548
3.755960088038073,5.472258731585153,12.92012136866284,24.82939249276287,23.935356204961906
9.078358068706063,2.9388921122240603,13.986316917272099,Inf,28.327168995399653
5.4652282764237725,5.163083291890665,15.947286356162714,Inf,27.3759608924208
8.024932808754652,3.695071778381937,13.479549119850915,Inf,27.15181175209869
5.86852261914542,1.6287796179273002,13.528737593422193,26.301341128091448,26.301341128091448
-3.1186914680648954,5.876025049965357,15.05942734974137,22.866735999452704,22.866735999452704
11.811386228181107,4.370697720878578,-15.586680753165307,24.37833155948576,24.37833155948576
17.906207956666492,0.1633599604869218,-17.616278709411112,33.47272187594825,32.057381682777844
14.772325700271736,-17.43266401762292,-18.06940226246576,51.351385103088454,51.351385103088454
10.965851091278125,-11.369360068471428,-19.727380165801538,58.69997642773421,32.76201120775016
13.94297759574448,-16.83322368339251,-18.479440307030313,Inf,37.91446511948093
10.95749035573462,-10.530139350408794,-19.479920066942597,Inf,32.29913125302108
12.291733752848657,-7.936215856903539,-19.942385388883377,Inf,32.39973826583262
11.419472268754987,-1.224466244941933,-19.42608929037931,Inf,27.94307478582559
12.563834860724654,-4.966067556242848,-18.12215800725042,Inf,30.752499116160372
14.26090599115409,-3.322932671564498,-18.863808363217487,Inf,31.51987038852626
16.657361508658475,-2.3048274849624377,-19.359443201774262,34.864495843467886,33.420330658320246
14.859630745127475,-6.326809567607956,-18.319850900309575,Inf,32.79323764062875
17.171985326705553,-8.62132007849306,-19.533485460211235,Inf,36.28254986231255
18.12210118934047,-8.099940110272854,-18.943664552608432,Inf,36.421402016906455
15.806978790116197,-11.360149891293378,-18.196640425481654,Inf,35.72936749241909
16.884036460319827,-4.911052891590693,-18.111484330657657,Inf,33.51609455576022
18.90053413373444,-1.0860859039073212,-9.369693615043486,31.361142532712602,31.2970930595192
16.75620719184296,-2.311231252446646,13.83591817564244,52.44571129989756,52.44571129989756
13.262968715957577,-13.078770599687353,-14.728443112629117,57.04318222190056,33.78048803950443
17.43295347156318,-16.93245993691992,-16.257642574418043,Inf,40.84631041474505
17.071797441399887,-11.48886924587912,-15.473447190176772,Inf,36.563470913237765
16.588630580704084,-19.178062446002482,-15.03713917897123,Inf,40.72364922396164
12.693097329443503,-16.85434427022428,-17.608353562455832,Inf,36.39083823738345
14.771574312111582,-17.265977651797975,-16.70279830724685,Inf,38.18670153878241
12.86057068315366,-9.274635008788481,-16.918131275148856,Inf,31.884544418063726
10.778256546352658,-5.0153884682912775,-14.801003683656901,Inf,27.439145389766455
17.50737437369235,-18.38496635204253,-15.97238760568815,Inf,40.277064007581494
14.11659593731283,-11.362422642033652,11.66164887071244,59.731416460368024,59.731416460368024
12.468838502180645,-7.735359347351638,11.843156430754995,55.74347993842895,55.74347993842895
11.249317475312388,-8.260544165922914,-9.055283633520848,30.575813961251512,28.18731849368695
13.123765060331223,-8.974108308425874,-14.102080361769023,Inf,31.11221595347524
10.82458757103673,-14.88964389409035,-9.458313786487107,Inf,32.4002867353786
12.731207659136807,-9.844040956415157,-13.49609985539292,Inf,30.95283165292459
11.882339750919275,-17.402341584687644,5.840388966426264,Inf,68.41240651988994
10.670233838412084,-8.502599039909953,8.536551359045035,Inf,32.8158227088023
11.009279698583534,-13.993180619962171,14.704008917076749,Inf,41.95911645761761
10.917676664224345,-10.864426537423144,-7.298792042329261,Inf,28.962294412915355
11.397600199313551,-13.047490321279858,8.63043948452922,Inf,36.685019844043815
13.87790144039269,-15.875284100979536,9.832465732062616,Inf,64.24563910209879
12.962391673156752,-18.315802530905234,11.090847102541439,Inf,45.008647111528816
13.1130472578117,-19.50223294478566,1.7326161322095786,Inf,37.86980187308732
12.05482204035168,-13.693501464927289,14.381662172506502,Inf,51.09213717339478
13.803984422456267,-12.520299574325415,4.523777126811829,Inf,34.9943525779082
12.363841780395923,-15.180787035318017,8.805967165014827,Inf,40.58965682202791
12.096169142612759,-12.38519124915781,-2.1151311647978943,Inf,31.10481588626509
12.546599420087844,-13.551344431133776,-8.211088192328795,Inf,32.23417481681405
12.463453763545886,-8.24602644786979,6.5328938125082985,Inf,33.002239097746966
12.656009537935248,-14.703326467552937,7.157591746387759,Inf,36.453074355072175
11.0,-3.0,0.0,27.064250041395553,26.974951582830293
11.04821722245406,-5.898027447287442,-13.167119873395814,Inf,27.420349437042496
11.09515165556072,-3.7429337952441877,-13.979010391492048,26.777268322324172,26.777268322324172
14.014037735432211,-7.009758630029959,-11.891451690134875,Inf,29.672842426876795
12.754156614713416,-7.008959065840923,-12.907204528127254,Inf,29.32716710076524
13.186016752490097,-3.6119326557508487,4.160438661635737,Inf,30.673253271246637
10.817702803750862,-4.950087969478627,9.276636275764012,Inf,31.39192729748433
10.935575086584262,-6.628147927864827,2.243874563696906,Inf,28.959216682853533
12.862364176708581,-3.352403161088713,7.110064041433244,Inf,31.8234254303039
11.781658696430117,-3.1748372793224107,13.956941555089088,Inf,33.591621215329404
13.721525037511235,-7.189275524537795,10.244193435250235,Inf,35.18432908644156
18.37196079201469,-7.239714332245102,17.460003452503408,58.1538820195252,58.1538820195252
18.88194381611096,-18.826388750958635,-5.2250116709601,Inf,56.1404482520216
18.36501823947941,-13.80226783309185,-12.662646127538135,Inf,40.289565179584734
17.944795266223785,-13.245544736642314,-8.50855292764714,Inf,36.21834852087982
16.313177765374512,-15.822028925237248,-14.330346781807881,Inf,37.691812156753144
17.957414805690142,-15.278358682399436,-9.103473881854223,Inf,37.465093165254174
15.163000617376888,-15.194072318078193,-5.405144605885361,Inf,34.62416055984109
15.836036511468699,-12.433873028995235,-12.676833429096979,Inf,34.68819747396057
14.942420308462097,-19.47452594877297,-5.1483292360240895,Inf,60.13366844258665
14.323094237475274,-16.357061993443587,4.477769149562512,Inf,68.48339861566129
14.711257424480479,-16.353477711237865,-2.049439334459919,Inf,35.475913043778704
14.590533347632999,-14.548928429187828,0.4425881784658898,Inf,34.98295860268379
15.51957394298256,-16.809823126372805,2.361619499265963,Inf,64.68029840264066
15.075225144141527,-17.545179678545626,-0.10649120433110681,Inf,36.89153027261946
17.264748454595434,-16.05971019772121,-1.7597452112909195,Inf,60.86039557066398
15.595298896959221,-9.78572906723751,-4.629179185629999,Inf,32.16064166578863
17.230159253041805,-13.39882633633005,4.650510426807326,Inf,41.78562118609801
14.976524469506963,-14.092537905945868,-1.3887299242946582,Inf,34.38889314818734
15.485428972100763,-15.902987000205195,9.79011668910313,Inf,41.80449799887454
15.034686368528433,-15.837610774651578,9.143275442521954,Inf,40.70377266416345
15.665941505910695,-15.05919202245269,-1.3668167392131458,Inf,35.576409977004396
16.237790086136428,-12.46208607094987,13.11077128698956,Inf,41.916640663560514
16.667067205030307,-10.942945533429524,2.572516284465536,Inf,35.41995066687133
15.441954977135318,-13.423850753275373,2.3407110000566007,Inf,36.18158456213339
18.5953917219572,-10.79439015987794,-0.5256389290197916,Inf,38.02913086030314
18.622803699778352,-12.13809815240757,15.701147552297499,Inf,45.45264226204564
17.911349073084338,-15.578250004305119,9.164379706338845,Inf,41.90497465602497
18.248830823243516,-9.707558232463986,0.8440636776842148,Inf,35.36014302162529
17.75038892400491,-7.899272357228577,10.181621883291374,Inf,38.96564457547085
17.612716603758606,-5.846636726969487,15.127061013625308,Inf,51.80154269230023
17.876381543531814,-6.74013471235881,13.11921592617444,Inf,41.42184592835612
16.73964820508209,-4.591923156740023,-3.6113789423995257,Inf,30.982778418657382
17.097038015861948,-6.1670194090371755,11.760028638196438,Inf,38.425465597832634
14.50430241511075,-6.279744093585169,5.891052374178241,Inf,33.34702053283409
14.506323602231689,-3.512634651003694,14.22912427156065,Inf,36.642637225470104
17.24401784981658,-4.10968729137517,-13.908619566417988,Inf,32.34399890626698
15.662382330895028,-4.385826258689152,-8.046980056499287,Inf,28.912147398128624
14.801200111504713,-4.275327947372034,8.43036745715331,Inf,34.30436347419449
16.534064998072786,-4.257669752102764,8.48733212774583,Inf,35.386014952900695
17.42528221116725,-3.9610695615866653,-2.428813394605875,Inf,31.850974552313332
18.70309523644358,-6.643638659994817,6.900201513860029,Inf,37.46295719163423
16.565086234719445,-3.391301041410742,16.18759691104959,Inf,38.75972785502458
17.083614484088194,-4.063063285817057,17.335831243448922,Inf,39.6697001963242
17.39259017008966,2.0348152905139827,1.9979857606614537,38.85673596608059,29.976054681448527
14.85731974829541,-0.31378271178078165,-9.61799526071788,27.23734713351606,27.123229464189343
13.95831861268094,0.836203187325939,-13.959859075584298,26.813168234854245,26.813168234854245
11.510330349447706,0.22925331766812107,1.0353710066782718,25.445569037114552,25.445569037114552
12.025116347740045,0.7776993590404686,-12.853985029371744,25.431894128681417,25.431894128681417
11.394367959721727,-0.7110677936801295,-6.867266270950045,23.687990898329197,23.687990898329197
13.337316946318019,-1.3600921398704102,-13.579263014998713,Inf,27.676312098711012
10.832054677915917,1.2724946741662713,0.22788927107843193,24.020683575661867,23.965449117840194
11.37023348111778,4.140959215965772,-16.526485463684963,24.61535828361802,24.458205294714144
15.162593430392697,2.841640019745519,0.7591269559842289,27.393448416576945,27.393448416576945
18.464064793485377,2.6139124806627834,-4.964452740331096,Inf,28.724745994061433
15.412575429621825,0.7146761214272601,-17.07715236353364,Inf,29.68944068078377
18.653861701896936,0.0930603948565718,-3.881465298644436,Inf,31.347723304146893
16.81147518471265,0.379878709979387,-3.5413839612691334,Inf,28.398783500312735
17.95151405929723,3.661063537599574,-2.4144815876970043,Inf,28.153807992835695
11.866600320356355,3.9946621283292245,16.86905539952165,43.90917405659547,33.24024655499571
11.546466633663968,-1.7898535445655313,14.756338053773888,Inf,33.04174941112286
10.81470269664458,3.6301422474560567,15.625918520759676,Inf,31.483725757938494
16.440910762171434,-1.6074757463944067,9.79972581956254,Inf,35.45861953416496
15.72807815864497,-1.6315929846639143,2.457292266780449,Inf,30.134193923347976
12.1487047086352,-1.7754411808366477,3.8374221810097353,Inf,28.89834384293875
17.0966751304163,1.7060267397367284,7.872346175534702,Inf,32.95910900150629
12.751094485178996,-0.24259126346909454,7.006064211167864,Inf,29.674108457517917
13.107266203061798,1.7268927881305203,5.553455678607264,Inf,28.253653836693182
15.122668335433474,2.822551832629774,8.010956195187411,Inf,30.18218157549832
12.096168093645261,0.08611275162529353,11.71230134729231,Inf,32.094989099350315
12.177955731286275,1.2448471850536151,16.37811319790221,Inf,33.23497593567957
14.747485631400338,1.4404733502838596,15.884063783681206,Inf,35.45038764777031
18.77304839940794,2.6095702162658263,12.519249085946178,Inf,35.98695035377341
18.407965489469042,1.47920910508466,14.819971502705023,Inf,37.860751529075074
18.203183316596323,3.248999264547159,11.573636494110396,Inf,34.911253458404275
19.126901701581374,1.345008250110162,14.55656460727851,Inf,45.6281819662063
19.146681296526886,-4.067804464776765,6.245198079307368,Inf,37.073859336570635
19.744926804475057,-4.801368908892334,5.794667299179981,Inf,36.243254780812805
18.907567296223256,-16.28002804167883,-6.774177431954396,Inf,38.6288508035655
19.56374380974352,-8.737151436290143,7.694771530013824,Inf,39.58587234701291
19.03176358040261,-10.123734390687655,11.357578785266426,Inf,41.36561557229932
19.07159277855059,2.3354700169450453,6.937124797721879,Inf,33.69498687920149
19.272478788998825,2.7022091452694568,-16.542200738772763,Inf,32.083185534151525
19.619975040880966,4.542220346571675,-5.182797877451373,30.931335210588,29.437068931455645
13.607518029047071,4.665484220864286,-8.77226937568568,23.932826693086096,23.932826693086096
12.42168953531823,4.797219710604502,3.297872942283064,25.72469336102416,25.72469336102416
14.585456311625165,5.847990021367906,13.017311540572443,Inf,32.32290407741882
17.181967671879754,4.720100266950425,2.7581353240633604,Inf,28.606245970041808
18.280155869748242,6.0844626694049175,16.043525570967027,Inf,39.62880041067736
-1.6988987611351973,-2.7776317016969827,18.687330933990026,51.25924418151499,29.27294629216668
-2.313636040012355,-4.165455867696499,18.14621120350661,Inf,29.150055311077214
-6.570597971522121,-9.976228483106242,18.67144177196952,Inf,32.95765554375847
-4.218573431015695,-14.691227089800911,18.501010541271782,Inf,37.32566631841193
-4.7926090707217295,-8.104412401783776,19.651730967926255,Inf,32.8491562379055
-6.494717542892037,5.381135123114127,18.825566302593693,26.52439070889666,26.52439070889666
-2.626573453617187,4.50948955825357,19.69018773934983,Inf,27.64235454811221
17.481223258876625,-0.827163436608835,18.765983863152485,51.549352727057375,51.549352727057375
-0.5261072381464338,-19.30328438280638,18.636833202484702,54.50425977951508,48.69009934276559
5.847203190556751,-6.925861178999098,18.177275948044382,Inf,36.03742055036746
13.299110399020265,-19.66280656319259,18.506593547773107,Inf,49.15964649688709
13.494762501480324,-18.521034150884237,18.45962042816231,Inf,48.34532818157239
8.612156310069217,-3.018098888654926,18.307860221575858,Inf,33.50122625084102
11.11894880851321,-15.941481012831904,19.221049850938662,Inf,53.2726590529916
8.820035978249152,-14.228820419927235,19.757506525113328,Inf,51.599103491291515
8.835507245516297,-18.34513998307638,18.88037857348322,Inf,49.211816802669574
6.594786603944396,-19.373655592790115,19.96119364314042,Inf,46.789431749239036
9.33405106902736,-8.985833607006732,19.483153997707852,Inf,43.40054888848513
8.326580744149162,-6.597400072663451,18.836901716473733,Inf,36.67853112012462
4.255674559824936,-9.202161699995877,18.945291321512528,Inf,36.30995769857234
5.54883519166065,-10.071342965315004,19.845137321734086,Inf,37.42778105900926
5.839917504968454,-8.477350500860759,19.54189564313988,Inf,36.264615725796446
14.338206403493373,-14.570495669107277,19.164914501834964,Inf,43.28336546927846
12.769083533355435,3.509205305184288,18.248018212692287,Inf,34.870200518899374
15.96851854271626,4.212504854490746,19.866964149848016,Inf,40.62512229709561
4.23019363533669,9.503945026533245,18.305092414273446,37.10583923507064,29.530292769460672
2.278930169694746,7.237130053478104,-9.31020734805701,12.763085617795545,12.137185655166736
-7.653177770937054,19.344152190786176,9.68280437528982,20.418377171774047,20.418377171774047
-6.528767860547289,11.200927042402196,14.118869172172666,21.68704577131397,20.774117335047855
-3.43598781029155,10.462377817524555,7.09017670782476,15.374784976726557,15.340229145248108
-6.280792424178108,14.113241991711654,-7.0902439392775385,5.89304381057378,5.89304381057378
-4.115308329996248,11.915109326168071,4.581139404828232,12.362449201644884,12.362449201644884
-3.9460058481366005,12.539147214460968,-13.312478282801097,9.567693480099262,9.567693480099262
-5.523850567112438,6.49409484187494,-11.046155230098469,6.620185658086368,6.620185658086368
-4.006928672620358,6.188059796110863,-12.788192869715944,8.88354272950894,8.88354272950894
-4.828971709257317,8.694683269900281,-4.968537918295173,4.307506161788915,4.307506161788915
-4.680509727809676,12.61676136026643,-15.05168166004517,11.457230008537149,11.457230008537149
-6.538557712336868,13.451315383773384,-17.2432101399421,13.089501327658272,12.878234807129845
-7.624720837837016,6.648924895048527,-8.2033926873381,3.503410660715828,3.503410660715828
-6.63191942426181,13.335349352461137,-15.124262967864537,11.482406039326175,11.404761742169383
-6.809033107063049,9.297438167662897,-15.201319068430346,9.463248807285389,9.463248807285389
-8.859530483720519,9.094696455582827,-12.240466919678603,6.242765931805124,6.242765931805124
-7.962886362517558,7.086889374645153,-14.12645820496162,8.41278312563005,8.41278312563005
-7.0552888756804855,7.018883143123578,-10.580582777330898,5.356161306162504,5.356161306162504
-8.421826864320714,9.892653454355454,-12.797950219699974,6.88064252478741,6.88064252478741
-4.790559065401867,9.329656017469343,-5.265843301136313,4.285679891243696,4.285679891243696
-8.96437690791597,12.381608792118833,-7.835181689216686,3.847653682448724,3.847653682448724
-8.360746569595241,13.839514177561256,-17.425902808402878,12.824162227342825,12.824162227342825
-4.465844192832584,8.284459155316554,-8.598106460261246,5.274535502101727,5.274535502101727
-5.749914522882884,7.6651688820952835,-4.21734740170062,3.9398832480313266,3.9398832480313266
-7.0761279138907085,9.262101204311072,-4.485668632068185,2.462352602068614,2.462352602068614
-8.294109104191882,7.044615357044819,1.3005389072176854,7.590762767633365,7.590762767633365
-3.5981661056896286,14.111911584014052,13.300045214683479,22.077522243920733,21.335189423410093
-4.864352465774298,12.589402685519104,7.843406340092052,15.530349283306046,15.530349283306046
-6.066585405241689,7.800883782225352,8.758557100825549,15.648971407996859,15.410982658179645
-8.736725317280953,11.536788402275178,5.022562619642741,11.407652052914989,11.407652052914989
-6.0504385756854,11.203171181381386,13.748522173829713,20.54383326004173,20.54383326004173
-8.079609726019585,17.76028247884252,6.391821476772932,16.7412783268885,15.868007938416921
-4.270036031150459,19.087278688727935,1.1653152722052873,14.2829433317399,14.2829433317399
-7.184196560354801,16.42167336972249,-8.181517855333595,7.945904472834708,7.945904472834708
-8.43287266944416,16.352631517729378,-1.6661413912014993,8.553663196878148,8.553663196878148
-6.475054718894375,14.722576996213654,-10.503638988294766,7.707528805464171,7.707528805464171
-5.213032673501949,14.804410196276805,2.1353054637703295,11.295563276276951,11.295563276276951
-7.171876550367022,19.097819852211643,-3.580561972146235,12.054043313717663,11.726321560844553
-5.440521297750971,17.01368397722321,-7.930933214889695,8.97872611225739,8.97872611225739
-8.570754123288493,18.294518061852955,-15.975833200392655,14.570154284455132,14.510124050441918
-7.898329643812065,18.230743123432667,-8.81887379453838,9.714234177434571,9.714234177434571
-7.015183501569293,17.01551025859662,-11.01177593894156,9.659492704084617,9.659492704084617
-6.651603094970957,17.730274118862695,-7.036109137148836,9.099789907361439,9.099789907361439
-4.16506352183756,19.19265379568253,-10.939781242101656,12.608374815695733,12.608374815695733
-7.679092816656281,15.014959497893983,14.074635868041902,21.16246065027657,21.16246065027657
-0.5930108235026381,17.58146324396749,12.075398590640212,23.17685343070908,22.221277923489616
1.6940806128398123,8.904674083263053,-9.048811855402414,12.004449915016565,11.481988725573906
-1.50073785992695,12.4343039419388,-9.40673070189936,8.924079240258521,8.924079240258521
-2.490636074687682,10.702043567362498,-13.222910566493526,9.871130029987514,9.871130029987514
-3.248501296637425,8.82502442502193,-12.914781138424729,8.995807466755538,8.995807466755538
-2.0887016900137567,15.691722075459886,-11.554242140300683,12.217006495235534,12.217006495235534
2.1924654052531345,10.170985364971852,-16.591778084814113,15.664465048933488,15.664465048933488
-1.3421347084711925,7.1173490121697895,-18.066663018899362,14.815472284911301,14.74839608358702
-0.1853260721563288,6.873227672999942,-11.365112861355477,10.563272033809067,10.563272033809067
1.452038492355765,9.441613254464343,-11.621230534781075,12.01987613506964,12.01987613506964
-0.05975531858446459,13.572352507627059,-15.603041756516465,14.1955587961375,14.1955587961375
0.7661212071991486,14.093954716344768,-19.903031509533342,17.817357690716086,17.817357690716086
0.20313821993043035,13.5762239561598,-16.912718904122386,15.15810108573594,15.15810108573594
-0.7687857923561552,11.43225179698991,-16.030429649037174,13.244575724263246,13.244575724263246
-3.0849881023745063,15.727540412155122,12.076348486476832,20.83442357214876,20.83442357214876
-3.3869877623226046,11.458724774294915,8.656354718196305,16.725152865118467,16.527316253399903
-3.1580791882816754,12.860954023731978,0.9976932854268199,9.899632117440902,9.899632117440902
-2.0138880582697816,11.56247860805804,13.56157312656488,21.81998704191838,21.59221113856842
1.8424014159812003,8.253076113495972,-5.88471677042345,11.055959313869717,11.033879162769123
0.005051697689175683,9.877302122688178,-6.133403174861645,9.048669045754245,9.048669045754245
1.237203760805592,6.233991651952344,5.320593325013636,16.787179055893922,16.787179055893922
-0.6171791741029935,8.334245974311045,1.8027830913133585,12.28998069155719,11.524557589175451
-2.6741269161821535,11.495227023365445,5.139885256226471,13.964167635760184,13.964167635760184
2.1051669753373403,6.954710582521635,12.81129141241793,24.043060825392402,23.107608385924625
-1.0927884248806237,15.008839462317297,-7.318983654978837,11.162749891905168,10.15116246227892
1.272983598273207,14.637904067799369,10.761666660287457,21.123630239719194,21.00225349715894
-0.9393940618753334,12.620163522986665,3.4119174403168806,13.187339833379248,13.187339833379248
-2.2462599423439755,13.64480801085211,-1.4014052639943309,9.398633931060544,9.398633931060544
-1.8349487966872857,15.460995857895824,-7.284251483171396,9.733022556938204,9.733022556938204
-1.5091709991314488,14.744631103570725,-6.862708194904332,9.47932334430684,9.47932334430684
0.874169085145553,13.571516350605137,-2.8846452784222087,11.646118553731009,11.646118553731009
-0.5233981007337185,13.914852409654273,13.315228817452613,22.719968674120107,22.01569266499693
-0.8256664456577489,16.09805878169596,1.372909790789663,13.36516254569,13.36516254569
-0.8627851862394742,15.522865238440886,-1.0031276072064514,11.76500804408099,11.76500804408099
-1.9723345419555116,15.492086428651668,6.650031431779357,16.246109456817578,16.246109456817578
-3.0627414734662324,16.768252986454392,10.769369654578487,20.296873818387226,20.296873818387226
1.7230851858403007,16.12670855595394,-3.03125133862844,14.355642029643523,13.961468535150962
1.5261867584070927,13.98924243182713,10.964772648387424,21.130531566720155,21.130531566720155
2.0268394785080623,17.30407978631682,1.5611310608727713,15.756799552004665,15.756799552004665
1.9604703445415268,19.186872754452267,9.524046955251997,22.61543672053309,22.359894331814388
0.9795411641616099,18.963425743018938,-9.383641088843824,14.920579283838777,14.692438405234064
-2.365614159667871,19.181746534272897,-11.627596807599252,13.7419883378669,13.7419883378669
-2.980474628221465,18.098269548475123,-7.717075928651287,11.105093361889903,11.105093361889903
1.2809659103306998,17.84267466202499,-1.7433975512117499,14.892299862050724,14.892299862050724
1.952409594187472,19.317325624640603,-9.957635222721084,15.763142246438566,15.763142246438566
2.139371890442632,17.968953265452114,5.581921321508521,18.569683493971972,18.569683493971972
-0.7662094820225036,19.0852961088979,12.190375962025627,25.52983203406708,22.958881684462682
-2.069539186965123,19.21339395598794,12.16068984383287,23.28031763582863,22.896292506204805
-2.040652091877398,16.263770944635283,15.07794827952226,24.85767721512682,24.05743182600033
-7.0809041773135295,16.904351797981562,16.941269515141137,24.647460130699837,24.647460130699837
-6.152079181211034,12.012809847210598,14.769691850655278,22.556895160399804,21.85098018780668
-7.935666398734567,10.622143631763016,14.92317150244191,21.71595842619763,21.352043865856185
-6.996296148459358,13.817795070942019,15.273433915675213,23.106726569940925,22.465356580876104
-7.06245980063259,9.569958819788802,15.37478954747452,22.331670780614868,22.304009204678735
-7.793131683558938,18.590203102991076,17.66969527302119,26.233932214258978,26.233932214258978
-6.875399152034696,18.846992554713225,17.5344427078941,26.387464403786836,26.387464403786836
-1.0113756834637826,10.34968864994169,17.048039631934664,25.516846078931398,25.516846078931398
-1.6668238854166262,9.835904102092314,14.668699489480204,23.18224409357609,23.18224409357609
-0.411612381160829,6.86689049792151,14.853449097412366,24.449076904843547,24.01549827452068
0.8888731663432026,10.892109501253245,17.145648822419474,26.24734557147204,26.24734557147204
0.7610968356224745,10.478914338560791,16.601391136908404,25.74126278106028,25.74126278106028
-5.868900649687312,19.55864103395136,-3.2309686619289124,12.580048463590899,12.580048463590899
-5.473739527835244,19.570271752414982,-13.760296724531944,13.632779531985463,13.632779531985463
-4.804187459928313,19.687188783830834,13.965592676178609,24.903894656273557,24.903894656273557
-4.408774816149004,19.82960117393268,18.146807944542722,Inf,28.265864039759926
12.302995840347428,19.39503384395408,-8.468251181841122,25.69430344556347,24.30304237682442
11.149591250631829,14.103464225875904,-7.230693701025297,22.490334570419385,22.490334570419385
7.47031671310684,8.87353903576745,-8.654899664657387,17.359316998234515,16.991947124301902
3.8019130222880193,9.360642962521908,-8.901091650946071,13.81543193040983,13.615554881472026
4.892456236588416,9.06057646526125,-11.735889185157165,15.175334734221945,15.175334734221945
2.4926511108956433,7.847867257902486,-18.153303847067058,16.828928636808826,16.828928636808826
3.366373041681932,10.838308708692026,-17.383697492698992,17.056898730917197,17.056898730917197
6.819786442325473,12.308060365855845,-18.77092625314131,21.05822822038423,21.05822822038423
2.8491187861394636,11.259072032431536,-12.222379757908914,14.237298837551648,13.963169577056881
2.2971565235951203,15.272460294383912,-12.62564457501484,14.654745846496258,14.654745846496258
2.6144247960769995,10.209301579398442,-12.812759163846401,13.736126648257269,13.736126648257269
6.260918623362102,17.275528767744923,-11.837140469679355,18.389155088761,18.389155088761
3.0819742841761695,11.9871412827533,-11.635393418794857,14.039559916124679,14.039559916124679
5.732367595730317,16.080710139476935,-7.347975843820365,16.859057289520926,16.859057289520926
4.367488216626214,19.24793435258153,-12.835442473234728,18.547888313035664,18.547888313035664
8.483223348591817,9.517981351027327,-7.324625424304543,17.96782144589305,17.617654773755195
12.70352053325589,9.07798152664995,-10.332861510662843,22.8358797406819,22.59060778702858
12.875668465569355,6.842700952187933,-16.63761645621272,24.802254258361053,24.674707542471428
8.409827036940392,7.252983859004498,-14.92334442315153,19.873582639636638,19.873582639636638
18.42374095694781,6.986851842314437,-12.386672562768126,Inf,28.668580925484022
12.896191001746153,7.026792719462279,-17.861702506998807,26.040275911240517,25.241317011345593
8.308340124225843,9.332590228816635,-9.957719397008953,18.172104870363565,18.172104870363565
11.197611214699357,6.926255430988213,-10.134002343108985,21.099225200231544,21.099225200231544
15.267405405657314,10.90190856159441,-12.442920106152409,26.262011751958585,25.726413057454188
10.947433506779962,19.037827588682447,-18.281590972477062,26.550041141744742,26.550041141744742
10.29632477067316,10.52323321416802,-17.037502371826374,23.136048273826233,22.5087314760369
8.834801082561619,13.758350848998298,-14.811343578608556,21.22138938833438,20.845355895831993
9.765472256288035,18.58166825581211,-14.661870874257659,23.073345181118164,23.073345181118164
11.735525227479371,18.503385350476613,-19.534975160693023,27.914679126197235,27.914679126197235
18.742586477042302,11.96245862573982,-17.292370181957615,Inf,30.858716091640503
19.968121581588882,11.815232076498312,-18.4805668828741,Inf,32.99988879336768
17.81010453238369,10.412741648892325,-19.513178022533868,Inf,30.797498527540604
15.657865202001076,12.483679152258993,-19.327096293002324,Inf,29.036352936278092
17.84216348631675,11.327644759330848,-17.704151909368235,Inf,30.12655147012981
16.593824755775216,17.609335923037165,-13.031354492506733,Inf,29.58313617042768
15.145621944412213,17.197974602135268,-15.630746659383883,Inf,28.05018069033389
11.885252955150989,9.665917956338923,-12.621919787005078,22.24998628008416,22.24998628008416
19.31155094572722,17.024296834136578,-8.71971603226041,Inf,31.28613110585365
18.656274942111786,14.210174410554679,-9.983718211628512,Inf,30.486635656760956
18.039632121876785,12.363261792291304,-9.550750681629125,Inf,28.45830537886442
13.597183715338574,16.182607236650455,-10.537402097590585,25.431605029041897,25.346586696945742
10.842120755996085,16.376192018119013,4.942340114998835,24.585008071589822,24.49647574925996
8.146749756908491,11.201941753586642,17.216072851188933,39.74842952189083,30.012401340905797
5.489304924239342,8.699079014779798,16.184368014253195,35.95491534654572,28.00229453857297
7.835307907639439,10.93635666322692,10.402691135051754,24.301065760144034,24.301065760144034
2.873252707068133,9.819718526268808,11.277320489546227,22.36575651008354,22.265453245489958
6.822494450593936,6.372244096993434,3.9124768932950182,20.268013215101377,20.268013215101377
6.579073027175415,6.822607407741277,-5.502040363106904,16.01869443708085,16.01869443708085
5.870342146155956,9.174656364032082,-6.42172062295173,15.222731424461939,14.962928936721688
5.001740251133686,8.15609073280589,-3.2258843664942844,14.305997096464644,14.305997096464644
5.044203363492478,6.426153925338642,0.26256557975989026,17.69418784448562,17.69418784448562
5.764920263770577,9.409727247319157,-2.976298837498863,15.633653476988982,15.633653476988982
2.38771712447976,8.003888259542169,7.256597412914225,18.525574379366105,18.525574379366105
5.451118597158988,8.583950107443776,11.062712458023771,23.445677230609515,23.445677230609515
6.762341422247253,10.908537312162014,13.987776447148647,26.87553231376957,26.87553231376957
6.788466674777993,11.197608492187435,7.773000474654896,21.458636859655485,21.458636859655485
9.952173058714308,7.107886611272065,-2.33999250178006,19.98035986707167,19.443148180357145
8.477465311970313,6.402410524698041,6.75627578187089,23.558458577667164,23.558458577667164
10.663783323373774,8.280036896323317,-3.076943188271237,20.313448073167002,19.971354797256637
10.376101863109469,9.550171525228095,-5.8974475089943645,19.514603854949883,19.514603854949883
10.429442732949887,10.12800606729418,-3.9843564044372286,20.04840116420094,20.04840116420094
8.261969804377909,8.64538652682656,16.01467962474679,Inf,29.140116427146207
10.730580388219863,9.940289723100506,10.554217583961076,26.444244107113125,26.444244107113125
5.180980885525209,16.503579680891292,7.110284139656748,22.063316262604047,21.324773507150667
9.691939930838416,15.841011379994526,-1.826317455799522,20.812565420195213,20.812565420195213
5.879239142659429,16.371605603855215,-1.7168505926699922,17.975268833455655,17.49889315513671
2.8062330422193966,12.738190102332439,0.29826348656873947,14.805898974754196,14.805898974754196
4.473305036212622,11.308165777592201,-2.0750940974293215,15.252098038184224,14.281406950594597
4.440127027246135,15.228110641284196,-3.865857797459693,16.359127787864857,15.698665739916082
5.666905822166832,15.386805009344961,-6.933151159626938,17.06109185290956,16.684420712261744
8.61720127043914,11.306196003417234,0.7581868094449895,20.271994508959843,20.271994508959843
3.3266374711360243,18.88124417934604,-4.552838757421069,16.500643029375766,16.249264859416495
7.017696509654499,18.981763344798992,-7.021242874258347,20.19894044001883,19.002237414411823
5.649975049760634,18.83811048875566,-5.260270672299301,17.880379923104158,17.880379923104158
3.3503265248623677,16.519450896093787,1.8237801085808236,16.468794642816714,16.468794642816714
5.345694170679593,16.60740100379404,1.7515783523947626,18.136827690717176,18.136827690717176
4.9649238221264795,18.716624650425793,5.664112776036731,21.033424794650163,20.9972271641663
10.187254993939643,14.27818431195061,6.97507403446825,25.31767569656361,25.31767569656361
9.797511911962687,11.435387270159268,6.157983350855545,24.020647606266337,24.020647606266337
9.62422188207631,16.463480551465665,13.704270122130787,43.40405210482402,28.753843981727577
8.77439157660275,16.98591380783681,18.002343538028917,45.05263265398081,31.51680643191596
5.248701543940246,12.786118184762849,16.498312774981308,Inf,27.907307394133333
3.6023612459407843,16.799169924049778,7.200832489624549,19.884222010312854,19.884222010312854
2.462493247990345,15.233148595363275,13.588051738898088,24.125985538637174,24.125985538637174
9.012216891382074,14.497177102405246,15.789606433991459,Inf,29.22766419869371
4.180178939371757,13.23294860254525,10.50212751879802,21.954130136895312,21.954130136895312
9.218757569090439,12.820942280030287,9.749088911109347,24.98658979675927,24.98658979675927
6.794404679249048,15.33200869551959,9.214040965064374,24.70819078817233,23.9332603796311
3.6407174943446847,14.309240181908535,17.360884522997267,Inf,27.8747057864306
6.532857339981888,18.750064567032354,13.880089776938995,Inf,27.43447201778621
8.767392493941458,19.08474940392565,8.068492901312439,25.124532509188654,25.124532509188654
10.61320745114947,12.250157954953984,8.946148494747021,25.59539629852245,25.59539629852245
10.259826808289603,18.883264181048148,10.534822267694707,Inf,27.616025449756357
17.574326745285383,6.435585889372042,-1.1829751128553738,27.719087431771854,27.259154169585642
13.213855170930877,8.816997827244755,16.005269204257466,43.68244132474452,32.35149019371649
11.144844526304514,18.76833366169825,-2.1464485862402256,23.77660142826555,23.77660142826555
11.138782359757666,9.261049192111113,-3.481393880722816,20.71073374371437,20.546950881878804
11.019163690310549,11.779451772081053,-1.250794450947808,21.60251066403825,21.60251066403825
12.635471563364781,7.132109513483023,9.842024396294569,Inf,28.606336305213848
16.00700387960285,6.912859723750859,14.106126906967368,Inf,33.48853520702087
12.981974769221878,6.785138867880782,-5.530241811014989,22.42176791248663,22.42176791248663
12.330498693472158,13.120690412374614,13.793186095708393,Inf,29.864289593377087
16.272860805475055,15.824286517154924,13.063193148455483,Inf,33.33905865166901
14.03947865246289,18.183238628594907,12.653433012165735,Inf,32.169338394450655
12.50990024366277,15.152880083403474,4.807482019389813,26.198531719881096,26.06021250946583
16.13288363772837,17.695558516543016,-2.000792567197756,Inf,27.517454866077443
11.615432774356211,17.508079043000023,1.9022157400617274,24.7931876583202,24.472720264877815
12.270774123552812,15.363426195733176,-3.2310576005797387,24.116742015670436,23.7877575612335
11.498566772913161,15.111578620263614,-5.272409187640639,22.754188657350195,22.754188657350195
16.074778513072914,14.221040658059174,-6.645766367758057,26.573732390629317,26.573732390629317
15.834368192448508,16.593807698657884,-1.2283541115403835,Inf,27.029774392676117
15.537519748493182,14.880963190184929,1.7739731611964444,Inf,27.74470711365176
14.118943890069772,10.776296680859083,-3.06927988272885,23.793536628312623,23.793536628312623
13.61186179597145,7.494616253786781,-1.287972248315839,23.156265164780763,23.156265164780763
14.119978294409663,11.559278653976158,6.0447708722292575,Inf,27.90695206329087
13.271249658500793,16.65268086879312,8.930170480796491,Inf,29.262604071236296
11.465095912327563,12.353375019449224,12.655014659788478,Inf,28.317260613360578
12.151257846619401,7.6581294693498165,6.488774955191545,26.324954045701652,26.324954045701652
13.086296967998564,13.723773866113184,9.486570851151093,Inf,28.457243959202756
11.657979086762218,16.69017123685255,10.909611907044052,Inf,28.753263913373516
15.666406023445177,7.543640736775927,10.343512319351493,Inf,31.39728961442691
14.634833839473849,11.314998956767948,9.353575222836355,Inf,29.46347756631421
14.5041979017833,18.994020969170656,4.925741793215941,Inf,28.119285253903737
11.914286128855387,18.827506089049848,-2.0524511504606764,24.02314537689834,24.02314537689834
19.306487433120566,12.7024875579461,12.265840611760794,Inf,34.91194472948366
16.310241355762834,7.461399145175747,-6.08702950895494,25.788336407177678,25.788336407177678
17.94766995370636,12.521886478847406,2.322773081531384,Inf,29.43358934100962
16.755171941791943,12.267240552909449,-4.739830284420377,26.544189675505578,26.544189675505578
19.81937205979562,11.333236638864108,-5.00224762651718,Inf,29.166342353100042
19.02799128730132,8.797376789588895,7.274971038198636,Inf,33.33961380593241
19.806070190548688,17.293808097132356,1.2946739360568316,Inf,32.73151672587072
19.740150949194458,18.66579972543935,-1.8464526512157349,Inf,31.256113217609144
18.12157138967669,14.796055936597298,-0.14025091304225867,Inf,29.39849698797289
16.524597980926416,15.549249808805861,7.5432532684522435,Inf,30.88890607688802
18.14707261420373,15.869202189477548,2.718199465604645,Inf,30.41166420414261
18.894365223772162,17.190665766839174,2.9912147802769766,Inf,31.839505703631502
19.207369611638114,17.502327608815598,9.627978576127532,Inf,34.150530730140396
19.802044553434676,9.504444290786012,14.347058855797954,Inf,36.286351008330726
17.502934429193445,17.791815110848233,15.949061564019551,Inf,41.00713920978915
19.732590365669083,8.915957490055362,14.844099877673138,Inf,37.470419338384914
15.30987184837155,18.058249223937892,14.630026097912577,Inf,34.169978378893326
17.03699347905328,17.633653687038596,17.847920754029403,Inf,43.47474776688685
14.493427125514401,13.917278223734392,17.89947177169183,Inf,34.756586327209014
15.218491929920972,7.61288513790528,16.206926988164966,Inf,34.02786367284141
11.085911494502312,8.670161839897137,17.978547228806796,Inf,32.366837134766314
12.416331593020502,16.94582975612427,16.015512418954074,Inf,32.41039677743676
18.686992216409948,9.863197158995128,16.37362891134717,Inf,36.30203192388586
12.93793231991657,19.611421653600722,-2.8303319589749343,26.41781871197413,25.528958675110964
9.663193714294927,19.772171849418918,-19.993971752873918,27.572977770746647,27.467746110028873
7.073052958819392,19.9008235562739,-3.9456012383474786,20.179138714488825,20.090100611266415
13.782206228337863,19.651568499353182,-17.751165183092652,28.247705710115355,28.247705710115355
17.354225490157297,19.52936048230552,-5.020484459185877,Inf,29.8964655703833
16.949457345554457,19.498857866311184,-15.161779908197577,Inf,30.332875991482183
11.28370897631737,19.660483344522383,-18.573898569932084,Inf,27.12416172667222
3.0337730171590067,19.485754738105108,3.9694069180108897,18.92969002251342,18.92969002251342
15.260800965167235,19.695734065088516,-2.4794123212299013,Inf,27.481129009201744
11.41966445425405,19.624565888144254,13.008532012319705,Inf,30.446924862768523
10.77080392185362,19.70658249277634,8.291642349733266,Inf,27.1816703539821
6.6818917803922595,16.357134030392338,19.816567255793643,44.3218519476589,31.73263215706251
-6.677710917295299,19.99246696084927,19.052083028784416,Inf,28.272546900817215
-2.4869063689750064,18.247432701471816,19.920400688791077,Inf,29.094975240301125
10.754431224097711,7.282899530119302,18.540290711734897,Inf,32.704836693766936
11.79787655772553,18.537363037988356,19.166491047838868,Inf,40.67291865225444
12.992876125476805,17.728377580790358,19.148376476061408,Inf,35.27964584044826
11.892429055296354,13.415823566715844,19.35645371784276,Inf,34.71306886053638
11.824500757032219,12.361400455981482,19.78843095147746,Inf,34.56255688234278
7.252918105980022,17.606942274533566,19.537790128860813,Inf,32.124888817231714
17.393425223461627,15.868137695093203,19.260333003437545,Inf,39.44736907510448
