7.2230921363050715,-1.9217389718057434,-20.130227543715012,3.0
6.413939035146685,-0.765197256567642,-9.998052772865366,3.0
5.604785933988298,0.3913444586704592,0.13412199798428134,1.5
-1.1424699244587426,8.742702949608342,-45.96005483320287,3.0
1.2849862261990186,7.285618357769247,-25.605564719047454,3.0
3.71244237685678,5.8285337659301515,-5.251074604892044,1.5
-3.9592495394619402,-5.469512041786849,18.35552174923914,3.0
-2.344259805425617,-3.112908285605916,11.044602967795031,3.0
-0.7292700713892941,-0.756304529424983,3.733684186350922,1.5
7.152738543101619,-1.872973032898757,-19.875571283022985,3.0
6.338250949525134,-0.6855371803130078,-9.878734946149628,3.0
5.523763355948648,0.5018986722727413,0.11810139072372755,1.5
-1.0272174487903318,8.755166773462882,-46.80722462788318,3.0
1.469308427318277,7.213996867400293,-25.998695880137433,3.0
3.965834303426886,5.6728269613377025,-5.190167132391684,1.5
-3.678762908615988,-4.760215173804763,17.34163840928957,3.0
-2.1111625745624023,-2.6140410167010772,10.501078216180932,3.0
-0.5435622405088162,-0.4678668595973909,3.6605180230722953,1.5
-5.0,-2.0,1.0,4.752710727363638
-1.0,3.0,-3.0,5.752710727363638
