6.735432373813143,-6.202961371174821,-24.03180831025822,3.0
6.493796972356964,-3.9244139320612454,-11.966547438085854,3.0
6.252161570900785,-1.6458664929476705,0.09871343408651281,1.5
-4.614929388402132,8.848888285098585,-36.743705909035114,3.0
-2.0126618895786876,8.097793934402063,-21.289927801958477,3.0
0.5896056092447566,7.34669958370554,-5.83614969488184,1.5
-5.2768627156259225,-9.433614781550062,33.3463874353634,3.0
-4.068800193095077,-6.993789162655593,19.105149897498514,3.0
-2.8607376705642333,-4.553963543761122,4.8639123596336304,1.5
-5.0,-2.0,1.0,4.752710727363638
-1.0,3.0,-3.0,5.752710727363638
