6.788164518092788,-0.828543277469624,-17.334057281704407,3.0
5.795467585885426,0.34011842611956133,-8.677865493992892,3.0
4.802770653678063,1.5087801297087466,-0.02167370628137551,1.5
0.8945201475833073,7.4813704478716225,-52.95479363993773,3.0
3.5591492947409016,5.893687041794579,-28.750438977771722,3.0
6.223778441898496,4.306003635717536,-4.546084315605712,1.5
-2.5583457339094076,-3.0765096038141486,9.451843732832641,3.0
-0.901622489822859,-0.9071886054737297,6.30449119022237,3.0
0.7551007542636895,1.262132392866689,3.1571386476120993,1.5
-5.0,-2.0,1.0,4.620146474122086
-1.0,3.0,-3.0,5.620146474122086
