1.3409723276640282,-1.6278580591935485,-2.369449939285966,3.0
-0.7551700350760346,-0.5902401622624371,-3.140534627704259,3.0
-2.8513123978160975,0.4473777346686743,-3.911619316122552,1.5
-2.3015214932585697,-1.241238161172964,3.7651122762137703,3.0
-0.9170462125139632,0.7204713701139256,3.292887715779885,3.0
0.46742906823064334,2.682180901400815,2.8206631553459998,1.5
0.9862882041356524,-1.5631931424462386,-2.4398337847870293,3.291561083413151
-1.0836901159476415,-0.48297577516731693,-3.2327500227831516,3.291561083413151
-3.1536684360309355,0.5972415921116048,-4.025666260779274,1.7915610834131506
-2.1981300844567664,-1.0536813712039783,3.680727781713026,3.291561083413151
-0.7661565096527575,0.9541090768038729,3.2157830099044933,3.291561083413151
0.6658170651512515,2.961899524811724,2.7508382380959606,1.7915610834131506
0.539847579950754,-1.4073786728036906,-2.524692293366064,3.291561083413151
-1.459801854903916,-0.32956397970429263,-3.3329873968993127,3.291561083413151
-3.459451289758586,0.7482507133951053,-4.1412825004325615,1.7915610834131506
-2.1189655893705073,-0.7532359305843674,3.5266287436480184,3.291561083413151
-0.6244557324004039,1.2477994528176874,3.1042593392613145,3.291561083413151
0.8700541245696998,3.2488348362197423,2.6818899348746106,1.7915610834131506
0.20298674399069405,-1.2615082846132721,-2.7274560352201487,3.291561083413151
-1.7820681853792524,-0.18071865806073295,-3.4925855042608394,3.291561083413151
-3.767123114749199,0.9000709684918062,-4.25771497330153,1.7915610834131506
-1.9317388062102285,-0.49900244374799074,3.457755506440487,3.291561083413151
-0.4261806426189352,1.5214735237287766,3.0358320340655203,3.291561083413151
1.0793775209723582,3.541949491205544,2.613908561690554,1.7915610834131506
-0.1491927397912889,-1.0765659999164472,-2.871826797650325,3.291561083413151
-2.112059638467494,-0.012107713205582238,-3.6229585030696727,3.291561083413151
-4.074926537143699,1.0523505735052827,-4.3740902084890205,1.7915610834131506
-1.6930509052789917,-0.18176675582460433,3.4546038855251675,3.291561083413151
-0.2000914683023498,1.82912217398466,3.00077756236076,3.291561083413151
1.292867968674292,3.840011103793924,2.5469512391963525,1.7915610834131506
-0.5125619019286223,-0.7705300652700009,-2.9068516548624084,3.291561083413151
-2.4467155713031143,0.21709417672505793,-3.6981288473967844,3.291561083413151
-4.380869240677606,1.2047184187201168,-4.48940603993116,1.7915610834131506
-1.433963153419725,0.17290866665226012,3.3629300659339556,3.291561083413151
0.03773262149047629,2.157238380945712,2.921980128719295,3.291561083413151
1.5094283964006776,4.141568095239164,2.481030191504634,1.7915610834131506
-0.9243138205693118,-0.48772100316955225,-3.090749246282339,3.291561083413151
-2.803509586911203,0.4345319524235367,-3.8466348262792356,3.291561083413151
-4.682705353253095,1.3567849080166257,-4.602520406276132,1.7915610834131506
-1.1323195823589263,0.5120107338597943,3.1746004911182273,3.291561083413151
0.2977221201923337,2.478468624100484,2.7953515340555937,3.291561083413151
1.7277638227435936,4.444926514341174,2.4161025769929605,1.7915610834131506
-1.4324624943457884,-0.31079389846769345,-3.492173600832799,3.291561083413151
-3.205187260162142,0.5986765150167598,-4.102154612764986,3.291561083413151
-4.977912025978496,1.508146928501213,-4.712135624697172,1.7915610834131506
-0.8894396745436033,0.8676017592172389,3.2070135580619294,3.291561083413151
0.5284585480666413,2.8078620137296033,2.7795349229950346,3.291561083413151
1.9463567706768858,4.748122268241968,2.3520562879281397,1.7915610834131506
-2.112158048135581,-0.1226311949257548,-3.847584682905655,3.291561083413151
-3.6879110286036205,0.7678814839931858,-4.332182809376052,3.291561083413151
-5.26366400907166,1.6583941629121264,-4.816780935846448,1.7915610834131506
-0.6161353330431472,1.2434015218809904,3.187228776621879,3.291561083413151
0.7736569444702761,3.14615064398149,2.737965746322487,3.291561083413151
2.1634492219836994,5.048899766081989,2.288702716023095,1.7915610834131506
-0.26026329896313616,1.6604044036896193,3.0000029095109806,3.291561083413151
1.058380709514817,3.502547493995691,2.6128864966783425,3.291561083413151
2.37702471799277,5.3446905843017625,2.225770083845704,1.7915610834131506
0.11812547815012708,2.2587547125086695,2.9856048169052514,3.291561083413151
1.351457120878921,3.945672513204668,2.5742501532606137,3.291561083413151
2.584788763607715,5.632590313900667,2.162895489615976,1.7915610834131506
0.66375836679493,2.827003943047247,3.0700292441788286,3.291561083413151
1.7239513453965551,4.368167163218194,2.584820843095469,3.291561083413151
2.7841443239981802,5.909330383389142,2.0996124420121096,1.7915610834131506
1.1273607168274395,3.5363118410734176,2.9790137319758268,3.291561083413151
2.0497617343393153,4.853778520956023,2.5071739692462356,3.291561083413151
2.972162751851191,6.17124520083863,2.0353342065166444,1.7915610834131506
1.4749442893949567,4.2392321327597795,2.867093902185805,3.291561083413151
2.310248954062928,5.326735114044389,2.4182151593519627,3.291561083413151
3.145553618730899,6.414238095328998,1.96933641651812,1.7915610834131506
1.9340754138150063,4.555682500351626,2.93150439095973,3.291561083413151
2.6173564226687196,5.594716273614542,2.4161236482229813,3.291561083413151
3.3006374315224325,6.6337500468774575,1.9007429054862328,1.7915610834131506
2.246172571717238,4.889189568287069,3.0598593963431417,3.291561083413151
2.8397474656279647,5.856960954150666,2.444187626382739,3.291561083413151
3.433322359538691,6.824732340014263,1.8285158564223363,1.7915610834131506
2.330259376889186,5.065502428483253,2.994486018678515,3.291561083413151
2.9346709283813084,6.023561544129334,2.3729668801775436,3.291561083413151
3.5390824798734304,6.981620659775417,1.7514477416765726,1.7915610834131506
2.428617875987449,5.245806960504652,2.8837110825401657,3.291561083413151
3.0237861193403246,6.175754776799671,2.276738718353948,3.291561083413151
3.6189543626932004,7.10570259309469,1.6697663541677297,1.7915610834131506
-5.0,-2.0,1.0,3.291561083413151
-1.0,1.0,-1.0,3.291561083413151
