-3.9142793945104266,4.116744125298487,-2.9503610076617375,3.0
-4.823523509224341,4.6670140165503335,-3.247019258885988,3.0
-5.732767623938254,5.21728390780218,-3.543677510110239,1.5
0.48018342346053133,3.883361147647319,1.7765038789528893,3.0
1.311739515395811,5.075152317209299,1.1794163662623165,3.0
2.1432956073310905,6.266943486771279,0.5823288535717437,1.5
4.887790764604866,5.206239749469071,2.2920908904883337,3.0
3.9220061780617614,3.6250601967029072,2.847726784986448,3.0
2.956221591518657,2.0438806439367436,3.403362679484563,1.5
-4.442900904047489,4.126834448847985,-3.049729839783777,3.0
-5.177280786444664,4.707309929992357,-3.335534220884557,3.0
-5.911660668841837,5.2877854111367295,-3.621338601985337,1.5
0.49200376267762014,4.0606975394576015,1.591176511402687,3.0
1.3766227257163173,5.253642890205316,1.0405297175434303,3.0
2.2612416887550144,6.44658824095303,0.48988292368417347,1.5
4.572072135539615,4.557846067720242,2.3503558794420787,3.0
3.680071440402032,3.154672349103081,2.916701238924108,3.0
2.7880707452644495,1.7514986304859193,3.4830465984061374,1.5
-4.726448118114259,4.127966289189672,-3.3073296104389684,3.0
-5.388201778490796,4.744627612808701,-3.4908012961558423,3.0
-6.0499554388673324,5.361288936427731,-3.674272981872716,1.5
0.6480062107399034,4.201524231371444,1.4882114120775265,3.0
1.5151680237330951,5.414332231757593,0.9440094264558143,3.0
2.382329836726287,6.627140232143742,0.39980744083410213,1.5
4.327005971156317,4.055322732015199,2.408127778492152,3.0
3.479529042061821,2.771855958412183,2.9858975659348754,3.0
2.632052112967325,1.488389184809167,3.5636673533775993,1.5
-4.700013361394201,4.182893427195161,-3.386978341517392,3.0
-5.424526018016264,4.81029020456079,-3.5451561887357235,3.0
-6.149038674638327,5.437686981926419,-3.703334035954055,1.5
0.7935079596137431,4.3765233299894355,1.434794054167116,3.0
1.6497911053804857,5.592028163243,0.8737179071405812,3.0
2.5060742511472283,6.807532996496564,0.31264176011404626,1.5
4.166485976188714,3.7228817316675435,2.4692268487284963,3.0
3.3289874783519746,2.491682382175531,3.0575951111648476,3.0
2.4914889805152356,1.2604830326835195,3.645963373601199,1.5
-4.74546988307525,4.228557821710458,-3.3979221282105345,3.0
-5.496181041342157,4.872567242133707,-3.564357975851644,3.0
-6.246892199609064,5.516576662556957,-3.7307938234927542,1.5
0.9719621812438142,4.729660493901424,1.2256919924784535,3.0
1.8019305920434092,5.858108093856373,0.7273239131912999,3.0
2.6318990028430043,6.986555693811322,0.22895583390414606,1.5
4.105572089625056,3.5866774342473304,2.537869757887801,3.0
3.23780092208727,2.3304597324310885,3.134316539105085,3.0
2.3700297545494835,1.0742420306148472,3.7307633203223696,1.5
-5.0,-2.0,1.0,3.565945750805278
-1.0,1.0,-1.0,3.565945750805278
