3.8705645806856213,2.076673912765378,-15.713852854969678,3.0
3.7971370402762163,2.6783191901127155,-7.953513421116964,3.0
3.7237094998668114,3.279964467460053,-0.1931739872642485,1.5
8.209677771695157,4.518551417980128,-53.044705545788524,3.0
8.713681190365696,3.1957668486586863,-28.038948800124512,3.0
9.217684609036235,1.872982279337245,-3.033192054460501,1.5
-0.2382042050769666,-0.29046614267310744,-8.168378781160815,3.0
1.8724326116455021,2.4997926813158102,-2.885672134004807,3.0
3.983069428367971,5.290051505304728,2.397034513151201,1.5
4.335296478358767,1.8840937919953382,-15.113399433130802,3.0
4.015392178845866,2.6188942974564005,-7.653825368047874,3.0
3.695487879332967,3.3536948029174627,-0.19425130296494705,1.5
8.244601088217863,4.564300784507633,-52.8246214212696,3.0
8.757701004639415,3.146684755963535,-27.88383250105306,3.0
9.270800921060967,1.7290687274194358,-2.9430435808365245,1.5
0.6159719588567469,0.2282395883791617,-8.654700572337902,3.0
2.4126383370818907,2.90926436327302,-3.149765181634898,3.0
4.209304715307034,5.590289138166878,2.355170209068105,1.5
4.759424429358205,1.7593397797161794,-14.547778189267769,3.0
4.212962337799075,2.595167285435225,-7.371359233376509,3.0
3.6665002462399463,3.43099479115427,-0.1949402774852485,1.5
8.602369561092255,4.398230890974978,-52.273817889338524,3.0
8.964249906336542,2.988610041932584,-27.561462563921925,3.0
9.32613025158083,1.5789891928901898,-2.8491072385053258,1.5
1.5486115021615747,0.8895342137466793,-9.018915844906445,3.0
2.987531557496438,3.3866780056203423,-3.352984850744374,3.0
4.426451612831301,5.883821797494005,2.3129461434176974,1.5
-5.0,-2.0,1.0,4.515934133717677
-1.0,3.0,-3.0,5.515934133717677
