4.815919597874965,0.8206059397221939,-15.738760151285812,3.0
4.378925907197267,1.8284085559071581,-7.953881942299198,3.0
3.941932216519571,2.8362111720921224,-0.16900373331258406,1.5
7.4454717698425,4.920676579611845,-53.8916924290101,3.0
8.116784878862694,3.745467223370781,-28.685513640448864,3.0
8.788097987882887,2.570257867129717,-3.479334851887633,1.5
-1.6145238928904164,-1.5241443376515345,-2.5376477703144067,3.0
0.5936712608396024,1.1265416771168435,0.03979693438520826,3.0
2.8018664145696213,3.7772276918852215,2.617241639084823,1.5
-5.0,-2.0,1.0,4.515934133717677
-1.0,3.0,-3.0,5.515934133717677
