-0.14124223465713825,3.900817070942594,-0.8840895092121901,3.0
-2.127086109985931,4.357666842729074,-1.8192041022960184,3.0
-4.112929985314723,4.814516614515555,-2.7543186953798466,1.5
0.1578923402013126,2.9903008285939565,2.43945265688475,3.0
0.8385768252815766,4.121257016736692,1.7998746255820106,3.0
1.5192613103618406,5.252213204879428,1.1602965942792716,1.5
6.626424254591043,9.00152587817199,1.8233706136167234,3.0
5.351067229651862,6.573887896775697,2.3712087845125103,3.0
4.075710204712682,4.146249915379405,2.9190469554082976,1.5
-0.8134123548017396,3.9939286938147003,-1.2085668555839613,3.0
-2.6191752594344213,4.437943136395994,-2.0592127317305464,3.0
-4.424938164067103,4.881957578977288,-2.9098586078771316,1.5
0.22104644201916468,3.1397308926243133,2.3505209394012656,3.0
0.9166733167813906,4.275281802469402,1.706914704502446,3.0
1.6123001915436166,5.41083271231449,1.063308469603626,1.5
6.410502947870014,8.490607338353925,1.9166688877433238,3.0
5.14839515460527,6.132387636418984,2.4593016373184726,3.0
3.886287361340525,3.7741679344840424,3.001934386893621,1.5
-1.5044146048176499,4.045182280595184,-1.5337542792974608,3.0
-3.1149659564197263,4.496955447348947,-2.2964586314766073,3.0
-4.725517308021803,4.948728614102709,-3.0591629836557535,1.5
0.2741660351189177,3.2863643813282444,2.280007786444864,3.0
0.9920341179678195,4.430326669315081,1.623039176232041,3.0
1.7099022008167213,5.574288957301917,0.9660705660192184,1.5
6.166330000445995,7.93175711589631,2.0052776371134517,3.0
4.931011063425579,5.668981811389443,2.5445002628004136,3.0
3.6956921264051634,3.406206506882576,3.0837228884873755,1.5
-2.0415939015068023,4.084366763820219,-1.9053691601599625,3.0
-3.5262721827161014,4.549764770860287,-2.552651329482893,3.0
-5.0109504639254006,5.015162777900357,-3.1999334988058235,1.5
0.33717357252481683,3.4269540372597813,2.2164056635721057,3.0
1.0745731451211773,4.584562786934686,1.5426757629152341,3.0
1.811972717717538,5.742171536609591,0.8689458622583626,1.5
5.891687389986826,7.322078451546436,2.0880240531195007,3.0
4.698577654660224,5.183777997584351,2.6262738991591386,3.0
3.505467919333622,3.0454775436222663,3.1645237451987764,1.5
-2.7088127896582694,4.097899142767437,-2.371874482483349,3.0
-3.9929575023692956,4.589794854632364,-2.850730895193438,3.0
-5.277102215080322,5.081690566497292,-3.329587307903527,1.5
0.40201755891550217,3.515292421752707,2.086120157634148,3.0
1.1601932393847147,4.714638444477528,1.42922340962689,3.0
1.9183689198539273,5.913984467202349,0.7723266616196324,1.5
5.584294903897723,6.658639272876979,2.1636674226308727,3.0
4.450848269964057,4.6770630863279905,2.70409790045282,3.0
3.317401636030391,2.6954868997790022,3.2445283782747674,1.5
-3.4351167603939396,4.046352764020808,-2.774094126498886,3.0
-4.477254798870593,4.59759994779535,-3.109666531170145,3.0
-5.519392837347246,5.148847131569894,-3.4452389358414037,1.5
0.4519866851050831,3.653026305930492,1.9220002475344802,3.0
1.2404411117023972,4.87108283254109,1.299318497696111,3.0
2.0288955382997114,6.089139359151688,0.6766367478577421,1.5
5.241892857973856,5.938561561524793,2.2309756673928245,3.0
4.187717799058295,4.14936192532144,2.7774960472311845,3.0
3.1335427401427336,2.360162289118086,3.3240164270695445,1.5
-3.9142793945104266,4.116744125298487,-2.9503610076617375,3.0
-4.823523509224341,4.6670140165503335,-3.247019258885988,3.0
-5.732767623938254,5.21728390780218,-3.543677510110239,1.5
0.48018342346053133,3.883361147647319,1.7765038789528893,3.0
1.311739515395811,5.075152317209299,1.1794163662623165,3.0
2.1432956073310905,6.266943486771279,0.5823288535717437,1.5
4.887790764604866,5.206239749469071,2.2920908904883337,3.0
3.9220061780617614,3.6250601967029072,2.847726784986448,3.0
2.956221591518657,2.0438806439367436,3.403362679484563,1.5
-4.442900904047489,4.126834448847985,-3.049729839783777,3.0
-5.177280786444664,4.707309929992357,-3.335534220884557,3.0
-5.911660668841837,5.2877854111367295,-3.621338601985337,1.5
0.49200376267762014,4.0606975394576015,1.591176511402687,3.0
1.3766227257163173,5.253642890205316,1.0405297175434303,3.0
2.2612416887550144,6.44658824095303,0.48988292368417347,1.5
4.572072135539615,4.557846067720242,2.3503558794420787,3.0
3.680071440402032,3.154672349103081,2.916701238924108,3.0
2.7880707452644495,1.7514986304859193,3.4830465984061374,1.5
-4.726448118114259,4.127966289189672,-3.3073296104389684,3.0
-5.388201778490796,4.744627612808701,-3.4908012961558423,3.0
-6.0499554388673324,5.361288936427731,-3.674272981872716,1.5
0.6480062107399034,4.201524231371444,1.4882114120775265,3.0
1.5151680237330951,5.414332231757593,0.9440094264558143,3.0
2.382329836726287,6.627140232143742,0.39980744083410213,1.5
4.327005971156317,4.055322732015199,2.408127778492152,3.0
3.479529042061821,2.771855958412183,2.9858975659348754,3.0
2.632052112967325,1.488389184809167,3.5636673533775993,1.5
-4.700013361394201,4.182893427195161,-3.386978341517392,3.0
-5.424526018016264,4.81029020456079,-3.5451561887357235,3.0
-6.149038674638327,5.437686981926419,-3.703334035954055,1.5
0.7935079596137431,4.3765233299894355,1.434794054167116,3.0
1.6497911053804857,5.592028163243,0.8737179071405812,3.0
2.5060742511472283,6.807532996496564,0.31264176011404626,1.5
4.166485976188714,3.7228817316675435,2.4692268487284963,3.0
3.3289874783519746,2.491682382175531,3.0575951111648476,3.0
2.4914889805152356,1.2604830326835195,3.645963373601199,1.5
-4.74546988307525,4.228557821710458,-3.3979221282105345,3.0
-5.496181041342157,4.872567242133707,-3.564357975851644,3.0
-6.246892199609064,5.516576662556957,-3.7307938234927542,1.5
0.9719621812438142,4.729660493901424,1.2256919924784535,3.0
1.8019305920434092,5.858108093856373,0.7273239131912999,3.0
2.6318990028430043,6.986555693811322,0.22895583390414606,1.5
4.105572089625056,3.5866774342473304,2.537869757887801,3.0
3.23780092208727,2.3304597324310885,3.134316539105085,3.0
2.3700297545494835,1.0742420306148472,3.7307633203223696,1.5
-5.0,-2.0,1.0,3.565945750805278
-1.0,1.0,-1.0,3.565945750805278
