3.9587048052589964,1.7030191578367493,-14.206821245511648,3.0
3.7039969088731084,2.887206441836174,-7.195318721589278,3.0
3.4492890124872204,4.071393725835598,-0.18381619766690843,1.5
7.983704412590711,4.218341415904361,-51.334927911103115,3.0
8.87736193606267,2.2924116594708606,-26.713817458153624,3.0
9.771019459534628,0.3664819030373592,-2.0927070052041374,1.5
5.025787839842245,5.198262175952645,-12.232729767247056,3.0
5.2019782958773995,6.310756725012356,-5.153132268376181,3.0
5.378168751912554,7.423251274072068,1.9264652304946936,1.5
-5.0,-2.0,1.0,4.515934133717677
-1.0,3.0,-3.0,5.515934133717677
