-10.0,8.0,-5.0
-9.997275179849286,7.99877762800476,-4.999505517928176
-9.988382848821633,7.996122401967608,-4.997138067191994
-9.973208960771116,7.992578121383491,-4.992540772002731
-9.952057377384858,7.988255886526312,-4.9857830221929005
-9.925308685434015,7.983175585915394,-4.9770191182884025
-9.893345827721335,7.9773405710240155,-4.966413729746878
-9.856539110113701,7.970752955419367,-4.954126728989252
-9.815243564210272,7.963416558383327,-4.940310381001093
-9.769798910701212,7.9553372475802835,-4.925109133772815
-9.720530057696974,7.946522746134431,-4.9086599440607355
-9.667747648941987,7.936982388865715,-4.891092653573263
-9.611748548350725,7.926726940927155,-4.8725303022005955
-9.55281622310317,7.915768516311718,-4.853089340691525
-9.491221062941964,7.90412055830094,-4.832879780580981
-9.427220644998101,7.8917978722691835,-4.812005290841638
-9.361059994525792,7.878816660215554,-4.790563291779993
-9.2929718762633,7.865194522077307,-4.768645081023316
-9.223177144157923,7.850950395872665,-4.746336019456514
-9.151885161353249,7.836104424576111,-4.723715789119356
-9.079294284236296,7.820677755744315,-4.700858716965789
-9.00559238799321,7.804692296273669,-4.677834142030274
-8.930957400156348,7.788170455649722,-4.654706792572589
-8.855557805455332,7.771134914231872,-4.6315371365951155
-8.77955309056219,7.75360844785145,-4.608381674397148
-8.703094109796945,7.735613827536958,-4.58529315430033
-8.62632336967422,7.717173796377266,-4.562320709487161
-8.54937524750409,7.698311108211781,-4.539509931221053
-8.472376173199835,7.679048598907518,-4.51690290764996
-8.395444810874597,7.6594092535635365,-4.49453826481942
-8.318692276110033,7.639416233691583,-4.472451245816552
-8.242222416195027,7.619092837015806,-4.450673855376441
-8.166132166196208,7.598462376979332,-4.429235082841178
-8.090511976767631,7.577547986008047,-4.408161199402826
-8.0154462939291,7.556372362267603,-4.38747610987926
-7.941014059844788,7.534957490854899,-4.367201728069872
-7.867289198387946,7.513324375618165,-4.347358339488256
-7.794341048608033,7.491492818475935,-4.327964914595783
-7.722234708130111,7.4694812841979745,-4.309039334569908
-7.651031239299747,7.447306897833819,-4.290598482421083
-7.580787668869308,7.424985643997631,-4.272658130251548
-7.5115566872130435,7.402532862031869,-4.255232528637828
-7.443385955619549,7.379964128516137,-4.238333606677063
-7.376317008134103,7.357296540668401,-4.221969769158545
-7.310383970723316,7.334550177890318,-4.206144513619244
-7.245612685070208,7.311749154176873,-4.190855454575424
-7.182020873504682,7.288921624917663,-4.176094391417091
-7.119619477751602,7.266098615443536,-4.161848552627148
-7.058414849368932,7.243311993485498,-4.14810269417551
-6.9984113776911245,7.2205919997732835,-4.134841637879272
-6.939613921626168,7.197964970470678,-4.122052616051648
-6.882028882557455,7.175452414244715,-4.109726259663558
-6.8256628500894045,7.153072512281498,-4.097855161727592
-6.770519555364719,7.1308433065690995,-4.086430750604912
-6.716598814833561,7.108783893633175,-4.075442156078147
-6.663899577418762,7.086911510827528,-4.06487918110819
-6.612420628885932,7.065240961433176,-4.054732933048495
-6.562157584849884,7.043787747196953,-4.044992745713016
-6.513105387349896,7.0225656934417096,-4.035648607193799
-6.465257058290066,7.0015883135063,-4.026689846693734
-6.418604647919513,6.98086797441435,-4.0181060185075355
-6.373139168776813,6.960416073408274,-4.009886773540979
-6.328850801588346,6.9402429389263,-4.002022004819928
-6.281717093397863,6.9186645558325885,-3.994381421304219
-6.227432304042922,6.894703467574845,-3.9862625378036274
-6.166387504116938,6.868585172631606,-3.9776353338098387
-6.099066470881886,6.840419575892471,-3.968577929896652
-6.025935119993055,6.810312087241582,-3.9591656682470644
-5.947437761315376,6.77836789421701,-3.949467018149369
-5.864000753306453,6.7446888337225674,-3.9395468813171597
-5.776030206884442,6.709376211374211,-3.9294639483026095
-5.683915581732793,6.672527725038469,-3.919273949295584
-5.58802826947735,6.634239397693329,-3.909027894050169
-5.488722617710674,6.594605065206787,-3.8987727552133475
-5.386338709500409,6.553714104008544,-3.888553909965657
-5.281199497145096,6.51165479953624,-3.8784119389879756
-5.173613206379999,6.46851243890169,-3.868384699203977
-5.063873220765457,6.424369917742758,-3.8585068802453346
-4.952258406026358,6.379307901199169,-3.8488100046156726
-4.8390334542915125,6.33340495879841,-3.839322451690634
-4.724449287219814,6.286737634021077,-3.8300695447148674
-4.608743538421221,6.23938042791506,-3.8210737213633705
-4.492141107114676,6.191405704614134,-3.812354779954787
-4.374854753269076,6.142883548331905,-3.8039301716949505
-4.2570856963569925,6.093881609537073,-3.7958153011997884
-4.139024181337794,6.044464976546758,-3.788023799021429
-4.020849982302891,5.99469610197549,-3.7805677367058066
-3.9027328256416705,5.944634802067859,-3.7734577663247
-3.784832729905459,5.894338331639439,-3.7667031817333267
-3.667300275783413,5.8438615211287726,-3.760311915030999
-3.5502768326876635,5.79325694919379,-3.754290494776127
-3.433894775045952,5.742575117698433,-3.748643999098542
-3.3182777199168494,5.691864597431088,-3.743376035360235
-3.2035408083745707,5.641172122076523,-3.738488768839183
-3.089791038497626,5.590542622587204,-3.7339830082902794
-2.977127641287272,5.540019210618955,-3.729858339721627
-2.865642476453952,5.4896431340939245,-3.7261132853295464
-2.755420416249528,5.439453736723866,-3.722745455768596
-2.64653968453757,5.389488454321414,-3.7197516629409866
-2.539072125388389,5.339782873641209,-3.7171279675782176
-2.4330833891177694,5.290370865868549,-3.7148696495143874
-2.328633040871097,5.241284789698122,-3.712971105728062
-2.225774613802207,5.192555742004871,-3.7114256981722153
-2.124555641799647,5.144213821212367,-3.710225586310452
-2.0250177125717252,5.096288362611647,-3.709361585132004
-1.927196579270315,5.04880810752067,-3.7088230867825223
-1.831122358232591,5.001801278780813,-3.7085980733430275
