7.0,12.0,-0.5
6.996837671907994,11.99373360301042,-0.5013431969948158
6.985540476191462,11.973355417212218,-0.5073185032830066
6.966484290987444,11.939579278448615,-0.5177480999179471
6.940289479112917,11.893351875307246,-0.5322028664090408
6.907547449332179,11.835579550015382,-0.5502759598875768
6.8688212359497305,11.767129118402368,-0.5715823763817652
6.824645343603996,11.688827955465888,-0.5957592471271125
6.77552709061211,11.601465579582646,-0.6224646363804341
6.72194694961046,11.505794233807862,-0.6513773418168265
6.664359524773575,11.40253010326565,-0.6821960580626337
6.603194162858154,11.292354165611833,-0.7146389059621404
6.538855952145839,11.175913428392823,-0.7484425733579045
6.471726566225979,11.053822010007103,-0.783361610305939
6.402165323162639,10.926662434592776,-0.8191675080520772
6.330510151204748,10.79498683179355,-0.8556478704896031
6.257078613691714,10.659318193861878,-0.892605525332377
6.182168824604072,10.520151521368453,-0.9298577434481351
6.106060315393256,10.377954917983763,-0.9672355056192451
6.029014783654255,10.233170564739257,-1.0045828860755814
5.9512767667535265,10.086215616735531,-1.0417565096021892
5.873074240197105,9.937483021948553,-1.0786250823583392
5.794619187292795,9.787342308564428,-1.1150689497817474
5.716108304459819,9.636140505082434,-1.1509795171580037
5.637722897727627,9.484202248626836,-1.1862594772542
5.559631066699345,9.331832177641434,-1.2208207486817615
5.481986700953717,9.179314133867893,-1.2545855999720021
5.404931222877168,9.026913107508928,-1.2874850253196513
5.328594083772972,8.874875932364224,-1.3194583651127663
5.253093734973805,8.72343245259815,-1.3504524494833656
5.178537833698296,8.572795920834732,-1.3804215051116695
5.105024319396404,8.423164263263455,-1.4093261895032558
5.032641582402674,8.274720433556302,-1.4371335309091424
4.9614691000302775,8.127633230674014,-1.4638163987236883
4.89157772573246,7.982057766175681,-1.48935331872639
4.82303003205194,7.8381359817252685,-1.5137282324312002
4.755880662225143,7.695997171647083,-1.536930245667803
4.690176723682171,7.555758543760575,-1.558953333147759
4.625958244473456,7.417525839519828,-1.5797959779813209
4.563258696894605,7.281394017728417,-1.599460741872896
4.5021055757163815,7.147447989240141,-1.617953778590327
4.465086201113956,7.05242895352404,-1.6186639788349166
4.427463952073104,6.957019616950001,-1.6156370796129744
4.389275655634438,6.861315411904129,-1.6091230420283902
4.350620067852368,6.765470164654214,-1.5992991377661603
4.311594672902368,6.669633020889077,-1.5863334030742333
4.272292324148271,6.573945210444575,-1.5703882497123736
4.232800595185649,6.478539519234428,-1.5516213646043204
4.1932016134599746,6.383540240989235,-1.5301861253620799
4.153571956945387,6.289063189297257,-1.5062319509786783
4.113982573349209,6.19521572942281,-1.4799046280204589
4.074498755083487,6.102096863156999,-1.4513465788873958
4.0351802069287395,6.009797403641985,-1.4206970350390602
3.9960812252309124,5.918400259028286,-1.3880920961805658
3.957250982408413,5.827980818762694,-1.3536646814790165
3.9187338874571913,5.738607413217636,-1.3175444019814684
3.880569978260569,5.650341802493524,-1.2798573982977839
3.8427952979814255,5.563239646698379,-1.240726191151534
3.8054422156768806,5.4773509178732365,-1.20026958454979
3.768539667831055,5.392720230288906,-1.1586026447770101
3.7321133181681154,5.309387086507678,-1.1158367577609918
3.6961856527106143,5.227386056207772,-1.0720797477650286
3.6607760411352563,5.146746918856619,-1.027436026281889
3.625900801270863,5.067494807112869,-0.982006734220794
3.5915733004216115,4.989650384676303,-0.9358898436481041
3.557804116492609,4.913230081599775,-0.8891801960559779
3.524601268464777,4.838246396647777,-0.841969467570047
3.4919705127529483,4.76470826327468,-0.794346064528307
3.459915658748091,4.692621432562025,-0.7463949961007027
3.428438908322159,4.621988877933691,-0.6981977191496109
3.397541195320327,4.552811197713741,-0.6498319792896964
3.367222493659051,4.485086984186081,-0.6013716795178832
3.337482089617705,4.418813154784677,-0.5528867808200866
3.308318816463684,4.353985243595471,-0.5044432366141304
3.2797312496064923,4.290597651406979,-0.4561029628373782
3.251717853256936,4.228643845327294,-0.4079238527114072
3.2242770606255156,4.168116490043253,-0.35995985416226955
3.1974072671826614,4.109007490286125,-0.3122611303902708
3.1711067285001424,4.051307936064838,-0.26487431209019735
3.145373384137322,3.9950079721719955,-0.2178428198820633
3.1202046727467483,3.9400966571786817,-0.17120719180488067
3.0955974433080673,3.8865619168683323,-0.12500531099449602
3.0715480635597623,3.834390693220303,-0.07927243250887135
3.048052728859945,3.7835692922152107,-0.03404100610508574
3.025107787244794,3.7340837462712337,0.010659520762548844
3.00270978751771,3.6859198981849848,0.054802626515414544
2.980855205677791,3.639063161923767,0.0983643208648493
2.959540270302162,3.5934983809279024,0.14132285262712738
2.9387609990202574,3.549209896093105,0.18365863204830812
2.918512956548587,3.506181333947152,0.22535387804329238
2.898791163072889,3.4643955438426834,0.26639241909451017
2.879590066917109,3.423834598142204,0.3067595617022408
2.8609036219093853,3.3844798958462534,0.3464420667362989
2.8427253375525225,3.34631223780535,0.38542810175295944
2.8208466550317755,3.304760932697751,0.42563859463525533
2.7903999996577116,3.2546221843595564,0.46788028021286393
2.751904161532498,3.1964397809915126,0.5120038606824598
2.705947456708298,3.1308256626997863,0.5579540368357505
2.653092880064678,3.0583651208176748,0.6056741045801189
2.5938786361883315,2.9796173743031167,0.6551059308256887
2.5288187067130394,2.8951161816647994,0.7061899677965999
2.458403315060705,2.8053703493546442,0.7588651672720524
2.383099458756553,2.7108643067977867,0.8130689654610209
2.3033514365038084,2.612058675244717,0.8687372661938776
2.2195814410075165,2.5093909014357174,0.9258044938870327
2.132190232707992,2.403275971239702,0.9842037318771233
2.0415579035381692,2.2941072123843584,1.0438669556458438
1.9480446892843402,2.18225714486076,1.1047253198933966
1.851991809215453,2.0680783576721726,1.1667094784773069
1.753722293614789,1.9519043725663172,1.2297498981758996
1.6535417599882558,1.8340504555316062,1.29377712735116
1.55173911157635,1.7148143496914219,1.3587219934145125
1.4485871459328368,1.5944769173672453,1.4245157171120375
1.3443430799170375,1.4733026976659338,1.4910899502074
1.2392490134643839,1.351540401964845,1.5583767591374063
1.1335323652099731,1.229423380379153,1.6263085879049242
1.027406316252114,1.1071700955084909,1.6948182366667905
0.9210702928417187,0.984984634259409,1.76383888695469
0.8147105066995544,0.8630572764567526,1.8333041923654458
0.7085010005039666,0.7415655677979641,1.903148882381905
0.6026019406335936,0.620672639247413,1.9733066215034187
0.4971653631761654,0.500532978891938,2.0437153298042
0.39233021003397106,0.3812874931044065,2.114311801784879
0.2882259772397746,0.26306717913787675,2.1850349457284906
0.18497267663745118,0.14599311032036502,2.2558253447327785
0.08268130356270892,0.030176926497819327,2.326625332096254
-0.018545876818330833,-0.0842788576033042,2.3973788937340372
-0.11861510345317781,-0.19728060502073133,2.4680315186916837
-0.21744083995487345,-0.3087432565198089,2.5385301114297865
-0.31494543817097587,-0.41858997427106026,2.608822969458085
-0.4110587681116096,-0.5267517525698863,2.678859802955524
-0.5057178043188013,-0.6331669856666164,2.7485918062635415
-0.5988661555484901,-0.7377809795642338,2.817971794342223
-0.6904535512194708,-0.8405454212239432,2.8869543906881843
-0.7804353227285598,-0.9414178432637706,2.955496228560577
-0.8687719300279225,-1.0403611345320474,3.0235561150579753
-0.9554285841776746,-1.1373431472548219,3.0910951072652733
-1.0403750046210372,-1.2323364394904643,3.1580764616494093
-1.1235853256771873,-1.325318167372633,3.2244654421292887
-1.2050381339447946,-1.4162701088207037,3.2902290050421685
-1.284716585746434,-1.5051787678340363,3.3553354117866765
-1.362608532731263,-1.592035487473753,3.41975384093103
-1.4387065825340526,-1.6768364984165078,3.4834540727901255
-1.513008040428606,-1.7595828490047873,3.546406300431519
-1.5855147095579185,-1.8402801943627372,3.6085810894224966
-1.656232560047165,-1.9189384548703672,3.669949475903609
-1.725171301638583,-1.9955713786221292,3.7304831682382376
-1.792343906387413,-2.070196054396093,3.790154805585096
-1.8577661279376418,-2.142832421639708,3.848938226758786
-1.9214560543086234,-2.2135028143906132,3.906808712329145
-1.9834337146370744,-2.2822315595645826,3.9637431793950033
-2.0437207401758246,-2.349044629899723,4.01972032860958
-2.105143509906527,-2.418356857959271,4.073990506402558
-2.17183352302004,-2.49577023023509,4.12434753123261
-2.2434902100775274,-2.5808161379742565,4.170875652431722
-2.319623869320885,-2.672842791387263,4.213858700950911
-2.3997685461862104,-2.7712279706393557,4.253566888507001
-2.483482340896809,-2.875379204874355,4.290256183919023
-2.5703468425705465,-2.984733077864757,4.3241685682913005
-2.6599664799012843,-3.09875445049772,4.3555323790712634
-2.751967964168383,-3.2169357759924475,4.384562567299071
-2.845999649388948,-3.338796332796905,4.411461043297683
-2.9417308684242287,-3.4638814341005735,4.436417052043597
-3.0388511751426375,-3.5917615441833814,4.459607648158505
-3.137069523936657,-3.7220313330083337,4.481198239257663
-3.2361133900907126,-3.8543086726580857,4.501343194182435
-3.335727863135347,-3.988233607847157,4.520186483998059
-3.4356747373593493,-4.123467324771268,4.537862331593703
-3.535731812490357,-4.259691331386569,4.554495656870016
-3.6356920500090935,-4.396606494663655,4.570202672054369
-3.735362934440925,-4.5339322842290235,4.585091277775222
-3.834565890800096,-4.671406073636331,4.599261408707184
-3.9331357941239915,-4.80878253526499,4.61280529282315
-4.030920531227392,-4.945833089031302,4.625807664092944
-4.127780548952137,-5.082345339237816,4.638345994317223
-4.223588348955989,-5.218122459650259,4.650490784012166
-4.3182279234434695,-5.3529825212457816,4.6623059178968855
-4.411594139147714,-5.48675776997822,4.673849077625003
-4.503592083315693,-5.619293868345231,4.685172197954504
-4.5941363964851565,-5.750449125574164,4.696321941510375
-4.683150625621432,-5.880093750019584,4.707340158511233
-4.770566631151861,-6.008109157331349,4.71826429785845
-4.856324072454953,-6.1343873589680635,4.729127744963985
-4.940369981240992,-6.258830440507066,4.739960076810882
-5.022658414658413,-6.381350121596623,4.750787242340351
-5.10315016379383,-6.5018673732266095,4.761631692423545
-5.181812482038194,-6.620312056795736,4.772512494869584
-5.258618793969273,-6.736622545628463,4.78344547374186
-5.3335483497014335,-6.850745293893015,4.794443407952201
-5.4065858011067895,-6.962634329322611,4.805516312648064
-5.4777206927372655,-7.07225066256529,4.816671810481091
-5.5469468794759775,-7.179561625184412,4.8279155806455085
-5.614261904589235,-7.284540169972875,4.839251851930979
-5.679666399480351,-7.387164194872056,4.850683878403876
-5.743163606423853,-7.487415991762161,4.862214296352959
-5.804759174857002,-7.585281970687328,4.873845211836556
-5.8644614023269215,-7.680752830598671,4.885577847646681
-5.9222820068558235,-7.773824263361226,4.897411662841074
-5.978237277578437,-7.864498037861006,4.9093430979023935
-6.03234913248581,-7.952782993027241,4.921364416603777
-6.084645518256218,-8.038695374730223,4.933463209513488
-7.0,-10.0,5.5
-7.0,-10.0,5.5
-7.0,-10.0,5.5
-7.0,-10.0,5.5
-7.0,-10.0,5.5
-7.0,-10.0,5.5
-7.0,-10.0,5.5
-7.0,-10.0,5.5
-7.0,-10.0,5.5
-7.0,-10.0,5.5
-7.0,-10.0,5.5
-7.0,-10.0,5.5
-7.0,-10.0,5.5
-7.0,-10.0,5.5
-7.0,-10.0,5.5
-7.0,-10.0,5.5
-7.0,-10.0,5.5
-7.0,-10.0,5.5
-7.0,-10.0,5.5
-7.0,-10.0,5.5
-7.0,-10.0,5.5
-7.0,-10.0,5.5
-7.0,-10.0,5.5
-7.0,-10.0,5.5
-7.0,-10.0,5.5
-7.0,-10.0,5.5
-7.0,-10.0,5.5
-7.0,-10.0,5.5
-7.0,-10.0,5.5
-7.0,-10.0,5.5
-7.0,-10.0,5.5
-7.0,-10.0,5.5
-7.0,-10.0,5.5
-7.0,-10.0,5.5
-7.0,-10.0,5.5
-7.0,-10.0,5.5
-7.0,-10.0,5.5
-7.0,-10.0,5.5
