3.0,6.0,0.0
3.0009284404690897,5.997973752402109,0.0001417664636831999
3.003148293567595,5.99154963079644,6.019550353732658e-5
3.006194612305696,5.980584381955278,-0.0006240101791188589
3.0098713715489662,5.965192602348274,-0.0020241739458332847
3.0140975118155575,5.945593010036289,-0.004141540694000398
3.0188407121854963,5.922042446380967,-0.006931443030399722
3.0240886842827646,5.894807399214055,-0.010331946268917824
3.029836658702851,5.8641517185386665,-0.01427630095977923
3.036081938893144,5.830331399487196,-0.01869832801816912
3.042821530847538,5.79359244062937,-0.02353472816220291
