7.0,12.0,-0.5
6.996856808415984,11.995930049101272,-0.4986707613090926
6.98614009029078,11.982502085696817,-0.49630333204334276
6.968085900676896,11.96005306641786,-0.4931485961734239
6.943218208821368,11.929204389227538,-0.48915276385337736
6.912043951517949,11.890557018317354,-0.4842626633325429
6.875047534295829,11.844686057060695,-0.47843158609518543
6.83269096814726,11.79214095662671,-0.47161949704743744
6.785415211207249,11.733446929573399,-0.46379203988303586
6.733639322259432,11.669104175205259,-0.4549217303256541
6.677762200131697,11.599589690675169,-0.4449865627790533
6.618162240252241,11.525356999022026,-0.43397069873273575
6.555198469660473,11.446837355363659,-0.42186367526688706
6.489210979949013,11.364440250651814,-0.40866031384549323
6.420521833804725,11.278554388590376,-0.39436015340721103
6.3494358217366464,11.189548512243686,-0.37896703087188355
6.276241247298291,11.097772258584387,-0.3624886304750813
6.2012106640456315,11.003556964168247,-0.3449360784294257
6.124601531455992,10.907216389110975,-0.3263236154451229
6.082670206724213,10.844445747933214,-0.29308746064846536
6.041123336591878,10.772075623518436,-0.260194677844087
5.999973521414135,10.690702171430662,-0.22768332809572042
5.959330589288611,10.600998281045435,-0.19549052753716437
5.919296035676665,10.503608451805961,-0.16355815401636284
5.879962992921585,10.399149199870449,-0.13183302018222007
5.841416449156382,10.28820971408497,-0.10026679354824117
5.803733399338799,10.171352443491795,-0.0688159808256833
5.7669830104787705,10.04911369794034,-0.0374418944929764
5.7312268015646906,9.922004261837579,-0.006110601130613588
5.696518898395692,9.790510080803074,0.025207208648404183
5.662906358168604,9.655093015662032,0.05653642348138427
5.630429579731091,9.516191679298116,0.08789780362186082
5.599122767924087,9.374222324424183,0.11930833076804757
5.569014429550809,9.229579759467097,0.15078159284582418
5.540127854625153,9.082638245901142,0.18232815735213576
5.512481551311686,8.933752345146141,0.21395590162270833
5.4860896038535465,8.783257684051591,0.24567026927078445
5.460961944478919,8.631471629702968,0.2774744437367928
5.437104819494454,8.478694153522984,0.30936971910584915
5.414519457347453,8.32520689223743,0.34135407591988787
5.393205371140649,8.171276837979125,0.3734253944218888
5.373156916055243,8.01715327782616,0.4055779256211526
5.3543654286839795,7.8630703095885615,0.4378043471402484
5.336819083870236,7.709247069306637,0.47009553937519194
5.320503206113685,7.5558884073822865,0.5024408189772606
5.305400575737291,7.403185553420252,0.5348281697946785
5.2914917508458,7.25131679070453,0.5672444922481369
5.2787554158729355,7.100448151015467,0.5996758818810677
5.2671687119097035,6.950734084900842,0.6321078922206823
5.256707492986631,6.80231805150667,0.6645257260662334
5.247346488114387,6.655333007716561,0.6969143349526662
5.239059381483867,6.5099018089559335,0.7292584391345821
5.231818837253254,6.366137548054191,0.761542494462089
5.225596500403025,6.22414386362124,0.7937506375738064
5.220363005642001,6.084015249906144,0.8258666413347608
5.2160880209227285,5.945837394689751,0.8578739070224357
5.212740340780914,5.809687560427881,0.8897555084211008
5.210288030049398,5.675635009205332,0.9214942883207515
5.208698604115603,5.5437414576868385,0.9530729935359387
5.207939221052866,5.414061537419626,0.9844744237217798
5.207976855918025,5.286643230810755,1.0156815642269597
5.208778429355626,5.1615282549566315,1.046677675072143
5.210310871238453,5.038752374097257,1.077446316732163
5.212541113837073,4.918345635236202,1.1079713071640358
5.215436024909277,4.800332537370551,1.138236620421681
5.218962305229244,4.684732158908817,1.1682262513279205
5.223086383905306,4.571558276688227,1.197924079504085
5.227774346372742,4.460819511544487,1.2273137675958623
5.232991924161739,4.352519529604594,1.2563787227484957
5.238704564040051,4.246657316976201,1.2851021388846244
5.244877579589133,4.143227530969471,1.3134671227980743
5.2514763739015855,4.042220916619377,1.3414568927068031
5.258466711091957,3.9436247662833335,1.3690550269132034
5.265815009199234,3.8474233949777155,1.3962457351070936
5.273488628840217,3.7535986058999655,1.4230141266284175
5.2814561395031046,3.6621301281150416,1.4493464575376402
5.285015561803489,3.5680487037563817,1.4755752886797944
5.278501055292845,3.465438765790896,1.5006955200327754
5.262495774345073,3.35491572990969,1.52476147958087
5.237679622539923,3.237188078949461,1.547942916399069
5.204702500872757,3.11293077776588,1.570397847587523
5.164185027163426,2.9827861544633265,1.592272876148509
5.116719190597456,2.84736471198142,1.6137034442407834
5.062869077709708,2.7072460064189134,1.6348141585959297
5.003171474019389,2.562979396376328,1.6557189927530038
4.938136591452961,2.415084913527425,1.6765216166696775
4.868248809319045,2.2640541422592535,1.6973157418705134
4.793967500323723,2.110351179945766,1.7181855539932933
4.715727939249077,1.9544136755556878,1.7392062307054974
4.633942262020913,1.7966539143992923,1.7604445130439357
4.54900042544925,1.6374598993785403,1.7819592807654059
4.461271209952243,1.4771964711291399,1.803802174305637
4.37110309767013,1.3162062995450725,1.826018096015352
4.278825121293744,1.1548108420894843,1.8486456862450096
4.1847475870904844,0.9933111724576124,1.8717176779872131
4.089162731523228,0.8319887390687458,1.8952611896818647
3.992345298657813,0.671106040665135,1.9192979435717252
3.894553095982487,0.5109072767231483,1.943844467407791
3.7960275469571663,0.3516189910765353,1.968912297982572
3.696994548225281,0.1934510167658055,1.994508494570104
3.597663720575392,0.036595811285325346,2.0206345514861166
3.4982321267964696,-0.1187677445558176,2.0472897830438908
3.3988816644851485,-0.2724768760049386,2.074468389043473
3.29978165200915,-0.42438225370109833,2.102161719117039
3.201089248422994,-0.5743475020880442,2.130358376788296
3.102950150729035,-0.7222484334371159,2.159044606714254
3.005499133680211,-0.8679724422049374,2.1882045303621855
2.908860509328889,-1.011417982444181,2.2178203073734295
2.8131485640390403,-1.1524940704736961,2.247872280368734
2.718467959840485,-1.291119825853635,2.278339090102026
2.6249140989508377,-1.4272240517652535,2.309197759807542
2.5325734911888533,-1.5607448149979524,2.3404237884749546
2.4415241684545452,-1.6916289812954388,2.371991297230854
2.351836170954141,-1.8198316813112398,2.4038732535001444
2.263572107865038,-1.9453157044077543,2.436041775630914
2.176787774343532,-2.0680508383265055,2.468468499867277
2.0915327862689406,-2.188013193267535,2.5011249710392147
2.007851174139461,-2.3051845688952795,2.5339829983542477
1.9257818600842562,-2.419551940240288,2.567014900219381
1.8453589347453883,-2.5311071456781766,2.600193554805637
1.7666116714047475,-2.639846839546881,2.6334921936841584
1.6895642811998859,-2.745772705495703,2.6668839423270985
1.614235515009396,-2.8488918249241317,2.70034121299893
1.54063829939477,-2.9492170130633384,2.733835137366237
1.4687795917949478,-3.0467669374451973,2.7673352239595927
1.398660544195902,-3.141565929478785,2.800809329643945
1.3302769403925687,-3.233643523960568,2.8342239101457234
1.2636198000131236,-3.323033833293044,2.8675444427347423
1.1986760418057634,-3.4097748638576673,2.9007359134865145
1.1354291341609246,-3.4939078465163576,2.9337632970209424
1.0689884642498735,-3.5792194134631465,2.966574175423947
0.9935974486232444,-3.670445962801482,2.997891750559815
0.9098620247419169,-3.7671283370163877,3.0277843902859423
0.8184769071620286,-3.868714083732057,3.056430233417341
0.7201044703435682,-3.9746786471117805,3.083995552058654
0.6153755610304438,-4.084524631027836,3.1106350470934374
0.5048903313293841,-4.197781042708923,3.136492168390305
0.3892190229196642,-4.31400258627555,3.1616993905614885
0.268902749804461,-4.432768958602361,3.1863784920608347
0.14445428770834262,-4.553684139259752,3.2106408460748566
0.016358948087148592,-4.676375596432598,3.234587801498519
-0.11492449890100336,-4.8004934443377865,3.258311118643367
-0.2489628228516919,-4.925709522405903,3.2818934895669574
-0.38534728207152835,-5.051716425184873,3.3054091142030777
-0.5236925536066918,-5.178226513424948,3.328924301955439
-0.6636356842416767,-5.30497094613952,3.352498059067643
-0.8048350995610081,-5.43169877063568,3.3761826248687
-0.9469696984403353,-5.5581760977876415,3.400023929700795
-1.0897380445869373,-5.684185374085069,3.424061963064261
-1.232857648738027,-5.809524743981864,3.448331058509036
-1.3760643195198372,-5.934007480470546,3.4728601173907956
-1.519111250958827,-6.057461151800389,3.4976731036067297
-1.6617699840390001,-6.179728661665356,3.522787672000774
-1.8038263472746559,-6.300664267765618,3.548218825564792
-1.945083551252131,-6.420136753639126,3.5739754265101293
-2.0853593287072894,-6.538026645271483,3.6000626697293656
-2.2244855171628166,-6.654225869458464,3.6264821216364096
-2.362307266000764,-6.768637035748034,3.6532321425444167
-2.4986823271187184,-6.881172801066169,3.6803082334459014
-2.6334803653893264,-6.991755253205533,3.7077033709791607
-2.766582294853689,-7.1003153190702,3.735408324644428
-2.897879698625983,-7.206792255619703,3.763411898276936
-3.0272743472402817,-7.311133238212394,3.791701081021653
-3.1546777817628775,-7.413293012643368,3.8202611414537637
-3.28001091651289,-7.5132335656945735,3.8490757099616713
-3.4032036209267704,-7.6109237737102164,3.87812688980912
-3.5241942495574627,-7.706338998168319,3.9073954278309757
-3.64292910586378,-7.79946061388659,3.9368609590459775
-3.759361851147259,-7.890275481204788,3.966502313762028
-3.873452902948104,-7.978775406442379,3.9962978427896383
-3.985168900508093,-8.064956668228682,4.026225683077665
-4.094482331911884,-8.148819704308304,4.056263869077063
-4.201371393201791,-8.23036902911021,4.086390219450315
-4.3058200722594915,-8.30961337486905,4.116582006241618
-4.407818350171085,-8.386565949012,4.146815513696227
-4.507362354814767,-8.46124464254894,4.177065651891037
-4.604454331346778,-8.533672054141686,4.207305760398897
-4.699102392085945,-8.60387529235419,4.237507639381699
-4.791320098896269,-8.67188560918607,4.267641754905515
-4.8811259586014675,-8.737737945427718,4.297677537834354
-4.96854288714681,-8.801470443557767,4.32758372047559
-7.0,-10.0,5.5
-7.0,-10.0,5.5
-7.0,-10.0,5.5
-7.0,-10.0,5.5
-7.0,-10.0,5.5
-7.0,-10.0,5.5
-7.0,-10.0,5.5
-7.0,-10.0,5.5
-7.0,-10.0,5.5
-7.0,-10.0,5.5
-7.0,-10.0,5.5
-7.0,-10.0,5.5
-7.0,-10.0,5.5
-7.0,-10.0,5.5
-7.0,-10.0,5.5
-7.0,-10.0,5.5
-7.0,-10.0,5.5
-7.0,-10.0,5.5
-7.0,-10.0,5.5
-7.0,-10.0,5.5
-7.0,-10.0,5.5
-7.0,-10.0,5.5
-7.0,-10.0,5.5
-7.0,-10.0,5.5
-7.0,-10.0,5.5
-7.0,-10.0,5.5
-7.0,-10.0,5.5
-7.0,-10.0,5.5
-7.0,-10.0,5.5
