-3.0,8.0,7.0,0.0,0.0
-4.360210262678894,15.425452900492225,-17.314724110784585,25.459641225274456,25.459641225274456
-19.433132019206873,3.986263486833419,4.675510487280626,17.075162085689,17.075162085689
-10.91655391483541,-8.166189193213702,-12.216746689409694,39.55988048001383,39.55988048001383
-16.320059606737054,-8.377384874160665,2.6195423245730964,25.139632025788508,22.117966429084305
-11.635314365667773,-17.223708965988187,-13.716957176486435,44.557224432926574,43.93859862028714
-11.693945977200837,-9.823008216629807,-15.651346079240058,43.45164880091956,43.45164880091956
-13.550066308709585,-9.303062721602142,-15.779442907498993,Inf,42.88325721611243
-19.013212835236484,-16.084074300819616,-13.766839351888782,Inf,42.5958124408089
-19.79444576136619,-11.45925190507647,-14.719635906223685,Inf,36.48862128574156
-18.144322494325984,-11.30801102311593,-17.42586431816571,Inf,37.99448798624012
-17.45801939251521,-19.007340909481112,-18.399724868057294,Inf,45.20501908313963
-11.657659283692858,-13.494490080457098,0.5021072440455114,27.76273532345314,24.664123980928995
-17.510949326920986,-19.837030518606316,-11.209806484314413,42.707881434029375,42.707881434029375
-14.310560849106801,-18.06727799772288,-8.953996934219255,38.41100034184174,38.41100034184174
-11.775199793866511,-19.46912157235671,-9.335954108970004,Inf,39.39397525682124
-18.43503974253249,-9.752983450031127,-9.605077572951792,Inf,34.99730886505891
-19.129343577730744,-15.693450222317518,-13.015588195133656,Inf,41.88227698351996
-14.292426691961388,-17.989459918564464,-10.123618163037635,Inf,39.41611480937621
-13.759738242411439,-17.575718044211257,-12.116622774558952,Inf,41.52016012838017
-11.987215531742503,-16.47374815941049,-9.849381409411633,Inf,34.29113822897522
-12.774034050061491,-13.216193818660038,-10.098541979450975,Inf,29.80580842479637
-19.36408088305378,-11.16162385288777,-1.0332544534997545,30.649711564527642,30.145823393236896
-19.846811470962606,-17.108595397850557,0.9538146816335384,34.46395955600932,34.46395955600932
-19.902523071794924,-18.44828771507381,-5.403759250465621,Inf,38.08365779595756
-17.619654625877025,-18.97554858009217,-1.324324874759597,36.06473779401712,36.06473779401712
-11.690818670868834,-19.270598471583213,-3.563401646032034,Inf,34.82622527009389
-17.405029878417537,-19.681841366117983,4.069174626429213,Inf,31.936581607174837
-15.622975788033449,-13.406339589578602,-8.187506029785503,37.31474476321911,35.68508777733749
-11.940232223457885,-16.416143435823596,-8.722037501303053,Inf,33.844219096474276
-18.538006364421797,-11.404931433225567,-8.928405041218745,Inf,30.516259135656398
-12.857520629137786,-14.270864819599902,-1.6550657005738323,30.05645211627274,30.05645211627274
-16.029336520650048,-12.986715462545018,-2.818309854192673,30.906270101938933,30.906270101938933
-19.361062693474366,-17.47368360502516,-6.803033097307933,37.7700374149047,37.7700374149047
-15.23810136298068,-17.377340100476395,-0.4702438595001297,Inf,31.623262781537573
-17.83656030966716,-17.929177817454338,1.3194672863331718,Inf,30.93689859292588
-16.60614879156883,-13.321953088281573,0.005199659987855654,Inf,27.12536804870736
-18.172788886180804,-13.291716663081266,-5.002135926105673,Inf,29.057928550869423
-13.550888934641225,-11.622840813394104,-3.745512294860937,Inf,27.834265939877593
-14.646576873595496,-11.447117549515049,-7.495283959080972,Inf,28.206449276099665
-15.845173259585978,-10.68174509359169,-7.918882174431863,Inf,28.364264972134876
-17.64565879012542,-9.280137861835547,-4.851875993786177,Inf,25.991729027065183
-13.74246390220998,-9.330922297061406,1.310695176698431,Inf,22.036580851198693
-14.836776601783619,-12.654878155379725,-0.9364880020010986,Inf,25.76395395324141
-12.925703645516728,-10.705187695061626,3.9161237100384128,Inf,21.823986267712392
-12.543018832595747,-17.350322848641788,3.3976111706545176,Inf,27.682957058813926
-12.72637192603339,-8.735674372439526,-0.9973883058733151,Inf,21.8619450002981
-12.388488074818502,-11.97810403031486,4.066142552575329,Inf,22.46869358304931
-11.339526342148858,-18.950135442500446,-7.620827865245596,Inf,34.671338260847264
-13.981604245519916,-5.928336246031272,2.4116505835151614,21.885936914372525,18.8385062976084
-18.477968531740714,9.268016270004821,-14.228847656012862,34.547951766666166,34.547951766666166
-19.927702187964957,-5.549318603026849,-1.3984411573490974,25.656660034284883,25.656660034284883
-19.74641028629538,-6.651780607988229,-9.814519203191479,Inf,30.384072482892094
-19.00955584741121,-6.764675321884797,-17.461955620463883,Inf,35.27064290410599
-19.888667330366737,-7.976916030727832,-5.445189322372261,Inf,27.536613724816792
-18.84688573668854,10.01056160898645,-8.50861305528257,Inf,22.97291113683008
-19.54937312537263,3.4030230421629426,-14.542290301013088,Inf,28.843526395234107
-19.70362895105324,-4.510315422423865,-11.441771241079568,Inf,28.80484859936046
-19.893194983063598,0.0275067073787838,-11.085843201680978,Inf,27.191788295191472
-19.830958009459437,5.69751507401941,-17.09810610328944,Inf,30.607334195009663
-19.629915073481968,4.290871421011737,-9.680881602888318,Inf,24.91624739709436
-18.648102314879296,8.876942007360704,-17.791821809864274,Inf,33.342400671755804
-19.457414652974396,3.7490340134672273,-10.023076891901983,Inf,25.052126251722665
-19.246768603939543,-3.7731492656780503,-16.90506848943219,Inf,33.02874548285786
-19.29647919188082,-2.5058104044954703,-0.771146866085477,Inf,21.230677422727414
-19.80333047019186,-1.2941222468077669,-8.05900937595096,Inf,25.857395422641844
-19.559707542735907,5.383853477138302,0.6877689068120674,Inf,18.18616215578214
-19.13910178278087,4.1549619220980745,-4.705719364912282,Inf,21.120460783013044
-13.945594255983833,13.277733693058984,-11.5340871539747,32.51398652986336,32.51398652986336
-12.127257392679374,7.9880872283449555,-9.638297383602907,26.607995713449924,19.5183002275488
-13.148397022879879,5.174520877284429,-17.24192019615017,34.77952932909853,34.77952932909853
-17.83329274359759,4.94296146933295,-16.03440703491879,35.704250381486816,35.704250381486816
-15.343171396188682,3.768342681788461,-16.073374766189144,34.94817363937174,34.94817363937174
-15.507976704734476,1.5929300215768016,-17.793530196474485,Inf,32.21386137741632
-18.1101582772604,1.933990118962683,-17.307157422783234,Inf,30.799292100266705
-17.408144111767943,-2.2679374869670355,-18.591408040273354,Inf,32.801859407041405
-15.01073123265992,1.2380029787647828,-19.57887510172271,Inf,33.4241984524774
-14.274273229885726,-3.463897329912591,-18.622687545387677,Inf,33.372217456424934
-13.913764066902017,-3.028949539922632,-19.5112569800213,Inf,31.470725027776503
-14.870153072760193,2.6123147692115367,-12.24775157600944,Inf,33.1830742244984
-16.726980097631152,3.9474129940708735,-11.528844821480027,Inf,28.11545510739885
-15.259559820087825,-4.559597600031999,-14.956852483609868,Inf,34.79795637072155
-17.72576729030891,-1.7234696607518352,-12.25847368630367,Inf,27.491459664677294
-14.219633517691728,3.125878618545414,-14.272721039750031,Inf,26.057498513515753
-13.84856651129133,2.103141241155278,-15.442261359460367,Inf,27.37352348373873
-15.128469038678727,5.856970404477373,-19.95973251636313,Inf,38.21069915188739
-14.772618754449764,9.532202068042146,-19.862464205100405,Inf,33.271768599406315
-17.969494208165024,11.519309013085987,-11.369196712716656,Inf,25.131552751782948
-16.345799918679297,8.233577414808686,-15.306318503997014,Inf,27.145047849757837
-15.123379590829611,9.681229817610195,-13.612754395441549,Inf,24.573025321622197
-16.949148604787567,12.30122894476927,-16.470054379341033,Inf,28.79170775595474
-14.414677753866547,11.757764081575168,-12.752713587822209,Inf,24.363361806214982
-14.27866093207622,9.118696381120472,-18.85373644306491,Inf,29.048837006992386
-13.277656438291583,7.273627087460419,-18.681187925173937,Inf,28.662027071888204
-12.313400124120575,7.542125426751092,-17.949080121163384,Inf,34.932816477639534
-11.045652969513293,3.8591215983365146,-12.790939805257349,Inf,23.469698750878493
-11.52514429126085,4.455158768550838,-17.46849897916883,Inf,28.02159644605626
-13.103843053088262,-8.212160680158203,-16.939900760507545,Inf,33.066231679502856
-12.772768131618077,0.6566277972125363,-15.715527493875623,Inf,27.169493533018635
-11.690605285591076,-6.804687388614594,-11.230263512957581,Inf,26.43160178918027
-12.493521984956155,12.361745523693273,-9.710701178371375,Inf,20.695713281701824
-16.628687139856638,10.597136694622176,0.6401239975259472,20.58687163910522,16.16164666540761
-17.296512553608157,3.6136258572656317,-6.4406568342440895,Inf,20.866249196514172
-17.729838471924253,3.126046556197501,-5.9695696570791945,Inf,21.128706804806775
-17.314163372773315,1.0705696147175203,-9.224556769070125,Inf,23.41843498859411
-18.43201360643045,-4.964310867895323,-9.127368089184662,Inf,27.000075782690846
-17.69341015373918,-4.5975976201996005,2.266079079201173,Inf,20.139284504931346
-18.26975423850709,1.8981298022376407,-2.231671424356847,Inf,19.038290143713226
-17.383112525841256,3.1213198488778637,-0.36049402304208655,Inf,17.29393161519834
-17.903299740631518,9.920439209656902,0.8146464223069998,Inf,17.085602830811965
-16.860368806946553,11.484813767851236,-9.325192687849881,Inf,22.80576223429359
-17.788376892729516,6.319238779374103,-9.122401770789406,Inf,22.350789058956607
-18.32524900686197,12.508660390734335,-3.5449531947273982,Inf,19.783289463302157
-17.429796783669946,11.576504564848705,-7.150558023070506,Inf,21.602943987079627
-15.704283130975325,-2.882068714069792,-2.097194241465992,23.688145209528393,19.23907869727818
-15.400604743016766,-6.961511874568762,-2.4454708930712954,27.05049336479666,22.29498696155106
-14.220196528677471,-4.596262672674412,-3.8486819939531536,Inf,20.30316976769724
-13.964977148604234,-7.200826293493057,-1.603572423989874,Inf,20.9120793630227
-12.438069993168757,-5.746724513392527,-1.7910626951977093,Inf,18.993688657221647
-14.895839496349499,3.3232398133397894,-6.626012933795513,Inf,19.726836548216397
-13.460973248516979,4.523287034194389,-7.097142682113127,Inf,19.160870378440478
-14.010868984092895,-0.4845063777767251,-8.171069719745558,Inf,21.830861584269
-16.28634410335728,-2.6454518014493615,-8.110785948814705,Inf,23.68127415641427
-15.443987335274105,3.0145660331948676,-7.167918694496969,Inf,20.5571421602341
-14.202491100422359,0.6714194256666239,-9.03381224510718,Inf,22.192193809682756
-15.379347690440923,4.215044151928382,-8.017203126102634,Inf,20.851237778098536
-15.6507237877722,9.223558730508444,-8.21950053106037,Inf,20.844638223063736
-13.021482914705382,7.964350957801791,-7.043346797526011,Inf,18.234365056054376
-12.114448317442505,-1.0577737377439433,-9.158408238044311,Inf,21.90417840297124
-13.032617677808105,9.623886677190026,0.3048333441771618,12.729908365429974,12.729908365429974
-13.184748310093033,7.0916676893321835,-2.247327018076952,14.040753234533778,14.040753234533778
-16.17463859721915,6.139282232181902,1.7899497466984826,14.614147291963302,14.614147291963302
-15.682302374955617,2.2129167902814473,-6.115038231725904,Inf,19.823769554422086
-11.004518115457351,7.826770812429793,1.2389996650560704,9.863642505248007,9.863642505248007
-12.441221369877269,2.3999798609721594,-0.7918778428099031,13.995833259901957,13.588736659559359
-12.858554793824739,2.7687146316160316,1.0305581061682219,12.715184147602567,12.715184147602567
-17.07934450064088,13.857548521477256,-16.741510230354002,38.61921633123443,38.61921633123443
-13.022226174797753,15.398865283816008,-9.315086699819064,31.005684806397852,21.429600891216705
-15.497759138062364,13.33238464097338,-14.04278705900742,Inf,34.310029610480086
-13.398853946180056,13.42681156318968,-1.1506831332084104,15.217521523456025,15.217521523456025
-13.429573936469419,15.295105850192918,1.8809291661545373,14.588017717887201,14.586233852472859
-17.228318166972016,14.060128184389661,0.6593728437325268,Inf,17.39803402938962
-11.315573781276287,14.518251490398242,-7.15029664352385,Inf,18.642752651993476
-13.762959672062678,9.414143334869642,2.7343260053974916,13.826564422703061,12.985575795035487
-14.585879827223742,12.292859179453409,2.563821866853626,13.908168917548627,13.908168917548627
-17.23421951837284,2.7973125177234337,3.8076269333907575,Inf,15.662641062435284
-13.847196430375712,8.892545495878899,3.230818322410059,12.507784967126515,12.507784967126515
-16.62820915746704,12.63511880066347,4.100288500492503,15.009714844187197,15.009714844187197
-13.736664329354111,5.936446244706239,3.2953882984245375,11.782033025042068,11.782033025042068
-11.081555970168875,-0.7451096273357827,3.261357293107416,12.838662993617362,12.838662993617362
-8.355457759159286,2.8506326012982868,3.2409556405119417,8.326303316211249,8.326303316211249
-9.729155205601483,-18.53269159353035,-4.731232951630808,35.27874836689779,35.27874836689779
-4.975241274523574,-5.376499625781905,-17.222519442975912,42.67286286293262,42.67286286293262
-6.196249831642735,2.264658146501244,-5.569088299501086,14.625821565841306,14.625821565841306
-5.65058726327365,-3.141364555821589,-16.55603299548349,Inf,37.84665650208471
-7.0216154966922595,-11.029446910573215,-18.448580591178843,Inf,46.07364246622414
-8.749282396790115,-5.610276134414667,-16.91852794630141,Inf,41.82520378755941
-7.248246107573717,-8.970533295334162,-19.515844566050077,Inf,33.696112588383
-8.23761170769938,-16.016479383698154,-18.182916366523703,Inf,36.227942730599885
-6.60590785446229,-18.893082676103504,-16.617904994806338,Inf,39.261240382798604
-6.441965219591017,-19.640982357459578,-9.31738569680106,Inf,39.82911493545937
-7.189630885968699,-11.604906643366464,-16.20549989528009,Inf,43.79858968036559
-9.555219790832234,-15.106806940432529,-8.814530142822736,Inf,30.594779522909445
-7.120272848637432,-19.759597222489376,-12.89726977421159,Inf,37.246560255752314
-8.89507015152871,-14.756994672034436,-11.270709043137224,Inf,30.454793009416683
-8.490278782588545,-14.89541349490187,-14.415578326003384,Inf,33.33279381953088
-9.720256669646554,-0.8851014537361053,-6.02319556531139,Inf,18.3052663346122
-9.575374885402086,-9.47619509647633,-6.630167031699061,Inf,23.785124437757318
-9.976436093739203,-8.692225508347269,-11.840595341176714,Inf,28.04482248741786
-10.795901171159361,-0.18045528690812063,-13.824803696346146,Inf,24.387594399761415
-7.591875797738714,-1.8309379153673788,-11.30068850489761,Inf,21.807250382848167
-9.369326217756102,-3.354832184688725,-15.735247544498732,Inf,26.82191862864454
-9.40871291799028,-9.600388984921855,-11.17511533138682,Inf,27.41961304105506
-9.090236011162327,-1.8393884604927706,-13.40984122804553,Inf,23.9368774160716
-8.851731226750896,-10.305284681789821,-7.775125030583148,Inf,25.373198272435676
-9.310194257556414,2.0686744252130467,-16.497703256012485,Inf,26.40588564335229
-6.612306860833517,0.187576826428959,-12.987121552543845,Inf,22.340391392149215
-5.334453623646338,-6.51767762340004,-13.522518492946283,Inf,35.374145048302026
-5.042989562159894,-6.900046422918766,-6.561404481885464,Inf,20.51760476993463
-5.4088121512900145,-11.821790687560538,-14.73169441056779,Inf,30.103528213511847
-6.3255933136262765,0.5647061110981539,-13.66011515335301,Inf,22.89451446186518
-5.890585947539213,0.8924669650784445,-16.245090721947022,Inf,25.53624822516909
-5.337289217323304,-4.8386742248847625,-13.53594054293107,Inf,26.180577494980444
-4.245954625347732,-16.25686375315574,-16.75510423309194,42.529866395318614,42.529866395318614
-4.842309510808667,-19.226493129152598,-10.74721470516697,Inf,33.20821289769088
-4.865619289172756,-11.706793484374831,-5.415630224120838,30.8480284012633,30.8480284012633
-3.515766195879646,-15.267510010673835,-16.303513620812264,41.81638022612725,41.81638022612725
-3.563502204295162,-3.998840856808485,-11.321315171433701,Inf,23.099200859443663
-4.514583721189602,-6.007069892856398,-13.577998713959047,Inf,29.485330810037123
-4.860460273519678,-7.70175306325716,-18.397780718033367,Inf,31.619473547603256
-3.585269238627234,-14.495141431440901,-14.799504373408556,Inf,33.62451033259413
-3.9015432592496246,-11.494187661924347,-18.30364200859167,Inf,33.99428558173043
-4.6799543894873885,-9.351738019398494,-11.927478055138119,Inf,26.428385751700674
-3.6110821239072237,-0.6545572614093942,-6.809360214219415,Inf,16.99844879335371
-3.7892842960953814,0.30485236954709904,-9.141681820664918,Inf,18.820787338750797
-3.6928326565924436,-2.5644991277493823,-11.479278617622306,Inf,22.04450655925707
-4.351127311048515,-13.551997363609187,-5.213104645671578,Inf,25.266705717240846
-3.697283489520693,-7.386193950734086,-5.329216450446541,Inf,20.39342892046233
-7.812078771539603,-4.03913645115507,3.885481470540604,15.2674553723115,13.793479937828879
-8.475127144894072,-0.46530297747121807,3.1352597917873553,11.64608058838919,11.02792874797272
-8.449987874836333,-5.377832005811634,2.1705376032608825,Inf,15.88984815581043
-8.507617511521772,-6.360939600907551,1.8385215051931603,Inf,16.737487888711247
-8.130565316022178,-4.911654799323086,3.0534753306940665,15.040458752263444,15.040458752263444
-9.417814338854873,-5.362986393717595,2.477476260324572,Inf,16.058698188694102
-9.250157103356011,-0.37892212863170016,-0.9229327062250121,13.158433100169328,13.158433100169328
-4.468301552848617,-8.086077813138717,-0.8222672760400869,Inf,18.135829623133162
-3.6867823757207674,-11.730209670851357,-3.8217274952224045,Inf,22.944720594385903
-3.939133885424731,-10.245532745997803,-3.8833967071357023,Inf,21.679148044940852
-6.421774452460154,-13.206546866926239,0.5495139375485252,Inf,23.87193786320189
-6.457902197293439,-12.85065432409441,-1.6068845618508547,Inf,24.396978922236677
-3.56891198802721,-11.371419628921817,1.0607408067739215,Inf,21.437115258386108
-3.5210956773507363,-18.186874797222508,-3.425018015982566,Inf,29.41568304575532
-5.236275154223398,-12.766192922530184,3.8574828198269806,Inf,21.733511203011485
-3.9533149003487296,-13.087721761704918,0.42579139628296403,Inf,23.341427354932048
-3.597344721882756,-3.3414191685885264,0.32159379922663334,13.58806966930518,13.443475879371402
-6.821234533973488,-2.1497700587106117,-0.01757864795813191,12.962236566060435,12.962236566060435
-5.512710695372398,-1.9039582682119942,-3.2764994544265775,14.560640868303633,14.560640868303633
-5.522931052700066,-0.6212672915442852,-1.8083377604086763,12.628051267122462,12.628051267122462
-7.607971017985271,-0.0643749777787832,1.268955019991349,10.932506313903193,10.932506313903193
-4.220561570742394,-0.8775718045891594,4.039723903175478,9.437387682141717,9.437387682141717
-3.5987046797598943,14.718609768609454,-9.573934594248659,21.55409725901407,18.095443192662252
-10.037258278404755,5.537405511030052,-19.141181206110602,37.83176566511261,37.137961241957484
-10.611844134644963,4.604132274165593,-11.49135112907918,Inf,20.997293756831574
-5.827778677466737,12.627565757738132,-18.613143725058183,28.875460747790534,28.875460747790534
-6.57750272782617,5.732699935273988,-14.916306040974128,Inf,23.84006007266403
-3.8946258697254876,6.91718780769099,-18.157657388624866,Inf,27.52461771221912
-4.44561428725696,10.507957919643893,-16.47672012540771,Inf,24.97615396244488
-8.601828494962165,8.489982401487886,-18.962799972851123,Inf,29.138608416380322
-4.613416970187609,8.18217639615223,-16.413994045566696,Inf,24.75468753088232
-7.189014900140407,5.91423902584701,-18.17217295967353,Inf,26.97242583104144
-4.966770293279659,6.209868043138577,-15.86299547416477,Inf,24.932674441539916
-9.740126718714528,7.424011626976437,-18.299831315097393,Inf,27.333851747126207
-7.375222446937011,11.697491511217109,-18.616362104334794,Inf,27.556218441698594
-3.849970366053988,11.32282885319065,-17.582534324605916,Inf,26.47336181787237
-7.514670363737963,3.7123083606390495,-10.719437669393717,Inf,20.076457911829436
-7.962890920049048,4.7156998972815884,-10.11035482505478,Inf,18.78534504650293
-8.940284366656188,6.765102161360616,-14.884909410296512,Inf,23.76515435341051
-3.665411858166607,10.131437393818263,-11.403309250823765,Inf,19.295265011814216
-3.5528817640427057,6.330821770032866,-13.934366506148663,Inf,21.857160922141453
-5.109913555775849,15.325078199647479,-10.321338575743315,Inf,19.256036924803666
-4.92832429728681,14.355401007071436,-12.390972146065575,Inf,20.70464261086563
-8.154673386440852,4.427105418932726,-6.436008745368502,Inf,16.06295039143342
-10.480053560103695,9.312305334650581,-2.2385962869478178,13.025779407585688,13.025779407585688
-9.913369251029103,3.8430244835786027,2.326780586305688,9.32277316755755,9.32277316755755
-10.867560786335675,8.565937354910762,-6.393717872038964,Inf,16.119010931981094
-7.66472856440183,10.306838245968901,-8.200272856911868,Inf,16.09343336340264
-4.52455543507293,4.531211887338166,-5.876450219860239,14.492485019064187,14.492485019064187
-4.566669314300791,5.0977980769759235,4.615373724528435,4.069849040940676,4.069849040940676
-5.702513314381292,8.849460023242372,-1.6438971743742314,9.096269504948163,9.096269504948163
-7.033129939244498,8.397124772952196,-4.455975703489274,12.23998282440451,12.23998282440451
-5.266971140293455,8.521344767259151,-5.1043671617015285,12.599440802474316,12.599440802474316
-4.545083343108098,4.602063608403597,3.4961589761825174,5.119585547548906,5.119585547548906
-4.193545975922932,9.597469022283285,1.853474814388825,5.519346044589583,5.519346044589583
-7.076167909225903,12.889882342111434,1.8013258179929004,8.219021072765507,8.219021072765507
-6.198520196527966,12.139025786697033,-3.9253748806112014,12.143131684948875,12.143131684948875
-3.6024688831020235,12.539306574612716,-5.7598450435701665,13.702647308355079,13.702647308355079
-4.768923575709625,13.789373553254336,0.40688000789914014,8.950707680740228,8.950707680740228
-3.8992893601054313,12.193560819442467,3.7183279455925273,5.400374539996349,5.400374539996349
-19.80107155549856,3.41059647998658,12.655842390202949,25.08468574730199,18.701648975659804
-19.80911713506975,5.592194657333131,14.68676714199718,26.92877272306572,19.155144681469665
-4.299913277432363,-2.175004143427948,9.074867130323085,10.46544587947002,10.46544587947002
-11.789374208671806,-17.948256267709716,9.514212012661531,28.988053966107778,28.988053966107778
-19.742052542332384,-5.22717654530596,8.517160694484662,24.06090638000216,21.7179429876106
-13.088695548299434,-11.520716591557187,6.491055993900048,24.786160357908148,23.989185700262137
-10.138604398780462,-12.936433096707614,8.84981116004976,23.66970450827845,23.66970450827845
-3.6684260878657042,-17.387939918939708,4.957103695800569,32.4351076231176,32.350085794398126
-19.257980546446287,-12.477639043439952,4.701356816272437,Inf,29.635154024311
-14.989078793797637,-13.177902249751874,7.528697439025748,Inf,25.20460571435619
-17.0394516927011,-18.59784491937294,5.2924049408792655,Inf,31.415951116425145
-17.962294585643804,-19.278281893389682,5.752726261474699,Inf,31.6820451741254
-17.614684404201732,-15.291086977916093,5.429313209828727,Inf,28.11310965207077
-18.464181308207344,-15.502852904206836,6.911296329965868,Inf,29.099181683505364
-8.70918169274816,-19.714675547206333,6.742671366071143,Inf,30.32178978977952
-3.8651421134834223,-19.775624956503535,6.096544155572559,Inf,28.29158904422259
-10.809950224742186,-16.496259262352446,4.8705925727669275,Inf,26.27388172903326
-14.583434461467553,-12.008995531396298,5.378801940329787,Inf,23.657143969166235
-6.913804869837303,-11.814317056075332,5.162446613877236,Inf,21.05092053914474
-18.624604544106553,-12.186616283819287,5.667993699827136,Inf,27.111245172255572
-3.6455757497107477,-16.744292764383275,7.07458422189432,Inf,25.098824314647977
-16.184307347501623,-16.341145315780807,9.467392491097435,Inf,29.102453389073187
-14.582157860314773,-8.869078178588028,6.692816911668416,24.688098983598856,21.99886063569974
-10.917536767181986,-8.743761652805313,5.1834889349918996,21.05210670393669,18.744028322560645
-17.396332790776423,-7.906981422594548,5.54961690109586,24.627540957720544,21.928374472420288
-3.8581245948091336,-3.9417407466227594,5.881943444224298,12.57552583563803,12.57552583563803
-8.365615812029912,-7.389995251920611,7.794634098946069,Inf,16.402264141440252
-18.44819446489076,-4.511438135396508,8.253554538827661,Inf,20.242403714680265
-4.518181127580609,-9.296195632540245,9.430835495203542,Inf,17.598868799486006
-10.976718912382522,-2.963390808992486,13.546156612055398,18.53970848671733,15.303544167939206
-15.295352094217547,-12.277023202277881,10.403505884658387,26.243057056879373,26.243057056879373
-17.901402515051483,-17.527102191234867,16.38134801022155,Inf,33.471891032529996
-11.57874936185852,-14.754118763718393,11.96023772101909,Inf,26.53509089716473
-16.924538337096262,-19.403276912621507,12.42387544920956,Inf,33.35715507564387
-13.319101470406656,-14.260907607589006,13.407207807672322,Inf,26.036768078075323
-15.722136246857739,-17.78369771541182,16.20243272504517,Inf,30.502812374799085
-12.611705954774122,-14.106108258789973,19.87188564287939,Inf,28.624774177202394
-13.066700922064785,-16.092044512973516,17.934188861935134,Inf,29.402079324763307
-17.101456347433643,-12.85761612461779,16.42647084106833,Inf,27.736037045701316
-11.070360461000055,-14.148263476747553,18.210774986213295,Inf,26.555882557997577
-17.92723805262927,-6.579378267770579,14.182482506874202,25.809899782528095,22.346454959115185
-12.926431992982588,-5.542628425194414,12.79242639119996,Inf,17.92622714732625
-17.22057495616152,-11.129964068004794,10.768803020559243,Inf,25.324509552406454
-15.99035353605248,-7.9213510340602955,10.242155138043849,Inf,21.51732240213532
-14.330404926993356,-2.211596081666414,10.894841316479706,Inf,15.842649810207387
-18.162088371666414,-10.519010851536201,10.631669034370681,Inf,24.925546250267914
-11.16965471560281,-10.573601028112316,12.578067976414566,Inf,21.237468227723884
-13.252645407354677,-10.733552109321147,19.391296530213744,26.94404980073026,26.94404980073026
-17.173913498474313,-6.014655700750247,17.92241640473889,Inf,23.317517886091323
-16.66661935750242,-11.064129934395579,17.28132667496876,Inf,26.947989605385267
-13.39786788070593,-7.297342624576837,16.716897319694787,Inf,21.843385823986093
-16.205982330346806,-8.956215681532589,17.03840162802991,Inf,24.63930501993253
-19.330944351839896,-11.243048595614793,15.962754947523123,Inf,27.531971545164467
-17.013742915609082,-7.865223384316025,19.796770983559014,Inf,25.929989805533438
-15.642066362373708,-5.328289371361761,15.222328112033274,Inf,20.756202504731945
-12.486346137856348,-7.425591216159875,15.77901686302846,Inf,21.717960732178796
-12.783317537667847,-8.916952996076484,14.656208383469817,Inf,21.851130910310523
-12.04738052604756,-8.309076460208633,14.823616700682656,Inf,20.90305983008621
-11.953684090344137,-5.8887725727040685,18.302104407686244,Inf,21.12273606879213
-12.38476869991275,-4.420787515519615,14.324495516287513,Inf,17.37655379014948
-13.129517944842153,-6.5915326781692585,19.287400992008656,Inf,22.810120547295625
-10.533374966430094,-5.18116513622406,11.08040958067128,17.67066961388382,16.3215123071301
-7.765301251710781,-7.691727129272401,13.528544220242871,18.3571114790817,17.922600277834626
-5.421900641767756,-15.110446222003109,12.560021480019337,24.221985808278497,24.221985808278497
-8.419632909097512,-6.680808704020995,11.202334243930771,Inf,16.74568853890357
-10.307566803314305,-12.102683930471292,10.130440454124312,Inf,21.981872049072884
-8.053376515466981,-11.963396682186103,13.22948930021078,Inf,21.635818366980754
-7.30300452937807,-16.89823062431391,10.23751904732493,Inf,25.735017504408574
-6.281566326610246,-18.918892078051854,10.201207932769726,Inf,27.412088858935412
-5.403843427035238,-5.740459339402708,11.180814241588905,14.751020025970636,14.568849833392814
-3.9559694951976176,-9.059145805095392,10.51509311333966,Inf,17.50703338694299
-4.306487246036843,-14.002196420964568,9.689382937162385,Inf,22.530817755299253
-5.137854596790774,-18.585641551802283,11.433472850582305,Inf,27.12191227688836
-3.46570909039416,-5.437744343545026,12.816359765316854,14.790114614370808,14.790114614370808
-4.106287053375777,-5.354024863082447,12.963492029628853,14.808516784001046,14.808516784001046
-10.320818232724136,-11.171492344593208,16.466280421084953,23.579153893668384,23.579153893668384
-10.444105153724825,-15.060069083754115,13.580938836228917,Inf,25.563728773391084
-10.818634871874862,-18.546426074239804,16.948480738392448,Inf,29.686521881059203
-6.326130475765739,-10.594240559338521,15.821396493730006,22.326112396451656,21.176811947476576
-4.049151158559923,-13.699830934615553,14.9933503514429,23.679749998474477,23.354095435071798
-5.34560416641316,-18.316397598120275,14.13319545428994,Inf,27.793935098442265
-8.820073553792849,-14.608066346045456,16.459848505783192,Inf,25.942679195814538
-3.212479108852815,-18.71823358744728,17.248988316709564,Inf,29.245025187992237
-3.6008511105160856,-19.866642729728746,15.113617432366595,Inf,29.53835002395939
-6.604270602834008,-12.396709253131961,18.0613211927368,Inf,23.854354910313326
-5.54690898428456,-16.05037133119194,16.48076155778231,Inf,26.187215889048886
-3.5807366766377413,-11.674777549348692,18.83536354092945,Inf,23.329573929349422
-4.809801754685168,-8.196966093082061,13.765523253779044,Inf,17.787413450118798
-7.09427170549743,-9.9208979505954,18.068450336608947,Inf,21.889732464052585
-7.052552978032267,-4.036796660190447,10.544330540650027,14.098986771090926,13.27411932730936
-6.493158130775916,-2.5163195061208725,9.98262923646271,12.042354253584985,11.56659918273288
-6.916075071815042,-4.028569929752761,19.839897797050156,20.77409629105142,18.524689510925032
-4.880431261851701,-4.3059119091872855,14.585238763046263,15.13209258153142,14.921094101981375
-3.4074372377326085,-4.517926180241529,14.1938577676407,14.847554872890187,14.797626317081242
-15.651298977248764,0.3049942601676676,4.691413906059481,16.18845332899419,15.36001807630766
-8.174074073348656,1.6813194293636258,15.641658154263894,12.253140865644985,12.253140865644985
-13.572639056856977,0.24482373915394362,10.708213778761984,13.83471031258587,13.83471031258587
-16.607079138400405,-1.8257269913839664,12.544738872264737,Inf,17.851940646422012
-12.372361394142235,-1.736376407977673,10.985776113008523,14.313382478828245,14.148412060563846
-13.629531496321805,-0.7405633169541375,6.245174225968711,13.802481263120775,13.794384539470247
-13.288762683607702,0.11660314525213877,12.344370289104347,14.163211229708942,14.163211229708942
-14.100071024481355,-0.43801861030483735,14.171969739413797,Inf,15.903571165445747
-14.377023735533134,-0.2532679820515966,17.055148521965677,Inf,17.903540514529404
-12.456312226794397,6.375114784416802,13.102360041057693,11.592932716306409,11.592932716306409
-13.41739797697044,10.171246260100748,12.328464347207692,12.85776125731427,12.808413328469765
-16.880427532697773,9.789640022194732,12.118349226456566,Inf,15.220368232983578
-15.377084065921167,5.501959645136552,10.363326274326823,13.491106978357472,13.13887724658511
-19.648004849087847,8.43517603956932,5.530805511888033,Inf,17.124220644343325
-15.899031920750382,6.466737965440004,10.544997962873055,13.66621767112556,13.66621767112556
-18.300175266650953,4.831920180997081,10.838360625638064,Inf,16.145369421607448
-17.602591706662103,12.410142332598035,5.150526775705853,Inf,15.722190041029986
-13.554839736108786,15.142164873660839,6.444592805516951,12.946985617097205,12.946985617097205
-17.683989181174844,10.247323689658401,8.356164683453624,Inf,15.051428588468148
-16.051939749286028,11.162434213499182,10.883606154854817,14.068423608503437,14.068423608503437
-11.571900481962931,2.866191671042664,7.061208382979913,9.991857299686334,9.991857299686334
-12.65901989087391,1.8749522757733743,5.731584350637597,11.974856093268173,11.575507968031651
-12.10754312912262,0.9691155365205688,4.915760216739173,11.81996867269341,11.799896104380974
-8.362042074781924,2.667468543920222,9.870350730998474,8.088652561505867,8.088652561505867
-10.422173013379075,11.974186979872911,6.041939845113504,8.473528996345332,8.473528996345332
-10.447083143307276,6.505025050992366,5.604774914693671,7.722735945256694,7.722735945256694
-12.432313591417401,4.469655432375976,11.650402345996518,11.189584713398768,11.189584713398768
-12.530465872041878,9.522770619547344,10.210718550816978,10.601700297803868,10.601700297803868
-8.244459773788693,14.423625883407148,8.548332435009193,8.435914955603069,8.435914955603069
-10.918367995000908,4.831052327522826,7.861813103722881,8.572368568890495,8.572368568890495
-8.693996078022703,6.155538078035274,8.509074750870404,6.172595703740066,6.172595703740066
-10.878873943990994,9.818588222994187,8.5351707757901,8.230471861379112,8.230471861379112
-8.96789210552078,13.193041930985324,9.820996729033979,8.398895357446088,8.398895357446088
-11.819337461302624,5.1756988955089795,13.131028470281372,11.186992512778971,11.186992512778971
-14.779921038990018,14.768112468652113,17.428268449631133,31.592028783562707,17.455048653111714
-17.812735413025187,1.5953762874729982,17.410676923510806,Inf,19.375699362370966
-12.30330861299799,7.2679529370306994,16.536988584475964,13.90355058240521,13.90355058240521
-16.096581270603096,7.871250418227696,15.63040657948946,Inf,16.270645816374376
-16.076342343088026,2.2524734937915696,15.329145304547808,Inf,16.799394398770044
-15.66939267726779,7.736810469215591,13.482655606876378,14.884259530076466,14.884259530076466
-12.889738114985416,5.709200517228432,17.4094537013453,Inf,15.477086631080777
-14.922852547327699,8.41661473305382,13.358201615179027,14.383877692639981,14.383877692639981
-13.262706243631914,9.436073363450326,13.759962151747303,12.9531267041874,12.9531267041874
-15.817649747145568,7.933679266305642,14.272650080743361,Inf,15.478456097643017
-17.373694965076403,11.197332275205607,15.100072314636712,Inf,17.567578879732917
-17.184129787459803,14.501169011377115,14.216950548933987,Inf,17.808580160417044
-17.09138795422892,3.4157581119306357,17.704050456271005,Inf,18.38452250896595
-19.385542072972576,0.6880455436404276,17.80399849366715,Inf,21.148073461735002
-15.928617374393612,6.500399763042843,18.912225550703916,Inf,18.305113047722095
-13.160359992742325,11.092491133001534,18.96021743910915,Inf,16.00512921818727
-8.715404288735416,10.328348523001274,13.542702094664996,8.994109390472808,8.994109390472808
-5.273132598615957,11.098979404899989,16.343449069521583,11.002823350244618,11.002823350244618
-3.3679770107004288,2.13248854437839,16.686228223528907,11.453565847232579,11.349919324740476
-3.1127134554809714,1.8781832699568923,8.558864156233419,6.318180264670476,6.318180264670476
-6.705249159484765,-0.19601046707236236,7.2295042400282306,8.997562509169537,8.997562509169537
-5.4857753608047055,-1.47902201926021,11.62198654417324,11.035735588916834,11.035735588916834
-3.6812307073209993,-1.9262405907749809,10.435536359982773,10.598221308640873,10.598221308640873
-5.683599377896211,6.482274098142902,8.945466100669393,3.6455501482035118,3.6455501482035118
-3.8742108072064774,3.0922601430231538,8.275200786783987,5.145511839050632,5.145511839050632
-8.110425456109533,3.524067615866258,7.830557416987922,6.843993327926551,6.843993327926551
-6.575507228064534,5.3214948211765645,7.039314835850988,4.467682574584242,4.467682574584242
-6.4812022081953735,5.328952484910452,6.983124523701598,4.3878865554969275,4.3878865554969275
-3.4480248857457596,5.756321980753071,10.56779652761838,4.238394674258769,4.238394674258769
-7.714102624271737,9.553114918441423,12.199314044050809,7.1880314433588115,7.1880314433588115
-3.6010737561856416,0.5586197830726469,14.717577645530248,10.891229815692284,10.891229815692284
-3.952508342630221,5.854708871245133,17.21068049524711,12.11338831828708,10.901133671538313
-6.162800885214308,4.458021025271897,17.546475264409835,12.49453840802117,11.838233554763999
-7.712403128411589,3.0580141738697897,19.409540888756645,14.636858184241424,14.636858184241424
-7.72612725006673,-1.6464457743759553,18.141198017273304,Inf,16.439114723002604
-5.98583916829317,4.723926278414233,17.084016605061663,11.307161632971177,11.307161632971177
-4.392538433947566,14.990504588022908,18.787161739759455,14.31642409075272,14.31642409075272
-7.92354453670419,14.81267002380843,7.004149638699175,8.405580341517709,8.405580341517709
-5.434068354905577,11.476258094087779,11.665075593234427,6.306503736909626,6.306503736909626
-6.6361552753433894,12.370331298076493,7.473546703914931,5.704881008587578,5.704881008587578
-4.994428012314733,12.220603793239569,5.541700946741344,4.8905905169569275,4.8905905169569275
-5.076629367244738,15.08412307037905,15.035320858754105,11.256554793899546,11.256554793899546
-5.694725447140039,13.039710415422348,8.39559600920228,5.882849184509315,5.882849184509315
-5.771372018338097,12.46574722337943,19.19921078590385,13.912820559115449,13.912820559115449
-18.728083209347872,15.752077400608584,9.657023826335667,33.418151496546876,18.133750822372278
-19.132953636003542,18.088247726430914,8.833419173928991,35.92811892205245,19.634823810210875
-19.22482109333749,17.763587753657283,2.9485382803635503,Inf,20.10540330188869
-7.28054708867206,18.752847909164032,-0.45763699028984917,14.50543889682399,13.879515657945657
-3.579418697233141,17.130457006831605,-5.826394412347735,17.249101509742747,16.122281461842334
-13.09079244872179,16.302188500883688,-14.141900473947624,Inf,34.79015784820133
-17.951879187930714,15.435123601749325,-16.8250924253461,Inf,38.57446855457202
-13.761116797421238,17.300602995693886,-8.96569154449991,Inf,23.43349792484199
-19.001467297822472,16.584708018639105,-11.926372342484468,Inf,28.061068308507775
-6.597069265586377,18.062697192730354,-17.364639934074795,Inf,28.918121707400328
-6.259302852718918,17.06105205220001,-7.990864977970373,Inf,18.085653298394377
-9.95343276926933,16.093561025969905,-8.234680339641924,Inf,19.093515194282308
-5.1929709443433225,17.802483432500082,-11.10808615729197,Inf,21.34515445652096
-5.692582313280772,18.046743713827595,-7.106141399012502,Inf,17.635397474183844
-11.4107989224755,17.49648089395673,-6.703855433673702,Inf,19.770743281513457
-8.537933379738183,18.2529437530104,0.3518723321032553,13.963592544652094,13.601496137414713
-12.968750978711405,17.903179972995247,-2.8689224666113944,Inf,17.255995533638007
-11.523678197492453,15.566992438915676,8.268963644877829,11.598878877085205,11.598878877085205
-16.630853353675192,17.411226860065497,4.800858182979351,Inf,16.8191504782285
-13.109032652161474,18.151673180458246,-2.921482414046075,Inf,17.513471967233702
-8.455350970111839,15.456441872215912,1.0464387984399366,11.228876243582597,11.228876243582597
-7.919110972344265,15.632224042535789,4.6480932665490045,9.379763423271998,9.379763423271998
-6.469795279037438,18.305602165517215,-2.654086729494473,15.258084216435973,14.59669004603766
-7.007483287745835,16.176208787029005,0.9221924657439651,11.174517588727461,11.174517588727461
-5.78385227446141,19.07096932684496,-18.74021884766786,Inf,29.62480410773196
-10.854771494815179,18.9355639142953,-3.788474081776087,Inf,17.278489801599946
-4.072699809577784,18.79339653038207,-10.081531312993173,Inf,20.719841320948774
-4.110248411649433,19.297208643749563,4.000380513120881,12.186875767383352,12.186875767383352
-4.4656867387461485,19.421804640694695,-10.629840029684425,Inf,21.517541865134127
-14.34890471021431,19.93355742574213,10.017421215875633,38.03620423049605,16.789466022612714
-19.405896233419213,19.904536703123,14.466680758638155,Inf,22.450250572107336
-19.062065987569376,17.270549716562854,15.407866387520059,Inf,22.243927606548134
-15.66957197338942,17.031024122664896,15.755663309935848,Inf,18.138653454109416
-12.510785223741125,17.907487578587293,13.974591508933642,33.22550376171156,15.612108164991417
-3.940732084975018,16.987011022523212,15.617828609283748,13.25076089367138,13.25076089367138
-13.345391707618486,16.910358025972997,15.420494067928658,Inf,16.419824989646372
-12.870033881563963,18.03104810099694,10.74852589505328,14.700919516184188,14.683266805349877
-12.624120047877252,18.58918159161435,9.83149584821004,14.614894387482117,14.614894387482117
-6.39001242785179,19.711636432291797,15.056467800054932,15.264004869728076,15.264004869728076
-6.851322954981729,19.812452291930185,12.14838890742547,14.496104566502716,13.711719144976339
10.612820607524824,4.381601211434393,-6.678970440308483,19.63455950594713,19.63455950594713
2.7373508018874126,-7.063320806919062,-17.250014702449032,40.22504541723802,40.22504541723802
5.686607952070098,-0.44584544846357943,-19.464669084888335,Inf,38.08293644936319
0.8134080845393044,0.32238805419837036,-17.90766796669926,Inf,33.65958792142949
-2.677237478780423,-4.180293283476448,-17.529963661459345,Inf,38.51096913227061
1.4904758996288052,-8.468130340998483,-18.82758126574042,Inf,41.84200384711602
-0.5478535687326413,-11.487844805197787,-17.97985428048485,Inf,42.926188181270106
-0.4782194911796438,-7.0525289867606045,-18.559780321622384,Inf,34.75862906992163
2.384194699225077,-14.343327132181747,-17.571859759809758,Inf,36.00794391864778
5.454186769076685,0.04594622004669091,-19.164865261412373,Inf,32.01043801331586
-2.2956620873555806,3.0172561581952095,-19.789030657998445,Inf,34.51703393896688
4.275208005780904,1.0520682978805773,-17.42280800803531,Inf,32.43350138864667
-0.7825295629351636,1.564528687419724,-18.225999686242087,Inf,28.080672508467394
18.287353093338098,-19.455949525549592,-19.710464464372475,Inf,55.74730011186356
9.943274365223623,-4.780335151598063,-17.264950795530638,Inf,33.94849561741677
8.487719346218388,-16.892767878598676,-18.599837441801938,Inf,46.045045539479176
6.210613363849625,-15.077376999425898,-18.827411974182084,Inf,37.908441379901845
15.990476160859934,4.038917450397239,-19.66268503928097,Inf,34.78174125466636
17.035216776406152,-12.81567319895025,-18.7382147198176,Inf,42.867805532038574
11.547242683459366,-16.870410519101693,-19.53385550036468,Inf,44.828957629464014
14.363780088131868,2.879919683336716,-19.26983317410101,Inf,33.64414852641044
18.084398619967004,-15.699484763424403,-19.893171028998175,Inf,45.5313159471812
18.198670331607246,-0.5886231660026908,-18.12802619550853,Inf,34.33203747462554
12.943503247689996,-2.8975029647140893,-18.05060716034432,Inf,33.50146508575324
16.149569174557705,-8.98136421885158,-17.41298966068978,Inf,38.11322938433102
19.011194877186597,-16.97167946216495,-18.27928290318613,Inf,46.0527521716504
19.979438389709962,-17.174509837921732,-17.691833514496153,Inf,46.137811614520494
-2.259407505043818,-14.878019374862106,-9.36170979326068,34.751057834641244,34.751057834641244
-3.0,-7.0,7.0,15.332884916270451,15.265384726591408
-2.537752392518371,-8.294105265586103,14.637465375761394,Inf,18.302425391407553
-2.6398862157796827,-12.175609851768172,-13.646479642184337,Inf,35.79645706262746
-2.8025432494779423,-12.574165423656192,-7.681033624728766,Inf,28.51022206587965
-2.7064028737089103,-14.241729154500034,-5.249457918160516,Inf,25.995505451647222
-2.7977388217076964,-12.402715067587842,-2.841450935616372,Inf,23.21881756131412
-2.6133784029837237,-10.22758428546127,-9.391102086421599,Inf,25.82256099536359
-2.279717604867013,-17.5872522945902,-8.804672778745948,Inf,30.672115658324508
-2.400377262305078,-5.777494411344115,-6.686583529487704,Inf,20.382682275004576
-2.499328709927937,-2.045420690696666,-3.709646968783929,Inf,15.177711021794245
-2.819892039354002,2.0729229596524945,-2.128126157780585,11.523133058408199,11.523133058408199
-2.5803788132932226,0.48461908473615267,8.353477971144834,7.647805885364743,7.647805885364743
-2.5282929372846468,-1.3782510484251453,8.594299145119404,9.52448896500129,9.52448896500129
-2.4661357064221363,-2.2038574728916593,6.644405572690797,10.83557723091939,10.83557723091939
-2.462315564821516,-2.4878105597044176,5.991040363341966,11.227994595233763,11.227994595233763
17.52729298511619,-15.469287362302149,15.111810789867036,36.72586454102199,36.72586454102199
16.375869816544572,-18.325363346386638,-14.671838050707473,52.460489168021255,52.460489168021255
3.6269092505905647,-17.723257973512688,-14.753921368116334,Inf,41.79286464133101
3.17583310368196,-17.68850701971462,-16.986111909447104,Inf,38.537929518078975
12.497368095578068,-15.781756481327154,-15.245919999106325,Inf,38.769404963877456
12.870511886569687,-18.470511714673936,15.540958131103082,36.071996952220516,36.071996952220516
6.369960358214026,-16.601241181914457,19.381812677245243,32.851458305766634,32.61976694587249
0.22916753600068773,-18.278611657467465,15.249741262832629,Inf,29.951510521615514
-0.8189489552419005,-18.48112634251259,-9.222450230903574,Inf,35.01468177500462
-1.1938784934527114,-19.353536102607443,5.391559817273766,Inf,29.05502721401484
-1.189805192477884,-17.810830303414402,-5.0933045697798285,Inf,31.06979915028669
-1.9036074137782144,-18.951269982363286,7.553160995041726,Inf,27.95088284347773
3.1816330302771156,-19.571378784485944,0.5525022862534179,Inf,31.63368014219531
9.749466911240432,-19.96852987927837,10.878541922387832,Inf,34.40167833437547
7.4550881682163705,-18.257461512764863,7.118268136240857,Inf,29.807178487740817
6.117268332597465,-17.137914770273532,-6.616178740549907,Inf,32.300289471659376
4.464228610219294,-18.134233068307584,4.539690052133032,Inf,28.51417408373415
2.9172735649305004,-18.728452422379796,-10.830625874161539,Inf,33.875685554457725
6.054298653946866,-17.595092377621153,-4.398524033531324,Inf,32.0473856517108
9.743677206011945,-18.797321398777818,-13.20654699348375,Inf,37.97325438975898
8.800391656713558,-19.467523350784877,-4.700929739390682,Inf,34.80407598108026
12.449447295215421,-19.089555198859518,-14.471269226595957,Inf,39.604065661290406
6.328452426826779,-18.706373985769453,-5.153384070167242,Inf,33.769972672333594
8.087755760490065,-17.184529868568497,-10.489762621511396,Inf,34.04870619417761
6.3055759016114195,-18.78354346849438,-8.273899523983248,Inf,34.38692820318792
9.673670089396573,-17.914113133154743,-9.102067402607776,Inf,34.80890836989593
12.59963209867675,-16.826847867400634,-5.473217500919887,Inf,33.336434075150464
-0.23983104413886025,-17.95279539511857,10.693152590959265,Inf,27.147489454740146
10.201260448108663,-17.604157214913325,10.587902565422684,Inf,30.440458640957516
0.45613560529227826,-17.22539921358554,19.19862213066827,Inf,30.31997196492133
4.304229778307025,-18.03121011708963,16.68765307684847,Inf,31.025501575580854
6.0668922829282295,-18.826377533538363,18.608728358904074,Inf,32.03407786793774
3.5987635654840417,-17.193818417824662,18.40668627306067,Inf,30.39468773243565
7.498217253078792,-15.522992650711238,14.896181673807249,Inf,29.763528074830084
5.631925177043193,-16.46732994497637,14.846098011213577,Inf,28.95290290584344
1.9478215554171001,-15.97248335033715,-10.530838625124739,Inf,31.746515617290598
2.9474092023102187,-16.371627214227544,8.705926672376556,Inf,25.803585520011936
-0.06243394274290992,-16.056435780005557,-12.319474359850275,Inf,32.82671630178494
-0.8870246532323378,-16.572181830565818,4.7007152008799125,Inf,25.809186030155836
3.9209617852233514,-15.675776058612536,11.222393286385461,Inf,25.308886415750116
8.371258423556895,-15.933525752381268,-9.157849962746978,Inf,32.43780857988074
7.152662412496831,-16.475434469545167,18.371718101025955,Inf,29.433692525966173
15.26770995696188,-17.863558603809828,2.4011571682593598,37.36751944401439,37.36751944401439
14.077360317626685,-19.656391383970046,18.292713365176077,Inf,39.30231436601172
18.904114392254613,-18.80648273648052,14.932451813419682,Inf,39.94115958549984
16.05226444298193,-18.593606419695192,0.824036770405641,Inf,38.36189216756757
17.939187730308277,-17.99808018214664,-9.16628683353558,Inf,42.102674385188905
16.999030156584986,-18.343176164646948,-5.5936621720015545,Inf,41.31137574280556
17.216323630076417,-18.582640597511926,11.013179606876442,Inf,35.78541074552498
19.56244005782078,-19.74972692225706,-11.605779255981066,Inf,47.537667096135735
14.610860860376064,-16.48541127055961,14.617248980039143,37.50185218932127,37.50185218932127
13.658546845267637,-17.667784765683106,-3.9952836869580644,Inf,37.683222362175854
12.9464225781253,-17.021228967551536,8.910874919004812,Inf,30.960946337674738
16.714302711798688,-17.633872992858564,-1.5887974277414507,Inf,38.75457852751548
15.890732103781403,-17.386048277233456,-1.34594039034792,Inf,37.891279854709936
14.21189861583077,-16.907347323127205,-12.187594625569362,Inf,39.505981247226345
19.07701318066333,-17.50943667828175,-5.722129370716189,Inf,38.85071657867495
16.350281407201805,-17.35519520290915,9.212210752463513,Inf,35.715538669687916
17.496319055434803,-16.19227820855336,19.38571939368888,Inf,34.77639392871994
13.61761594682227,-17.363397529223114,17.032703673213817,Inf,32.72618617757245
16.390414637654317,-15.69752301029463,14.730935145002064,Inf,32.23235217279095
0.4079781290528395,-12.199749265800417,-15.247745645670685,40.55461435478945,40.55461435478945
2.3869964846413794,-0.9100874683256599,-17.213652509267405,34.061738603855844,34.061738603855844
0.8534936096717338,-5.334030795988998,-15.70964237049501,Inf,28.91441196334391
-2.02373301580063,2.37583332648758,-15.897216747650953,Inf,24.96182469039879
17.957381076539242,-9.230354595105892,-16.322887040348615,Inf,39.86112839899101
10.958311820572717,-10.713833696199675,-16.730896406822666,Inf,36.54943620092641
19.65814100090229,-0.9642056588826087,-16.498566294398973,Inf,34.190317611661506
17.24327159429366,-4.522634979746032,-16.53967976918282,Inf,34.77157829671491
10.235108287776484,1.7652404716579362,-16.63034770231061,Inf,30.396839743868476
11.693189617778437,-0.5640218573064999,-16.47906948824894,Inf,30.977537165985318
3.482645677268053,-3.9338351646945497,-15.545330498770866,Inf,28.8103626772588
6.283945531340702,-1.0337908843809274,-15.523023311653326,Inf,28.122335056184145
11.470022700624511,-2.7325784377039852,5.506532919260252,22.206519382068308,18.93958279120633
0.5435426505378587,-6.82022893393869,5.524177590257786,16.229784884276356,16.081347877517857
7.60282949486168,-7.1358409752544905,12.592122873544575,24.434929806688796,19.599014055139858
2.6291838713852123,-6.846047387140306,12.369229954261954,19.447865302884473,16.865478262989775
-0.13742087274851045,-8.023709978181133,12.443749465606366,18.39533056649482,17.39921746731317
1.148506475752491,-9.830044672865856,0.043521880317989314,22.51170807888863,20.779563033089843
1.9035837218656582,-12.766169014302076,-10.346154278901718,Inf,34.807257630545564
0.474908413648496,-13.332526963143767,-2.9983256489592165,Inf,26.357069614702155
1.3193006912939786,-14.059552268945685,-6.787957787776593,Inf,27.496397882288477
1.3647418510269027,-13.761619025998488,-5.980206335139453,Inf,26.97797452091257
0.3170755508176448,-12.453076076415268,-2.879873765526419,Inf,25.6841309474405
1.4022553298417861,-8.520089928292789,-10.888398030281587,Inf,27.089258076665843
-1.7833804401313458,-9.052440161498714,-11.653573275496028,Inf,27.084886273920084
0.8236458707698873,-8.390511615636127,-0.2946722267906239,Inf,19.713735750948725
0.8625253334256584,-15.102592940927844,4.836136238066729,Inf,24.54679783356149
-0.3804477655944112,-13.76849218107723,7.558627562457918,Inf,22.54457459000482
-0.20542186171703491,-12.974956324230513,8.847062769536738,Inf,21.714996498880502
-0.3581644864024085,-9.821131643081609,9.20850984285524,Inf,18.26342168073771
1.268354824755484,-13.670384858689824,8.828869457477737,Inf,22.6206546702219
2.2184983733514407,-10.030775765133617,11.998831610519794,Inf,19.607078318600443
1.4196126405715077,-13.302710458460005,4.378699401072687,Inf,22.722295522628194
-1.8026505948374876,-8.021216367454791,-3.7731574707434135,25.893502222683487,20.060195811083368
-0.7385217786612941,-7.812536685877758,4.352969616336971,Inf,17.04138338889035
-1.1382311199372808,-6.998571001721734,-0.01630202669748826,Inf,17.40097597656402
1.6023356112780291,-7.74099493187836,6.252648044791904,Inf,17.11191240881964
8.720149952775227,-12.714926658345451,1.2252674118421254,28.955523864038852,28.955523864038852
4.214788260283946,-14.95165166060926,-10.437068252129649,36.629278280208716,36.629278280208716
6.130927341939749,-12.855345337955075,-10.508638927844727,Inf,30.311433457790873
9.824601506749389,-13.112695752101304,-11.610115921052566,Inf,32.69201162124076
4.026067132979662,-15.329171042862813,5.753112567024594,Inf,25.426658473024645
2.9138550547938102,-13.165732162088224,-7.359578956868464,Inf,27.90709885498395
10.61070852161307,-14.518611857081742,7.544443847161162,Inf,29.099622373570455
5.950333687263452,-12.720868680390502,10.200323762336431,Inf,23.95454293335895
7.0949733105345025,-13.414392025921584,7.0069172017501025,Inf,24.941997966253695
6.803284546196792,-13.594571479603195,-3.766124280047336,Inf,28.464070972606805
4.334369877247166,-13.592434760248286,6.925242989766502,Inf,23.40424052392936
11.414882966755961,-14.497742478453004,5.817705317884467,Inf,28.998379261845695
8.8135637798751,-12.754114104014516,4.371419473024282,Inf,26.093682639283223
9.043485720951807,-14.067222418256708,10.604908423210738,Inf,26.662583440323584
6.1575178715470535,-12.61338971051603,5.101190848141705,24.30792497648727,23.674655681431467
5.375436377435729,-10.283527255113132,-6.920231667704622,30.670534362352633,30.670534362352633
2.6423314418279347,-12.168393468576504,-6.811905540993486,Inf,29.907400963841404
4.2880363901183856,-7.528072190009043,-7.348827288370048,Inf,22.735695534778095
4.927884135041786,-8.674598049902364,-6.403273640234097,Inf,23.07271741269335
5.703524302187848,-9.10049284900511,-5.28504508393544,29.559690709072633,23.058446371032034
6.329390462246856,-12.480383613577786,0.30469671668129195,Inf,24.100304886971514
5.4229789955772105,-10.52721106468712,-10.28161336398993,Inf,28.194788523344574
8.867861013915437,-12.551962898210327,0.1176807106997586,Inf,28.40715203207706
10.339217288151819,-12.612805045470319,-11.189944504188478,Inf,32.043083240597895
9.412184080052075,-10.175444511420872,-6.223366160520527,Inf,26.43353625481972
6.175259523117063,-10.127746293258628,-15.133235840544721,Inf,32.27041654109757
7.532795562303363,-10.449979267297032,-0.09824768921127003,Inf,23.347205267297998
5.786979276602359,-12.156942080773598,-0.07685359077385812,Inf,23.72145228770088
10.882139211240744,-11.25144155630057,1.0899009350788447,Inf,27.221066883034897
9.57339681274787,-7.304959893830318,-7.203926557063358,Inf,34.2375062194386
9.178409741572999,-12.001259188651376,8.945753427594418,28.458345853100404,28.458345853100404
4.475516407523344,-8.713048716636802,7.985003617199908,Inf,19.28995723682864
8.819755798226598,-9.400716068376243,10.48038576644192,Inf,22.153849207573394
5.555600978362605,-9.17662231321322,10.368126829170173,Inf,19.89096094087259
3.6256924400058743,-8.658860482048922,8.21314305072007,Inf,18.642396131717284
5.062252218413157,-8.410291975203545,12.089686055009665,Inf,19.173616298857823
8.257209335789515,-8.500924521521487,11.688537608191503,Inf,20.80865849860988
10.30974495084412,-11.975832162853033,9.572635518562027,Inf,25.001024689411622
3.1966766664530226,-7.458354913993803,17.038216243559603,22.66212952826622,19.497104875373523
-0.39417433423402315,-15.139816227468375,18.973088224085615,28.056446191209652,28.056446191209652
2.1238982273923384,-15.20883114458238,13.989483010093053,Inf,26.084857368521092
-1.8926920279619779,-11.016374981014678,17.16568276646477,Inf,22.036638818175838
0.33828218654300457,-7.2047782096551405,17.263885740427874,Inf,18.896140646053496
4.590340330494396,-14.994123588456185,14.001060267989956,26.960586477932445,26.960586477932445
7.46426023513844,-7.856194771211484,17.0981451082666,25.764983424978375,22.97292253522018
8.325405696519024,-7.203509348862136,14.363767984257791,25.49376507779875,20.662192973397417
7.8872317783058605,-10.758456094933369,14.410592147940022,Inf,24.729440727096595
4.938485722195097,-12.795250712011956,12.821253010061042,Inf,23.64224360532134
5.825479482742164,-10.307017103741325,15.488678522900614,Inf,23.729547335022026
9.13609998358708,-9.322876274593126,16.87192157901204,Inf,24.943453136861194
10.136008513724821,-12.90447133624232,17.69143719090158,Inf,28.901232460980907
4.756420544349538,-10.519903658618368,19.54883462739253,Inf,23.75258209298235
5.361652479279677,-10.079262080125684,17.27101868468018,Inf,22.825791195257136
9.488134027645856,2.2881898514194603,6.960944341740813,13.974631740108574,13.974631740108574
-0.16544135269622018,4.145247608074165,-2.0757291783806835,12.135146185072053,12.135146185072053
-2.138392622566858,3.616039095380053,-5.418423316768202,14.405821707716981,14.405821707716981
-0.2990855762371254,-4.985089408025463,-6.808866977344872,Inf,20.27806245668249
-1.3444908648978853,1.493121607669032,-7.923862286911714,Inf,17.531754823161265
-1.6214291697182759,-1.1457396340682457,-15.017560732093136,Inf,25.358018812480093
-1.9807724043410602,-4.194448227036345,-10.776285962637386,Inf,22.55949525276229
-1.7054386823351209,-6.655936948253327,-9.342036351808147,Inf,22.499659648977417
-1.6557049464591884,-5.5224205927205805,4.4011858273369775,14.930851186876533,14.564703688828534
-1.8923699100913822,-4.343072790073972,-3.8491381080597193,Inf,18.203831115560217
-1.953845533472645,2.6150976914557056,3.716846811366999,6.393020170500939,6.393020170500939
-1.9859423917444659,4.313350956058038,-13.844734495586097,Inf,22.3558321976574
2.172520858541212,1.4516669930802273,4.275146656088573,8.778408907506197,8.778408907506197
0.7939646879850599,-5.812287513760284,-12.636024653248379,35.38940619768214,35.38940619768214
7.044139829911771,-6.728123277589235,-13.116898487149342,Inf,31.811949348158375
6.237158216020742,-6.210731492007779,-13.360595646922935,Inf,31.311077503922768
4.150992095338239,-3.4383035612189943,-13.883937077092634,Inf,26.987065719098858
6.483962791852065,-0.7086900118925215,-1.5289683974126511,Inf,15.802105071175385
1.7653323524311126,-2.1328059683510503,-0.6843497908544265,13.85930471110126,13.85930471110126
2.4295201767282393,-4.148432412571887,4.233725749198214,14.38455532855706,14.38455532855706
0.9369295519394427,-2.4962561920258786,-10.319664381626259,Inf,22.505991719561088
0.6269716552197053,-6.5890762131747405,-11.631405700919704,Inf,25.525353407873034
-0.0719327350502752,-5.999206371299666,-4.344608627054232,Inf,19.156257024877284
6.126266086009693,-2.1372414152924613,-1.779075210623926,Inf,16.678451010419614
3.8622192150539476,-2.3805255919455988,-5.42676303634039,Inf,18.459107184710838
5.153446430318816,-4.0881248795176095,-12.056151124017322,Inf,26.576988006950323
1.8784751341306176,-4.359221810253668,3.320443870744736,14.360764487595759,14.360764487595759
1.163145911570389,-1.044892417180499,-1.202764045915849,13.271518135237251,13.271518135237251
4.782316543712568,-0.3213590065966869,-4.324110579506053,Inf,17.354816818840803
1.2498228847717456,-1.7856295729405574,-0.19179949022736054,13.094319126720126,13.094319126720126
1.428995852299451,0.41340335107689086,1.70785953091179,10.90157910909533,10.90157910909533
9.974170303370087,1.2114709413271463,-12.497647078090974,Inf,26.291480562676206
8.066898894219143,0.030449276869461528,5.647152402723819,14.553770707640336,13.942772280128779
7.532847376389267,-1.1316968537039358,-11.317361760179807,Inf,24.993020649460384
6.603576602062997,-0.3354006866106829,-1.5781219469405805,Inf,15.70122648104887
8.518262273747943,-4.760946298833257,-2.624783246844391,Inf,20.328203763771274
7.715044994853155,0.4413744712167045,-1.7925147335874492,Inf,16.122083200576256
3.0228756719396017,3.341267180447325,3.8231254494748512,8.250536634267707,8.250536634267707
5.5892656381903265,2.820848594953418,-3.3890167957695994,Inf,15.923358066351184
4.196757989915714,3.624275806970509,-1.3921812683694768,13.603808319913382,13.603808319913382
3.5530993550850525,2.5745251737846075,-9.536497295813406,Inf,20.61793905435205
0.6220070109695364,2.972544666314853,-8.964972706948053,Inf,18.94585516508829
1.644800337890473,3.6687952232192345,-8.238803965325943,Inf,18.57622316666857
1.525486753296228,4.343537518312857,-10.357690515727729,Inf,20.166905090485677
1.986157491702187,3.6659681026026014,-5.802502164345329,Inf,16.46503340306024
7.041901293104544,3.2218835658824645,-5.58546688180491,Inf,18.32482672025695
6.9287949214032025,2.5680171636903637,-2.79815867004978,Inf,15.976824498644365
7.804440116153167,4.2476677026770915,-4.806781233800397,Inf,17.41485854724651
7.426226915131071,3.483351022602612,-9.475965564730693,Inf,22.30994970883402
8.45348133613328,3.9681649242378896,4.538458607138693,13.763809726324318,13.361112678800968
-0.1916091528649133,-1.5265725948546915,16.946580310853825,14.30328665901893,14.30328665901893
-0.9756259671812728,3.9722034310135186,18.773110034146455,12.976590967788983,12.976590967788983
-1.4627063772910986,-2.0780506001101884,17.73299689435334,14.970962871724716,14.970962871724716
9.958291487418826,-2.030922996090368,13.804134504423885,24.722096575024715,18.637634317008917
3.100448598654353,-2.310859397098408,13.903747398819888,15.227099587577877,14.548178857044553
3.0255251601186472,-2.41134196978134,12.836351642215902,14.942268580378196,14.002073812709622
0.8718795887458413,-6.273358829547817,7.442946771720571,Inf,15.29093486697458
0.1264978977494451,-6.762056959766385,9.463522626537902,Inf,15.462771935177042
0.7867834639623155,-2.0942305327159545,10.30294355942118,11.3660471883451,11.3660471883451
8.613062682398507,-3.4120344417438453,12.512595711088323,Inf,18.42293979698564
5.358744362435353,-4.73142001314911,10.835474361658662,Inf,16.135999243038924
9.793179194050747,-4.311906176101905,7.456075925581402,Inf,18.062678670566832
11.436203158040605,-2.713526660670695,11.199018438449784,Inf,19.085412768570244
1.7615328585277368,-3.93410565772313,15.296748691384742,Inf,15.435151794911235
6.777607513267398,-3.5432141668054555,15.04931499291547,Inf,18.10174199911698
8.253540697560773,-5.732727786558556,18.724049365441672,Inf,22.390299265710578
9.643364200744653,-6.163180158153061,16.494430515700913,Inf,22.24482564078222
8.102113354047589,-0.746957755644388,14.844872236194568,Inf,17.214392004598608
2.5248347555849193,-1.5361573007771696,10.950426267260156,11.863533748564443,11.758083427458779
2.2629881965026577,4.374136709140721,7.643974455583589,6.423443971886994,6.423443971886994
0.217689196176849,-1.123479365346185,12.282337091056917,11.034043899690698,11.034043899690698
7.9526077954121455,1.5497697904682823,12.155930164075961,14.214885686164468,14.214885686164468
5.511287049801766,-1.7794493383134125,7.6662479397889705,13.38178880322908,13.089972636018683
8.696665317467058,-1.896662513845591,7.432997532804741,Inf,15.410080464689614
2.865061410281431,-0.32263814912698763,7.679588270167308,11.158784991052853,10.254557134029216
9.711878850516065,-1.5540865375185504,8.965320527493319,Inf,16.034674812909955
8.432546022345704,3.933871020520023,13.219095639882916,14.750463478446406,14.750463478446406
11.156187639775066,3.0482906647611507,10.257946625061571,Inf,15.787188659458469
5.355962220803843,2.664099100179378,14.204207914632107,12.788659783462617,12.788659783462617
8.238768533427255,2.2030647011252142,14.490335068696332,Inf,15.72208673866459
5.884581172717411,0.3062684827978046,17.656769865248506,Inf,16.34103393694247
5.208638372492686,1.7546647650412979,19.486343173654184,Inf,16.244756184793868
10.75922051561679,1.6244901929326083,19.723166674629198,Inf,20.581919221915847
7.16616985461841,3.3680313870884504,17.743770589940624,Inf,15.899134406924134
14.691744334618932,-15.359082646026403,-3.0147348073333973,36.741994127712225,36.741994127712225
16.643200158924962,-13.006339591994394,17.03605879945932,39.97401205106623,39.97401205106623
19.310691088175318,-0.2863832003188378,10.28908689570926,31.710874933108713,31.419425306055825
16.750931806118068,-14.150113016522976,9.708776224376095,35.580427216943846,35.580427216943846
16.631569452346838,-15.27912137049058,12.579974125710905,Inf,35.126508608078396
12.293960588849046,-14.660270929000898,-4.695977709713386,Inf,31.422356385363614
16.576093155437228,-14.385171662246865,-12.133063876969219,Inf,38.59513468724462
11.618435820272293,-14.59445741750744,13.765400520101672,Inf,28.150776085811334
18.701084866550637,-7.38948802123736,5.903323567882115,30.81654317620076,30.81654317620076
18.032924938363607,-9.167187112194357,-9.857938473544143,38.47969322262429,38.47969322262429
17.079921014981885,-0.19377423170304553,-13.672506293227897,30.403103291783147,30.403103291783147
17.667893404006904,-4.6725122011340225,-1.6440064090247901,Inf,31.62360079702928
12.250987714267005,-13.796732780036116,-4.585087450873129,Inf,35.840096720330116
11.714192696582984,-4.000646851024614,-3.320016725144175,Inf,22.236399033943954
16.013510438415217,-5.037574287475044,-13.300834583251735,Inf,33.32276444950239
14.190752713731108,-10.903036951464795,-10.029744432700776,Inf,34.03198900262676
16.569849518058334,-11.122573378327516,-11.5361156991347,Inf,36.85642739625786
12.8943875409799,-6.133240003992961,-11.599639933293044,Inf,30.86733026387192
12.564676324408673,-8.969220388492225,-14.747841458374173,Inf,34.91845608979297
17.71870343926907,-5.24891716201533,-3.2572301495338074,Inf,28.36960946424963
12.43121673773986,-6.576243591528792,-9.736243346654074,Inf,28.645618124576387
14.8286864634104,-1.2309424506856814,-7.3368853218069585,Inf,25.294900872915104
14.616736589482393,-4.3119284526168755,-9.913353712076907,Inf,29.31678934218104
15.594946352278939,-2.4904442001569933,-8.578736494044605,Inf,27.22251421801265
13.390566107261876,-9.53693566937658,2.778741977864179,Inf,26.517749306462896
12.28866492812027,-10.95412908438889,2.4240705642873195,Inf,27.75806589786756
13.376013287548254,-5.0037684057143395,2.8339187875761667,Inf,21.781415446550533
14.54280790044156,-12.011847747522708,1.3331423083460763,Inf,29.606860723847248
13.755370976103698,-4.87994630342615,4.77452723271562,Inf,21.507967192931655
15.185476756814154,-3.8839211452692446,5.456486128923849,Inf,22.0688291477311
13.73739767134964,-6.407513911764653,5.335387669057894,Inf,22.49222209968076
16.577283987871077,0.32252473548791016,-12.05363258047421,28.63110986561302,28.63110986561302
14.201130357394035,1.1045431930191896,-13.145437011152197,Inf,27.723457207667995
14.405206032045193,2.2473488110665407,-12.808338413826581,Inf,27.151631560369637
15.71486244899559,0.8821842309285799,2.9520092395467827,24.154173629868723,21.51257305665515
12.655394259754331,1.4821658226904617,-11.756590679991836,Inf,25.82819010493549
13.309874416413727,1.0219710872602477,4.896821508514996,Inf,18.498967340889386
12.024491533610558,1.3185967740496878,1.6240390638621633,Inf,17.735064278035214
11.943201254992193,1.7263812384919248,-6.788861755805069,Inf,22.529778839629827
12.417077401256343,3.414314764087969,-9.379215826015947,Inf,23.023115362352755
16.60618988252793,4.094792875628901,-9.454105383570433,Inf,26.245467782527
17.411072648277155,0.5850881955134035,1.7212006773356059,Inf,23.17222634282618
19.088648404402676,-11.22051596911862,-4.4542899052569584,Inf,38.88945184462756
19.006151700200533,-12.575716471765563,3.4847109061668675,Inf,36.14822735972367
18.8398935329173,-14.082857978362098,1.371307420172137,Inf,33.75248849080938
18.961621751001175,-2.8502435492644835,3.6352747940318437,Inf,26.421487105815046
18.29924130232233,-7.494946257018169,-14.348696601020619,Inf,36.838622436850066
18.481969528317954,-4.082207312758168,-11.875834123679141,Inf,33.433307666211434
19.027833648800076,-1.563936214649459,2.840217373172422,Inf,25.10287489072762
18.45401237734179,-1.1434715915797788,0.22809737671832409,Inf,24.75996086879822
19.061044448249405,-1.9384442561621107,4.682980955098046,Inf,25.92721735957059
17.345623335669572,3.911007250494187,13.520890397195977,28.727787041419294,23.668677987013133
12.523784976458934,-5.675255461598061,10.955096470331497,26.028186901120364,22.051792100716632
17.223751455172064,-10.773277488488286,14.386054631447706,Inf,31.715920620147067
14.93944774327889,-9.01653794990203,12.643694909554867,Inf,28.63903704232774
15.345536969591016,-9.76613565322304,12.861049206650478,Inf,27.31854891018768
15.918242559105387,-12.526848381008096,15.086936663963428,Inf,31.429391781759293
12.316140716388645,-11.780667887806553,14.815848324312093,Inf,26.580036515992646
15.68807900710717,-2.2218064668583715,6.5275987502194965,Inf,21.653640331125914
14.314481359247225,3.8037702649508276,10.281461971488042,Inf,20.025784513307887
13.81828355443104,2.939132988399898,9.987271456529257,Inf,18.465235541795785
11.521459882291516,-3.9921864233904074,7.736109962955197,Inf,18.94031585829264
11.931295211589283,-4.24275048352909,15.024446380645706,Inf,21.80511822311882
14.4278329686951,-4.273588942807152,14.330493141448699,Inf,23.190896611051578
15.925572841234477,-5.626941174250328,16.929899954252534,Inf,26.273746098576506
14.559979539938325,-2.752683235951867,9.553195578342528,Inf,21.063224446321442
16.371410697251733,-2.2309562716136533,11.091046072703818,Inf,23.0579380251341
15.064414657510355,-1.9991439680176448,13.89380298426672,Inf,22.350780698276882
17.764924073550496,-12.233259093767401,6.631323985932241,35.803375822491454,35.471277453024236
18.724644789127424,-13.06169816064946,9.698370289978406,Inf,31.777508467911474
17.80502765239025,-10.908622700815434,11.023946801840516,Inf,30.6358935738269
19.220648693954914,-2.560972547294938,6.240986228036132,Inf,25.21400954799466
18.550285290272612,-1.1408723376994523,13.461518128407562,Inf,28.343440516726012
18.2871683751044,-3.1867628701233564,14.427918628485145,Inf,26.673922065696097
18.736087267474616,-5.410330725380144,11.109749945437073,Inf,26.252234701444653
19.291339392428142,-11.035965760756223,13.420815362310307,Inf,31.03047671144141
19.864122595649334,-4.642436312797882,2.3490157143835617,Inf,28.109009439029315
19.55251704588383,-8.581300832298275,14.629244654252311,Inf,29.89224133284118
19.649578118376127,-6.207654336183159,-13.174654595589557,Inf,35.93445980182722
19.45373328069123,-10.490468283242631,4.502782634816764,Inf,30.962281512473893
19.501979834129543,0.08485329967205857,-6.576014526170093,Inf,29.508251535447638
19.66354088355361,0.01948466347849731,14.27857014225129,Inf,25.67223486444983
19.865581740171308,-1.7690486650751147,13.891463439317462,Inf,27.066369470984654
19.27130463097781,-2.347107922359541,17.445685645578195,Inf,35.964651834530414
15.280965583170243,1.6594052871612135,19.527251966700412,Inf,24.29007684076621
16.311443943509936,-4.784076171582292,17.409402632538253,Inf,27.352003829393873
16.406489889341735,-11.96789938864983,17.186573064448424,Inf,30.4587006523342
19.059586341498218,-6.218216793064784,17.401085081444805,Inf,29.078447175118075
12.379349820023826,-3.656489210810598,17.778392169768807,Inf,23.06436345303411
13.744550770639307,-5.86504179174228,18.959229348177317,Inf,25.916705399612955
13.05645295650939,-11.242285463517474,19.70995924137629,Inf,28.864404970064115
13.893383136816709,-12.556258582267938,18.67801664914964,Inf,29.50905901024411
18.250724955122806,-13.138534920157037,19.987037038511517,Inf,34.0103466081565
13.215782365950972,2.9278320897355314,19.920647875214783,Inf,22.51100588030505
11.894301361551491,6.275502617378265,-17.966980012818475,31.151860212599455,31.151860212599455
5.445292236701427,11.520727786071845,-19.528357922285792,31.911078842839313,31.856168873860714
0.7618728865681419,4.949410940496072,-18.8758060311769,33.01275849847815,33.01275849847815
4.164572765431522,11.21242322659409,-19.40471008376459,30.533072938769234,30.533072938769234
2.5680073978346307,13.60235007363842,-19.50262677648937,Inf,29.558398909176542
-0.03453115034591292,14.932478290833885,-18.954619584148418,Inf,30.111928932650347
9.990392230992136,9.517680274503888,-18.655647049965374,Inf,33.64888171281334
8.424146960300689,5.811779055329495,-19.321309167189533,Inf,31.034378878211214
16.791833469557247,12.440232384733392,-18.597177155836143,Inf,37.06596903358888
14.934037662887533,17.364292460686535,-19.3778603917554,Inf,35.607995284717965
17.747460291836447,16.1523683268247,-19.405800020486616,Inf,36.99597845007614
18.910066066750602,13.960654784687243,-18.497508157118503,Inf,37.09671280526157
9.171315222578116,15.364068392568058,-18.193314689009643,Inf,30.33248565687309
8.046113361473406,6.980400498501851,-4.337619280558167,21.65617550812366,16.3834055976609
-2.3897154745015854,4.973807682710056,-14.479502880501043,28.857703136855072,22.7663081873568
6.771402033284684,4.7253669263818665,-17.015087970127503,33.550259805026805,33.550259805026805
-2.38693072789232,4.648770357797698,12.177499636986411,6.197829986226827,6.197829986226827
3.7000445958557364,9.748493090593424,14.724714347518706,10.373959582775997,10.373959582775997
-2.141080718108661,5.274598122813437,-8.729220824800725,23.094193975670958,17.3191328865958
-2.234160689545803,15.42390879798554,5.923746515588899,7.540507493063786,7.540507493063786
-2.2377036306668856,5.7621307428663044,8.54035328891774,2.8216737623974644,2.8216737623974644
-2.211129796229603,14.3824394732301,0.21301639025033836,9.349919590395043,9.349919590395043
-2.416196458930404,5.111774534364244,-6.495624881697157,15.162369018723986,15.162369018723986
-0.2601086111240818,14.107573230373028,1.467051276478493,8.684640301378284,8.684640301378284
4.50968437695132,13.454212568693151,-11.435523732559103,23.766340248033476,21.90360138788631
3.425956929491001,10.27500218507597,-17.846049779658664,29.002521117320924,29.002521117320924
1.1420150669904494,5.120167187688036,-11.61360129761194,25.73860677023487,20.777255499442614
-0.5147945108686791,13.96071532362651,-17.943677212698628,Inf,29.622363949377018
3.3083730825725937,8.599187385632312,-12.510025241740284,Inf,22.218620888034863
-1.2464870999866378,6.278224930595016,-16.700161216906608,Inf,25.40266276192796
6.3290989597294285,6.45628793938263,-15.151222182643123,Inf,28.68181435837072
5.478346303877473,6.293771320123316,-11.67751279300302,Inf,22.8284248775644
6.303468899440496,13.597448566954213,-15.670918364325583,Inf,27.097765273852836
7.932342670467598,10.848329063724691,-17.58592961355611,Inf,28.768093950147637
1.8758230602284272,11.489858147196557,11.356576453294338,7.411647508861182,7.411647508861182
0.7658236170541599,12.678212144928551,-2.097198263003534,12.65949688106712,12.568753304204018
-0.9199590837858125,8.112417966104655,-3.4132585584926822,11.895883365177697,11.895883365177697
0.15649139925055522,11.608295304938572,-3.8976932761217675,13.00547868499416,13.00547868499416
-2.1359121042506217,7.307939516493036,-5.643652662385286,13.62383386990826,13.62383386990826
1.791419609536888,9.810401484298062,-9.161172519099345,Inf,18.474123049561186
1.0828574336558745,10.40673635924719,-9.319215593449162,Inf,18.540843815805026
1.4977886335869357,5.061475720966683,14.266358089193439,9.036868230270873,9.036868230270873
-1.3931087102113153,5.302102548287458,7.613115164174687,3.1994781577152116,3.1994781577152116
-1.7824151125636405,11.941257573453832,8.293178263016195,4.3230006058706705,4.3230006058706705
0.5785508340574523,8.682014483026322,-3.2577833636209164,12.57171622344028,12.57171622344028
0.8005678993461984,12.787937405624845,12.843920309258735,8.45695367958753,8.45695367958753
4.01785288251461,8.532632690728967,-3.416299735461994,14.1455001138272,14.1455001138272
6.344770154957775,8.515142371783,-10.977100505805035,Inf,22.041255064890862
5.527781184441409,6.243219272079273,0.4634330738371517,11.756460869690772,11.497479450035245
2.4806469988828823,6.193621959054152,-9.760106140247995,Inf,19.347619677755425
5.12154200236089,7.492255464659703,1.537100644756066,9.801046799949722,9.801046799949722
7.199567977015022,5.576996151944176,-1.3301126855052203,15.25047277119635,13.826878697521803
7.5212440591629885,7.701191596940895,7.9621009972501255,13.643467306187972,11.892966512252311
7.870732508520195,5.762215026505295,-1.0505396491335688,14.41797899894241,13.953994024195076
7.1251806584499455,6.2585529374033655,-7.099610684861792,Inf,18.752547924402677
7.091368120860906,7.944224134826783,-0.06380665999768098,12.379301018282613,12.379301018282613
3.5044470562298358,11.941145101027306,0.25823048029054263,11.647993149294077,11.091047220388663
3.2904079146054244,11.323534623105953,-9.630663569310194,20.719383765192724,19.54531582010026
2.9822757841512626,11.13340626660306,-1.6468133986520357,12.613543105003053,12.43625205769658
2.2238973905708015,10.314988863913818,-10.300159234076043,Inf,19.780333441535618
7.7345469875741735,11.00168038772403,-8.19621381518819,Inf,20.28355271246508
4.468539583401689,8.858338024573975,-2.657354161793755,13.505670513003079,13.505670513003079
3.6788387942483496,13.876976681158112,-6.845679752758906,Inf,17.886269428616913
5.814186523697202,13.373119174918173,-6.868203731595388,Inf,18.84645313021723
4.579194030766072,13.482518091924689,-0.8059410161699532,12.719241583333318,12.719241583333318
1.9223932095855218,8.909513341768111,12.237733619584333,7.245068867743898,7.245068867743898
6.562796786238199,8.851214183817582,4.542171073796428,9.910225577256194,9.910225577256194
2.1391308852889708,8.807498855070186,4.908559432912636,5.606856900504005,5.606856900504005
7.430304311098681,9.081635247916235,4.627311372243888,10.811841927423846,10.811841927423846
4.500744769320562,13.186862766965405,3.9565891132050908,9.613899691783951,9.613899691783951
3.4151503282176705,12.963330182673964,2.2705612705948575,9.389163484095427,9.389163484095427
2.548055919500918,9.514985939150531,4.117917278853021,6.432923728233296,6.432923728233296
3.3303401993704824,13.93583291293897,1.2607367758466381,10.793691813650037,10.793691813650037
7.041519218746657,12.126280645105616,3.590545881460592,11.656733932844975,11.656733932844975
5.184093018722756,12.502457433677591,5.193917407739235,9.513854939573786,9.513854939573786
3.0897976177363446,13.209418074491772,11.041364629447337,8.975316137494927,8.975316137494927
3.3983026522142694,9.867750842030809,11.397968016526,7.985542731187692,7.985542731187692
5.672908861523265,10.24442496707234,9.280729054333612,9.244377565438787,9.244377565438787
6.743821731120896,15.263087129623862,11.372152961937452,13.570779804993629,13.179940940032543
2.0742906506106884,17.390217051443592,-4.081047441743859,15.540774033762819,15.540774033762819
-0.7045139402834444,16.481981612734423,8.030785124029798,8.847360414329179,8.847360414329179
0.30281271779760743,14.680095852051089,-0.8802515868208332,11.165465427609735,11.165465427609735
-1.761019307004048,15.732671014215036,-17.843082554183354,Inf,28.12972347834684
-0.5023852369230326,15.140947772040967,-5.20734065348905,15.083628101467085,15.083628101467085
1.910757846685911,15.91789365425241,9.231060864820464,9.580512258296592,9.580512258296592
-0.6970483083740753,16.48713267663284,-7.488391136571906,Inf,17.47604130536528
-1.7122413506777079,16.87898524232689,-8.111856827184631,Inf,18.055385950370614
0.7079216268660744,17.235356364269485,10.99560758933757,10.767562914238166,10.767562914238166
0.14780675098525364,19.71575103239674,-5.850634989105963,Inf,17.762806245479375
2.7038839546317384,19.215621715391826,-7.326122402996935,Inf,19.31688333035154
5.143908970501691,14.722322857211864,-10.88521473105505,Inf,22.137672162439472
3.8181243073669435,17.358465720144466,-13.26334575523128,Inf,24.490190001107077
5.608157437019095,17.960994933692753,-12.798825745732936,Inf,24.964874012670514
7.740092632581678,15.337573502300799,-0.28794921466595014,14.946872830585184,14.946872830585184
7.4698021979831,18.18567806469133,-8.01811616512138,Inf,21.801686170831147
4.229385996920048,14.589275539834702,6.077669243432151,9.82513450578864,9.82513450578864
6.367286160523129,17.67843480350944,-4.268299648483493,Inf,17.974268007446092
5.091235618134924,18.053721516563776,-3.1433007936697948,Inf,16.775642561132663
3.5488735422294404,19.075961111471145,-2.7577854338008656,Inf,16.23728675213529
7.908100654297563,16.21578039359111,8.814129723644477,14.689975256467042,14.689975256467042
3.065143723494046,19.344801561835475,6.7504717069188125,14.184264101312909,13.305830548331382
4.421087450054138,19.290945432420997,-0.2122230745121101,Inf,15.868017382810736
4.039747880465498,19.626415684848396,-10.98873192610065,Inf,23.062722676624826
2.0316375469112025,16.73906780559497,11.44297037364997,11.214094209435789,11.214094209435789
3.2310546020825797,16.508734244768668,12.757129725883274,12.795634812354441,12.442334592443292
2.1478396079979873,16.41151632296034,12.98019739313618,12.325291393733222,11.899164792459233
7.841409224260687,18.199091892566734,13.464253770858178,Inf,16.279085675316214
6.910446115580182,18.380982874998317,12.220069115469904,Inf,15.512271215762208
-1.9219170683415499,17.98044026032435,15.282910297347044,14.53622549755165,13.561373960136741
-2.547786517508186,19.085721803214355,16.406406535119828,Inf,15.725356102558232
4.792858041483914,19.244815195311247,16.31524351159821,Inf,16.804392576941375
-1.3747745913980225,7.29017858787202,15.121432627742237,8.312813722972324,8.312813722972324
0.4582614043887716,5.489791505701575,19.66979716120307,13.536704469986535,13.536704469986535
-1.6892675834497766,18.118969787409334,16.165593440160208,15.161096463228796,15.161096463228796
0.06860366050567279,17.313685182770215,17.114325471305108,14.722296833582366,14.722296833582366
-1.2858683932265258,14.883606351668263,17.89086012707341,14.306453338448838,14.306453338448838
-1.0669431945371244,15.82785729591027,19.49973908471256,Inf,16.0086842227686
7.26303294178857,13.449213199860978,15.972271569602583,14.77138554340376,14.77138554340376
2.999945367147234,10.889882636217418,17.21574916338121,12.709830523017335,12.709830523017335
0.8874273862322752,7.713961739014952,15.379366827583155,9.241628536203836,9.241628536203836
4.361660583510076,9.289704488047157,19.94476756208273,15.191094511126625,15.191094511126625
4.640388202757563,11.464175081452677,18.887028883415596,14.86917018479926,14.86917018479926
3.339938133519542,14.824684343822476,15.647491857493492,12.753085975331508,12.753085975331508
17.12767315432417,15.40257585944385,9.205819152778936,25.062812412451592,22.06409581979404
17.36074916973054,13.969435560771316,2.0031690402169673,29.71421715971859,22.84528578126492
8.762469586347503,7.374427689850485,-2.265191888115446,20.600522625937614,15.066753358606551
8.687373154821305,12.195057850392736,-6.211730391067727,21.48696482139075,19.541472073461115
8.638391290933214,7.984214869824349,-10.627534176303266,Inf,22.54312170325356
8.609921248571261,13.971565626391715,-4.2410630240936875,Inf,17.77983893843747
16.222273072450896,5.349475899704792,-16.132488728287324,35.94291676467765,35.114422154253894
15.26251990301838,4.948028848111452,-16.495332786341386,Inf,35.05990682316725
12.36787679359282,5.108099899808842,-7.784420202934648,Inf,21.8322950992694
19.86991956444178,5.06364907577759,1.5806999458297355,Inf,24.32023958919565
10.715436310775878,11.095277305925286,-14.90177243548767,30.47803751291738,29.82804649722309
19.714442638175605,9.262538417727917,-15.565572159208463,39.86069205954142,39.68573411880655
12.91466307445019,9.107110117581286,-16.305438132811283,Inf,33.10824230185306
9.718845678365973,8.257589519587043,-17.003826927295016,Inf,28.968027617405944
10.519422991803033,12.14268635206426,-16.658350373598925,Inf,29.665808796422468
10.937691469443251,14.05852700157304,-17.734499207342374,Inf,30.923665863644487
17.307630837799735,7.1508961089309935,1.6199426482626293,29.99009224050178,23.614874470507687
15.418521404012758,15.254868670239532,-2.8340906819570044,27.693610463651076,23.036863242115096
10.421568837075739,13.7199075622975,-5.335690243864777,22.265210055993357,20.115749218957557
9.611867151913795,13.382536629322601,-12.586107333231968,28.036581329390586,27.99502696646776
9.368181396182482,8.895508649267178,-6.438743471497741,Inf,18.945288431055545
9.118681282081873,10.912938397847654,-10.92949472434297,Inf,23.215125183489604
15.117043485615113,5.732997303555383,-6.9905769545908925,Inf,23.78781996036355
12.732858112903578,12.035513871063024,-7.532328957876002,Inf,24.3443375319595
12.658448947528555,13.769194494844939,-11.8556222450776,Inf,28.11820288335317
10.690492851154545,13.959027058327948,-12.919093419718264,Inf,27.162927148298692
12.17127653200329,8.387461202590167,-8.858280825737035,Inf,22.525802158926382
15.135667625075996,13.820246663755789,-8.86035299991594,Inf,25.77646967141807
13.325635428343965,7.791057056620865,-10.906965380302527,Inf,25.256668467984873
13.533100879843971,8.272306478432682,-8.485986334920836,Inf,22.957468966640995
9.865998717706503,10.06425154653769,-7.516453446876765,Inf,20.609430744194384
11.450095725785037,5.81451865946617,-5.384212706438429,Inf,19.328374417030485
10.873499352568636,9.930225905952106,-7.104982710321961,Inf,20.615008629680204
10.81805911988252,7.605721409265485,-5.792709826295752,Inf,19.08486623660095
12.61977314953402,7.728446885360665,-5.728982322023235,Inf,20.263094815765825
15.752483053207598,6.507426846229436,0.47834508625976824,Inf,20.46063092673134
13.968521940166369,12.787732134350243,-1.2029900978031804,Inf,20.106519253175684
13.137324834546732,8.800897005871697,-2.6887144505946203,Inf,18.956527689353877
9.068435776824309,11.32842673749117,-4.723483198798455,Inf,18.13705847002141
14.566387215180313,5.717345084326205,-3.2630263708993468,Inf,20.809598019255937
15.16946465477907,10.763161643226056,-3.138630888894376,Inf,21.470868337846994
11.692924156486306,7.734687154091926,0.735717599594274,Inf,16.344399577282385
9.933146568290159,8.426849329246657,-1.888392173586631,Inf,15.780930180009266
15.992691772015021,13.93646254124345,-0.9478383807915876,Inf,22.637815912007223
15.820986647877248,13.17367335700925,-1.7830135519696029,Inf,22.085661321862272
16.109396432739672,8.82352058512165,-4.388535408330068,Inf,22.38043082751066
16.54593865471142,14.565651915496531,-4.5083968677885355,Inf,24.659517120918704
16.576771137303865,14.61172290456198,-4.072774570081732,Inf,24.392026121857274
17.65085112306857,14.168103828070535,-1.0332760280639697,30.04062001500205,29.118012267184852
19.63328227090699,12.517838689557394,-6.931651768313722,Inf,31.69111728815723
19.589073704060162,12.295088841060078,-11.543788152176564,Inf,36.30884117723285
17.727783156282904,13.945029931601809,-12.692998724595785,Inf,32.72321191593858
19.104497071414393,6.0083327660319625,-11.172636838358878,Inf,29.37867888201528
19.96983963939445,13.608773336443214,-13.81174827128957,Inf,35.0014516628366
19.700597935502287,13.527389554514471,-7.517106204951967,Inf,28.88361963269824
19.437668144238962,10.462697664566658,-0.9765488449505355,Inf,24.82443579463901
9.151345062024589,9.589413483113766,9.36044770366486,12.784845544128455,12.784845544128455
8.497274638230941,14.201675434377172,15.405955802393756,Inf,15.633268219633266
8.552673458801003,5.593211902557435,14.424178088405327,14.974170421875893,14.974170421875893
8.761271253323166,14.802176651514912,3.5775770470298696,14.063302022972746,14.063302022972746
8.567443475281102,15.29346533959081,16.874647416421162,Inf,16.882355962154758
16.82591721227378,7.560808835257102,9.308569701274987,23.130038234254286,20.723169412163703
19.11328214526197,4.56002958748612,8.115571683666182,Inf,23.93143325320213
11.224737277842614,5.058284236413975,4.550137218256012,Inf,15.44216677163244
19.227841095526855,6.661455359397479,6.1819756317620715,Inf,23.765791281063066
17.850891238397537,4.53961755490085,18.890874966440478,Inf,27.525237515241407
19.903766292546507,12.036380531684998,19.90754754720338,39.37462581629746,39.37462581629746
13.284768738914195,12.535322473737295,12.031711523617268,Inf,17.656067450674904
11.703224206886304,12.684375126858711,3.688102714647698,Inf,16.13070052258733
9.310350263686153,10.768213408644101,9.805157490605136,12.956568221973429,12.956568221973429
11.575984313463017,10.86237263672544,3.018356203024524,Inf,15.448075175374953
12.672616766403806,7.84527082186213,12.667691091892976,Inf,17.3821514139796
10.581049665566269,15.214893994678746,10.250395384434192,Inf,16.296729038418363
15.26777281643217,10.972800032327285,17.532699793356144,Inf,22.71605843403693
13.379965690895261,8.167341714724834,13.938960487654981,Inf,18.48624533633528
15.55833851066108,10.500646290592542,6.030041707232428,Inf,19.175977366103893
14.395312475323756,8.02162030991888,3.046734602516956,Inf,17.927261080172123
13.554049291709084,8.89470330991336,10.443942926789383,Inf,17.32442642328532
17.77023287560145,8.450830262899895,10.038790814213527,Inf,21.50503752985934
18.27535726506735,10.19046176877593,8.529699381379785,Inf,21.966294258680538
18.294534733136906,7.565979380445384,15.911502194602754,Inf,25.543275104498207
14.650574343065834,8.01190526463504,15.694211526788102,Inf,21.31986862739742
19.37162213470694,7.879354465600336,18.706869173869364,Inf,27.876215693741255
19.82316692414468,9.391285039817898,15.73644103705844,Inf,25.28652589824377
15.19593479107678,13.826931614608824,18.472872112156736,Inf,23.010154854580925
15.00602265375477,11.71929357278308,13.35947505919367,Inf,19.737306443729647
15.301140461235924,13.138318188312368,11.150437462514702,Inf,19.53811378973225
16.941667405908078,13.659122138710664,3.661103331185611,Inf,21.4591287949017
15.727414649805652,8.04595773940325,19.968798456776298,Inf,24.367555771547096
10.059086717489727,16.634573062664344,-3.557604587903505,22.11233849915405,18.959295787399256
16.619191910714548,19.948849054779956,-8.705746205245584,31.085786421234985,31.085786421234985
14.163252582768408,17.402809059376345,-14.575181471221583,34.42673904876379,34.42673904876379
8.372363877559454,17.02995737182073,-11.981664865049488,Inf,28.7141785773828
15.025752706590481,16.3964228069011,-12.14117016938677,Inf,30.90678398529455
9.614899526721032,16.47629158298745,-14.706099519752973,Inf,28.093490964657796
10.275807468283666,16.595159995674834,-7.755830802100645,Inf,22.229284291653357
9.681167554206063,19.182440751808485,-12.15653170419321,Inf,27.31689470243822
14.535602275144164,19.506399497937103,-15.830715816444867,Inf,31.811817110849375
9.826655129990229,19.87943643127138,-15.114552604698872,Inf,29.468692319807015
16.763026865526058,19.128924687825474,-7.224149961872133,30.15025853594019,30.15025853594019
19.044183350328616,18.491964842959263,-12.086651256653038,Inf,35.439118215607465
17.501654693833842,16.785122592774087,-7.773495754405335,Inf,28.787391363937033
11.298607050299445,17.33297362834059,0.8780115506210784,22.69076111696002,18.15080818811999
10.187613181714994,19.02387921612612,19.980777215302737,23.57636165757532,21.88003799303511
11.122181500133248,18.706138795350086,-2.8320571228865816,Inf,20.35596169010887
10.732214242591276,18.66823688591517,-3.34573209356374,Inf,20.368694151738843
10.64182218882598,16.728800573577907,11.79388931515448,Inf,17.341045137397685
10.69378692985957,15.716848133004348,0.4478047625959931,Inf,17.168114725370444
10.651214846864931,15.77956483304881,1.7278429540667588,Inf,16.65078079210927
15.328443857787668,16.53904628437246,2.699731295340495,27.18393017128991,20.91276078276763
11.888888852554793,16.448083035936264,0.5702407234555906,22.71724822157841,18.371044549220898
13.55905669260126,15.590660088251092,-1.9922114165891998,Inf,20.91132191384749
16.50881861655325,15.616893427185843,8.701930680130296,Inf,21.705554102907605
13.453282601227912,15.734419282946718,1.7738038917365913,Inf,19.028173107939132
17.18318893746337,16.44380049782587,10.33736118051964,Inf,22.676502293651467
18.34456653963801,19.293333489510815,7.841666651457153,29.361618815862585,29.361618815862585
12.546391059041973,18.642880133805463,-0.3145063912180923,Inf,20.713598909037877
15.480620218898757,19.886201798928056,-3.0417079736277657,Inf,24.33777129654534
15.610973188978228,17.18544497282327,6.5435281893500274,Inf,21.898814174536223
15.940660158748841,16.663630932124995,-0.05688831489399249,Inf,22.25337315724543
14.39451313094846,18.61628196015814,1.7445917905847885,Inf,21.10891401254447
17.070651419255675,19.637107282714908,19.57170478007565,Inf,29.156906168094178
15.386509930205094,18.32360848047911,8.358402980106181,Inf,22.47311288897938
11.786622459475922,17.241123361032706,12.201831245067368,Inf,18.63119997127158
12.47681470959079,17.78226371266893,18.24034161020051,Inf,21.690585654413734
17.273032299232007,16.994177507907267,9.849403414050872,Inf,23.23281409773263
