14.0,-5.0,0.0,0.0,0.0
-9.168064641487845,1.8413045694827375,-2.598324250607156,24.296377432775405,24.296377432775405
8.01809148556221,-14.359004634890447,11.247665755595104,15.807725395533382,15.807725395533382
-4.5092430699597585,1.7646427183725848,-2.2241283484478735,22.168810384559137,21.45636183074329
-13.949933454071157,-13.36250275789829,-0.472278031151923,40.3756217905225,34.140928830462116
-10.955766221729535,-18.647102015941883,4.635077716660394,47.48833801761356,32.20545401461412
-18.78010640195197,-14.731460574711592,0.1731917672597838,45.43736531141681,36.935867975011725
-19.11703943043421,-17.110629333126475,-7.708831554143281,Inf,37.23556506156653
-14.098460303373832,-14.505747313995823,-11.664973795487557,Inf,34.73613478447463
-4.96465478699041,-16.75798852671719,-19.27704106344966,30.50788648328381,30.50788648328381
-8.294296894346953,-19.669130090049592,-10.19930331950933,31.160724394692615,31.160724394692615
-8.7122097625128,-18.888143332722098,-2.0950268213232164,27.436842856882613,27.436842856882613
-8.496263170552227,-17.039980142401774,-16.239942688250668,Inf,31.63549063340794
-18.54735337759701,-14.685838677233463,-19.238299979598352,Inf,40.42489564910531
-17.675867881371445,-17.87326507049756,1.7639444508680846,Inf,36.77294728467711
-14.471836943821037,-15.0913779877689,-5.666546881620711,Inf,32.0488400777887
-6.996110855885167,-19.866047318795232,-8.26243646429658,28.820742215218658,28.820742215218658
-6.696812822038121,-19.042716170792104,-1.6081717620474052,25.357721542796742,25.357721542796742
-6.803717297374359,-14.825773157442947,-15.814958559053558,29.505734661869184,29.505734661869184
-4.724257253735615,-19.516834363351165,-4.350099031882149,24.720046492157444,24.720046492157444
-14.257179079139064,-13.79021633654733,-19.932187105353123,Inf,36.978200111932615
-14.519942880459347,-14.127619507747218,-4.32432833538738,Inf,32.272992790369834
-12.194409451908426,-13.657892437992016,-6.069364518112952,29.327844147874853,29.327844147874853
-13.84518315565436,-13.444331710671298,-15.168640269161129,Inf,35.35218342999182
-9.482071784947346,-19.67423492899691,7.1251005763495385,30.070371744186463,30.070371744186463
-11.821400419102401,-19.33277230038488,6.452883124853166,Inf,32.528202390795926
-19.869738686351617,-19.69924808191322,6.61146161672815,Inf,40.58644044266559
-14.868052521165689,-14.477441674496863,10.258687584890396,Inf,34.039018475746474
-12.49066311431589,-15.765186993866012,9.978905526671493,Inf,31.58208535636333
-8.69236857338648,-15.46383014364661,9.775935207443538,27.76645247028587,27.76645247028587
-4.518277981943415,-17.05297054743881,7.784714777863016,24.863606590868685,24.697294549699134
-10.41245949518955,-7.6129640661000675,0.24109827609888157,27.392428515346587,27.392428515346587
-19.824569303568225,-7.528900927528133,-9.543678695219837,40.48759894477585,39.25807362021368
-19.937042936421108,0.9896713035472082,-17.187864843092466,Inf,43.8960324186193
-8.481564936267594,0.14399776138832365,-3.8995462763649336,26.54255440852516,25.857220975792693
-14.954717139244673,-1.8437959420481036,-4.350882814143544,31.377110052250945,31.377110052250945
-10.826386653541986,-10.790913680773997,-16.77082810760386,31.431999268011303,31.431999268011303
-19.749367182682462,-4.44287402027066,-8.778146392522457,Inf,38.40167684944033
-14.736699925860846,-6.422781067170362,-5.657325134460001,Inf,33.226659233274674
-13.063668835934825,-10.07313036321591,-15.47078111334991,Inf,32.92416723788433
-14.103578820413825,-10.02334776038091,-7.798873412080445,Inf,32.253707478520155
-13.917604357414426,-4.981687201832452,-7.97620799584414,Inf,32.64731157816779
-17.395570714658042,-9.641088840529228,-11.338995878361295,Inf,36.1135092595751
-15.778268182154092,-4.995336027221251,-8.034477383600747,Inf,34.43510671029381
-14.433501934336004,-6.556778428639154,-15.67601025957317,Inf,33.242584532104445
-15.191108596225815,-5.022646437513192,-6.222844784177406,Inf,34.121245421986174
-12.709538270334546,-10.45231805427644,-8.094362152049523,31.430522742502898,31.430522742502898
-16.473499409941653,0.07755125904836291,-12.444745314644914,Inf,36.374692572190945
-10.081773449766533,-9.843678527065407,-5.134987446719919,27.426338846520697,27.426338846520697
-8.98120112539658,-10.878897334536362,-11.62440511861857,29.454033655360504,28.924491143661314
-10.71889881954288,-12.15823431524881,-14.714981913853586,Inf,32.0734265819699
-10.42861398978646,-2.643861519597131,-15.694710591945755,30.563567477026346,30.563567477026346
-6.784432413099584,-4.854978025028709,-16.670967839516074,28.73940045494772,28.73940045494772
-6.2080826224366525,-1.5076562424559299,-15.882946468817716,29.146759174044725,29.146759174044725
-4.7837103022953364,-7.9945418968431525,-19.131716554066884,28.511802397102564,28.010676679840493
-5.264282865089012,-8.003440783471838,-15.78756400082745,25.13328416011891,25.13328416011891
-9.906429734650413,-3.131201628967297,-14.927037762050794,29.55319434702432,29.55319434702432
-10.02079793897181,-5.623118572004522,-11.587900591361997,27.98412969236417,27.98412969236417
-10.577120981773502,0.0729375338025946,-8.656885212078675,29.64430990047805,29.64430990047805
-7.86985609721591,-5.620850737200351,-9.658727129452105,26.337425709260565,26.337425709260565
-5.71661383957073,-5.8176285396869964,-11.791475591272684,23.67074614001764,23.67074614001764
-7.751875885138038,-9.31515417725719,-10.031386485636045,26.376110957483498,26.376110957483498
-14.76839473160192,-6.621583843500618,-2.0291191693028665,Inf,32.40350562301383
-18.951347435120685,-12.371948772390882,-2.0967176538400594,Inf,37.136775317112296
-16.11038389932756,-0.16137793755659047,-3.612664883806154,Inf,31.592638175233283
-14.224979254886323,-10.995465281553436,-0.4701108260825215,Inf,32.53853770362151
-7.956544176498692,-5.0329184283577355,-0.5397573675284484,26.428942920413867,26.428942920413867
-13.564796936578976,-5.069004011262628,-1.4420924732651486,Inf,31.779009781405474
-12.609396522678695,-1.1669760359311425,-3.343988609370836,28.927633488462707,28.927633488462707
-7.358945092861946,1.0970517047974226,-16.485349417986413,29.454785861295328,29.454785861295328
-15.73969218788113,1.2091004981655402,-17.983885219874523,Inf,37.440493617590164
-9.417422107557352,0.4213336581582894,-18.1071849048542,Inf,32.03522567665783
-11.195704784849845,1.366860344851382,-16.210560461093753,40.080452290989754,31.96536572195825
-11.5227969340215,1.1182353950390294,-16.476677536209454,Inf,32.39449434167145
-13.060767449928106,1.813625936803902,-16.066014072974966,Inf,33.55310630108511
-10.667361064295582,0.9117154680763733,-1.4134763413330305,26.42143983868466,26.42143983868466
-13.348470482327084,-11.150088699807554,1.454205717715233,39.00021755342065,32.146694058611665
-14.62154035766111,-4.330882882805582,1.2433118444581126,33.384527036516815,32.406791562948555
-15.874722967756183,-11.069444444731529,0.25594264879406126,Inf,33.85646743903824
-15.98021541567709,-12.07706334571025,3.107136155228929,Inf,32.802402031407354
-16.579234278400854,-7.191904485724763,4.49442996769622,Inf,33.85597453820774
-17.722720792549662,-10.48028682055084,3.5073738676404957,Inf,34.674304887774504
-19.27905195891089,-5.360515729346611,1.791367816329739,Inf,36.05538731080417
-15.70994184315599,-9.575237899365812,7.054502946167986,Inf,33.69954701405332
-15.49535484023937,-5.6844387235844,1.7300039334251593,Inf,32.34412041724975
-15.289537280128993,-8.782530438050706,4.089622939555593,Inf,32.85126253383854
-18.97820972698014,0.266818261496617,9.09303054033132,Inf,38.18999599782199
-14.697903951030629,1.6698504353954675,0.9156865473485709,30.85052048870649,30.85052048870649
-18.036446849391147,-2.7858239509248683,4.409884809347339,Inf,36.42423543518328
-14.568383909527487,-0.7298834108085757,9.163875478154722,Inf,34.083674575282444
-10.092528991446379,-8.4054659110389,9.774984256098769,28.81743053885279,28.365181919088727
-11.489394924381306,-8.653197200030416,10.338185057207056,30.34379889823023,30.34379889823023
-11.997822646464158,-12.589719532816206,4.839322018298873,28.4294469208812,28.4294469208812
-7.778539779094018,-1.8002526573817335,0.4763268002201997,27.7085972055838,26.679617556681595
-6.392677630471715,-8.202840769446764,9.047988086012346,25.19453585717027,24.968163317660817
-7.670240321793216,-2.688807175230849,10.734013598120775,27.34975719499885,27.34975719499885
-11.838659060852859,-7.159422498723735,1.795017178798986,28.40061589944056,28.40061589944056
-12.151197147386847,-5.6203309589240735,10.881146995413769,Inf,31.464134656065486
-13.293632960436694,-6.331815213502363,9.495202255443331,Inf,31.92589278248788
-9.325610353492024,-5.237712483001742,8.355213309382368,27.654846190462212,27.42853832584349
-11.175526229099484,-0.5763549518712736,6.428188234344248,29.9165488686899,29.9165488686899
-9.770050618716404,-0.39836641559683983,6.571142295289583,28.619594483871804,28.28718103207087
-6.072968974945798,-0.4225041403688934,10.32617990189106,26.581781913505132,26.581781913505132
-5.202200829532719,-6.253379870644418,10.96261698098126,25.576530449124938,24.700751877114538
0.8565803203646709,-9.801658536334426,6.43132943498113,17.323394797228787,16.584444110854303
1.3396791907191457,-12.341575343274807,-4.6099455629366215,16.53985714647676,16.53985714647676
-1.1507869792150842,-14.787944999967602,-13.852081186279523,23.590022013566383,23.590022013566383
-2.526393995827931,-12.529396564388255,-17.351955443223854,28.715117869864837,27.16282510469571
-1.8871824234209527,-19.871839800736346,-15.797376519128505,29.136302820153595,29.082966445065274
-1.902584599922701,-17.196526737668634,-17.193831236362378,28.006875736861467,27.77735518002416
5.09044101112697,-10.572065887913826,-5.581740632300729,12.806515771995874,12.250430409307834
13.857552550089125,-11.729611508632685,-15.004711450988788,17.10299163045503,16.904889496276606
8.511831603009405,-11.815434086902137,-19.82859318449166,24.30395913057683,23.394604654814337
8.487378398788785,-17.0663730073587,-15.513620935394865,21.59692902333968,21.59692902333968
13.197683732739037,-17.159259112780738,-18.724329372728327,23.71752543451618,23.312359794531563
12.663787855949465,-13.3830695879419,-7.817032292267969,12.097108142140995,11.807030202172381
0.02849155038963147,-13.77963091842612,-8.607561742178182,19.519741461409602,19.307986680415375
6.438972592214434,-14.941025804872599,-12.8978459537774,18.356779861911555,18.356779861911555
6.958160421699404,-17.98694300167435,-13.909464649494296,21.33947830617577,21.33947830617577
11.725553110258382,-15.763456955167925,-7.91054693051267,14.310516203428712,14.092365056145287
6.475297352887228,-14.899130966459229,-9.017209572860994,16.358297818766147,16.358297818766147
10.427974126036208,-18.285960992234127,-12.56099817195369,18.75126750380716,18.75126750380716
3.045467465032445,-14.14081930520858,-6.465846816134979,16.341772389730927,16.341772389730927
11.88122383739892,-10.816021424170303,-6.879590269717273,9.25440867439963,9.25440867439963
6.990804460842419,-12.258963107702492,-5.147302254575337,11.776071291387161,11.776071291387161
13.935953881611347,-19.24898790007238,-13.94240857494224,20.673100134078982,20.136938487232484
13.141804778845191,-19.040084965066335,-13.676445721572597,19.965648277012775,19.833536210997018
13.783544648509896,-11.653623425354906,-8.424915760217626,10.747821540539757,10.747821540539757
6.430669221879235,-10.004444281541023,-18.040883385326836,21.187830418996814,21.187830418996814
3.160310011419611,-9.806116887684002,-5.563883112226922,13.40365943442243,13.40365943442243
2.4982660882739722,-16.899439435715415,-4.556947503375097,19.144251787195017,18.261858854367695
0.31363396023524004,-12.013404280196083,-3.0279764852529283,16.14203327436774,16.14203327436774
0.8525009098922354,-13.207661255752097,-1.4527666972994453,15.814967515850743,15.814967515850743
-4.3374862954516225,-19.412495013888773,-2.682826575510589,23.997202935449124,23.997202935449124
-3.5633629571223757,-12.521481044993097,-1.6395060496072134,19.56003781787996,19.56003781787996
0.2620913491498911,-16.857244193686718,-2.5236428158689677,19.163351041296142,19.163351041296142
0.1955060487270721,-16.4028787973852,7.246242968243628,20.07483523894065,20.000200506416547
-2.0874794185731176,-12.036439475524583,6.401801710566701,19.595996889717092,19.595996889717092
-1.0138967110786012,-17.834536937563996,3.2147596640051717,20.563256312462265,20.468512113174143
0.3828876330135884,-17.320308788902075,5.560550132927055,19.83071112098611,19.590401946593396
1.4786590430990465,-16.716768026585022,-0.15521070411890037,18.050385470853946,18.050385470853946
2.064925053024666,-14.895624759733694,6.371848624589926,17.627012107362997,17.563496094694802
-3.4983426748368807,-10.075548364064195,3.3138480846467466,19.43559973649291,19.43559973649291
-4.38753526537627,-9.97787785622009,10.955689596791125,24.25171612342934,23.287264344635144
3.9629988184060316,-11.671892071909467,6.253203103766705,14.282321404301136,14.282321404301136
6.244841659535876,-19.734292006195027,2.545168196858853,20.94522205261258,19.242035835089062
3.7680042055507386,-18.76356244654298,-3.844289221108099,18.08978969320966,18.08978969320966
2.7159289550076977,-14.721291906622236,-0.770241766915241,15.911020016893628,15.911020016893628
11.319496592681205,-17.382610431115644,1.4711098479172158,15.249949428936404,15.249949428936404
12.796214482175223,-19.645963046419894,-2.2492658798607934,16.012063419425225,16.012063419425225
10.59780838043963,-15.48012475162908,0.6165866486200144,13.14794488536755,12.19174129792626
6.91567239703393,-15.542103347214713,-2.1679906450799713,13.284002485236975,13.284002485236975
12.011480244140039,-12.903189658198455,7.0323443904624305,14.193085481110826,13.121993447610658
3.829617818482369,-14.961862721342136,3.3820989725775696,15.684328077630566,15.045638341880617
6.202591525051826,-19.041093029060725,3.7573778771062223,18.661903260326852,18.615957729835323
5.541637421907623,-12.59913579175235,2.788939649578275,12.068168333839877,12.068168333839877
13.57299064920074,-18.089648799838773,7.734051179243629,16.335052084995286,16.335052084995286
4.84881388702788,-11.11087832832176,2.5736162081228358,11.619542006772038,11.58541363678631
4.974389295371104,-10.243853041645137,1.0144808058589838,10.654790924871971,10.601430065736814
3.755627256196526,-10.78689078010492,-1.1212545792344457,12.020475117282116,11.826452135679277
2.9229421301840652,-10.953853477620816,5.721553638779167,15.313205350239269,14.87049305840798
2.3759864912116058,-6.471477898022133,-9.813190523537125,15.314233057014714,15.314233057014714
9.238939100386567,-5.679461849869858,-11.006504569705395,13.469421581035384,13.184253025114788
-3.74663061177894,1.5734810657463711,-11.010964855036622,22.878716580236986,22.878716580236986
4.081914909850841,0.5723017590003394,-16.00334763629715,21.028908328440185,21.028908328440185
-0.334523092982284,-8.74655995405134,-16.24120328689586,22.651958089582767,22.651958089582767
5.24136771922306,-3.1118824619835266,-18.31438449899928,21.900797634165592,21.543896918049786
6.871113283058634,-8.242304978122146,-11.611131603359128,15.569788539429831,14.71239341070966
3.9054294817677437,-9.757521600571621,-10.049794011038262,15.507456069479787,15.507456069479787
6.47863826514677,-5.9116889483821655,-15.612629940303195,18.3639767074941,18.3639767074941
5.642618691115793,-3.9752259170722404,-10.70150640229925,13.871721400042885,13.871721400042885
12.117422992136156,-4.925243953369174,-14.316189558720582,15.276391544176203,15.276391544176203
11.970072603664601,-5.196351465945455,-17.700347936720966,18.402191416241916,18.402191416241916
12.552249066013353,-9.020523543323131,-18.150598210345976,18.763165909465478,18.763165909465478
12.258240940070905,-7.294583951164855,-9.111107297666718,9.555685026275412,9.555685026275412
0.13078063103489512,-6.381983644494955,6.45210659537679,17.714913765044358,17.714913765044358
-1.705998756344691,-6.923228706838929,6.773944342298961,20.07952172856053,19.34787781659155
-1.5783711142114782,-7.609053872213485,-5.671306364448716,18.627999053884267,18.627999053884267
-3.066363217793999,-8.591374942077268,4.479353151775154,19.56488212648248,19.56488212648248
10.609585172011428,-7.04087565294456,-9.565742740808707,11.284594257063002,11.284594257063002
7.657283306592049,-9.021033625456676,6.194451298253458,9.734988102526017,9.734988102526017
11.043748736045007,-6.882047117083037,-0.3781027262846308,3.5248382314909055,3.5248382314909055
-0.09274148225135548,-9.508199217566533,11.176723671338323,18.96121444602246,18.96121444602246
3.5648045443911442,-9.135550654378983,11.194902469731574,16.19765074940118,16.19765074940118
2.9041412389167043,1.2859755712975414,10.682157507023973,19.332410623785655,18.457908931491872
-3.925849273856514,-2.760300564059605,6.0078300028377285,23.749996048756078,23.07240577719351
-4.055820873707683,0.2928957845242941,7.5436468357553395,23.95938238946264,23.95938238946264
6.969218994772845,-0.30280500017165934,-7.076480159172238,14.041492119258642,12.516525889351193
-3.6745950179238207,-1.726523531213921,10.081079784489457,23.91922455481257,23.91922455481257
0.20659057770608058,-3.0637130238711663,3.997032182891715,19.14430108271119,18.91411277496536
-0.31259959640204116,-4.128021570353972,5.238807275665263,20.753768518719536,19.13572509260964
-1.1511264555024852,-4.874443638278114,-2.2170521705024093,19.41808402350092,19.11402169157146
-0.718070034256499,-0.9850584311862676,3.8434905890927418,18.81497728358055,18.81497728358055
12.005701206488055,-0.7896876045270673,1.4848659781493723,4.889661043297553,4.889661043297553
1.0955908492636297,-3.7176725516129423,8.106537765733705,18.385856338908,18.385856338908
10.46252774397712,-6.033257011014346,0.21660050401883524,3.6916454043262497,3.6916454043262497
4.269734227422745,-2.7966939315637163,-7.2222663757902605,12.99363838586002,12.6646051994472
8.936355949862538,-5.32130095778486,-1.7388692828380492,5.363524191682527,5.363524191682527
9.164362126706092,-5.189428275133343,-4.343122731674702,6.502460440129102,6.502460440129102
3.8141848802572014,-3.746702695140918,8.204280937564839,16.563413064113966,16.563413064113966
4.115263165152683,0.6364459906438995,0.8906681216181589,12.929930977082982,12.923496405995655
6.06562159174052,0.7605892638804406,-1.6247035087753225,9.938732861085244,9.938732861085244
5.15310715590936,1.3444469041710079,-3.073379249304338,11.747664518424244,11.747664518424244
9.254427173860307,1.718573422233547,-6.472456984986339,11.456273688264284,11.456273688264284
8.88480154857124,1.1884680143109172,6.87494865261322,11.36758843632029,11.36758843632029
13.188428588426781,-3.736987447670181,3.9059571253911862,4.184537002921567,4.184537002921567
-8.914012019405115,-8.711149515736354,16.483245959403277,30.480419108662275,30.480419108662275
-11.78673771449791,-6.0085147925918925,13.405737806014237,50.59968945204454,32.27695954303757
-18.451507114055392,-11.157811319146065,14.24436791676954,52.728490635393214,38.0550190373905
-12.757948774892212,-12.982264229475673,12.747648949173502,46.565260747467036,32.47652202461636
-15.964645188195616,-15.378866898465242,13.957743068831078,49.104483467205206,36.155775619676064
-16.01595221101619,-7.922773255474569,12.399441992619664,Inf,34.861928277740795
-8.993693159568208,-8.793277078475716,13.912292975919094,28.300453914365498,28.300453914365498
-16.79334880790604,-17.166624945377524,17.88473918010944,Inf,38.93914202401193
-19.637439578791085,-9.953723156888694,15.90736066449493,Inf,40.298582492037184
-18.239674744805416,-17.27790155358857,15.405338318286823,Inf,52.40260779946656
-16.95397146382943,-15.050885022696292,19.308180325475803,Inf,39.166618383475004
-15.235007986869169,-19.67346467783866,15.388242339306359,Inf,37.35942618799602
-12.323550034162922,-18.273199072330833,16.583312359790256,Inf,35.425545370989866
-10.801630463431255,-18.684940776155116,15.589146280505126,Inf,34.11117217030237
-12.169761809454336,-15.092576565769136,18.443553722163315,Inf,34.722909002257204
-17.186683488882608,-2.280031814936798,14.667705814293235,Inf,39.92613076469117
-14.880463001414546,-5.1658251554722145,19.682970400433135,Inf,37.306739750511795
-12.7571807341368,-3.1205239961418485,18.849295421291473,Inf,36.709851003495814
-14.717133210718538,1.242499811828523,18.63266355380815,Inf,41.576961419069704
-8.691692357140619,-14.224617517636675,15.261227686231365,29.929421855792405,29.929421855792405
2.1967832619535415,-16.859736571654373,19.945215608785006,26.56823946794315,26.56823946794315
-7.804902555455193,-15.097022388621903,12.964714231580707,28.82247595014855,28.65189466465943
-8.57369224384195,-18.73417436475873,19.634230305181177,Inf,36.21219026545911
10.04336327944312,-16.060671177981902,12.937836370740314,18.946844949049424,18.946844949049424
5.260702241003095,-18.29580759888195,13.991146166345338,21.342009250511623,21.342009250511623
2.715571516210005,-19.708967748524422,13.679687980638349,23.7231252872462,23.7231252872462
-7.09969943747808,-18.322753424341983,13.263523582720005,29.724374485067557,29.724374485067557
8.230175964101836,-19.697425614207464,12.441760615587839,21.282173396301182,21.282173396301182
7.234246208105581,-19.63968109622875,12.721768031102854,21.34604055693225,21.34604055693225
4.940796111707499,-19.53722812605423,17.54376303911784,24.52119693941131,24.52119693941131
-5.80702150670696,-18.355224925760627,19.70616773055624,Inf,33.94285617656594
13.41310821102092,-19.935472471689266,19.431529720955886,27.225571861820764,27.225571861820764
5.940027140164695,-18.616159981988638,18.900858788393286,24.808452403403898,24.808452403403898
-3.9343212309518734,1.682598953366572,11.759550123946639,26.266576320537098,26.266576320537098
-7.0784765616846546,-12.474665151719071,11.279533590278508,26.58844728397664,26.551404471176305
-0.8742556489723015,-3.6129431261230067,11.95538271979683,22.569254453885236,22.569254453885236
-8.78564717143365,-0.3913653241955757,19.211712106283933,49.2917102138812,33.83510056188879
-2.9867400371279196,-4.948654970285498,12.96952304940767,24.172743857003272,24.172743857003272
-1.0631601458269628,-11.231232046033064,12.133403694737517,21.157982794702022,21.157982794702022
-5.939755952005843,-8.743181629925969,18.689803548373447,28.512088717921756,28.512088717921756
-7.0754391562138785,-6.4623936004090865,19.490228610288526,30.951486682427294,30.951486682427294
-4.202596320719847,-3.1135026247311437,14.743933800171227,27.750871526620173,26.900011300305685
-2.2259189085764497,-1.4478601167594292,16.857264322286525,26.938670622878647,26.938670622878647
0.31513005809362227,-12.225663126143624,19.065284806018937,25.2559120325831,25.2559120325831
12.258813308800136,-13.448361385989331,13.170020070922973,20.552031332392353,19.090805857435324
6.796078824237544,-12.414474608717256,12.052148205756751,16.559189735499185,16.559189735499185
3.233521126599179,-12.87905657832904,18.817318453222356,24.88417854269847,24.219162466043635
13.183417457760385,-14.032566908228103,19.305138586720687,24.19334428074788,24.19334428074788
8.820976632204427,-13.009037802637362,14.656182452413034,19.5607270048281,19.16150673872253
1.4628816870247263,-1.123784417069409,17.730523039972077,26.919480478710213,26.149744994045633
-0.6371809661596046,-5.511805711749691,16.147541131953396,23.635179865891693,23.635179865891693
11.343561196604142,-8.621537604094591,14.907375721322992,19.20405847693964,19.20405847693964
2.5228356733276343,-8.560923137431669,14.496041046894106,19.506919667711102,19.506919667711102
2.025132024126151,-1.1586860209011078,15.385514395051999,23.831045214540964,23.831045214540964
5.143959178103454,1.5376931803755127,18.775754273395016,24.231836779453925,24.231836779453925
0.6192138791309887,-3.506666733558916,19.58154260919538,26.925248985798692,26.925248985798692
-19.118756362867614,9.727071325150767,-6.5182171623349205,37.58423442696933,37.58423442696933
-6.264376725303364,1.9708701818193042,-8.965434907287309,24.922327872501107,24.922327872501107
-17.014366192502948,18.89661036831977,-6.556696211315511,46.992230222596504,46.992230222596504
-7.27109082142344,7.098340920818423,-11.367173789887834,28.24852501341401,28.075774700499153
-18.431780732311562,17.874899304481673,-17.887262007094584,56.2576820688329,56.2576820688329
-19.988850022113105,11.907394739091739,-16.137415289431,Inf,42.8194799991918
-14.53560310313076,9.100332444813255,-17.303617847549162,46.63926929967542,37.84135967283383
-12.3157977784643,3.3206140124363515,-16.20968999819339,40.83077747268767,33.056353934494076
-13.688372244007683,4.102149976092512,-19.88392508373127,44.83012274282218,37.24212046548402
-16.333939556885355,3.136421062112902,-16.681860167421164,Inf,38.12527577556688
-12.634313427989996,7.406491896726386,-15.742549165831443,Inf,34.75806557298175
-11.31179329234933,4.103361619851633,-11.97097160816603,31.17190262562633,30.91324176643119
-6.5696629895592995,2.2244221234613093,-12.611214399791173,26.188404582466564,26.188404582466564
-12.55470455057293,11.851477093368146,-15.614353018051386,Inf,36.527861273634485
-10.584737992942221,13.232471793104878,-17.52183009296422,Inf,37.54839669772504
-7.199032125985703,13.296963715350898,-19.750497364915283,Inf,35.99262019988359
-13.73561800190636,9.835493115923004,-12.718313541782118,Inf,35.397489444401
-18.223717182541126,15.827775956740844,-15.348935860173363,Inf,46.040502632860836
-8.75585707763915,16.902183133099967,-12.54654786441649,Inf,35.56562188096809
-10.768303190764508,2.850420637437665,-10.14672357086651,29.66093584499266,29.66093584499266
-17.66896861817638,1.9250431747202086,-11.235556726360691,Inf,36.11568084586738
-15.808872306568453,16.360705645509796,-10.234365124395248,Inf,45.877013963307775
-10.864327978602333,12.45579469866044,-11.29568800056215,Inf,34.312002093646555
-16.432139159363068,5.926037741465429,-7.344840888923327,Inf,33.88706269949916
-13.782037532511415,9.351700355397405,-8.482506053209944,Inf,33.61226375334867
-8.303625762162872,17.963991713021947,-8.242936285539804,Inf,35.46357154951761
-9.732015047254476,16.213831042007087,-8.018474164721914,Inf,34.425694460127566
-6.299745856054946,10.925388061161065,-6.8102827040068,28.006362129716408,27.34297466139666
-10.381100572563309,3.2875573610565496,-6.845672419602522,27.499385250603865,27.499385250603865
4.33738782574272,11.884702276833305,-11.576347319475033,24.333061509976147,24.244729729478845
-0.994329622198098,5.244165551287907,-14.955285667364366,25.1922982345178,25.18699556297993
6.488380388925805,8.288131683042135,-15.918064254898363,24.393383167687183,23.83448764133598
-0.6239951414205862,11.086702525480838,-17.671487309302094,30.248045867725555,29.671263791290496
-2.382541617145179,9.75725443908231,-19.056749238643373,31.446665291109298,30.899892977870557
-1.1845439128273512,6.47465185032366,-15.569239868475622,25.962950618243127,25.93332359590959
5.575811883730086,3.337856956476841,-18.740875575826237,25.534884936140536,25.197131323741328
-5.551962383090121,11.209548436537453,-18.991038002923855,Inf,33.2273137418753
7.375572932461985,7.047014055595547,-16.665594236620713,24.695995600557872,24.03967166300783
13.630229536575783,2.3161385899295617,-17.923588132317843,20.328218509386623,20.328218509386623
11.031334854499804,8.105436237173222,-15.577948911295119,22.916627535915666,22.916627535915666
4.226950172551291,10.096813657833792,-13.325231630526257,23.660065233667158,23.430928779576128
-4.878719206465938,9.433272627520903,-10.07643213793318,27.496597710768246,26.928307859248722
-1.9306627250881903,6.556848312672912,-9.651202431121542,23.96983386069151,23.96983386069151
-2.0450531781153636,3.733186097156789,-9.185753673205124,21.488337401977503,21.488337401977503
-1.9026741756040266,9.637629591978929,-13.273384318154902,27.7086578518023,27.7086578518023
5.600073938623844,4.199018324603323,-8.661531296261176,16.016796333683814,16.016796333683814
6.1384026298251015,4.172366905369831,-9.249299474433332,15.990099339233392,15.990099339233392
13.223822424039867,8.874932463018432,-6.5279297913230305,16.231381786343725,16.231381786343725
12.876965578321958,7.498883494073418,-12.83954088579816,19.91389955604956,19.91389955604956
5.021378691154254,7.416775776991074,-14.415389141376744,22.191906644585426,22.191906644585426
-0.5878185928111606,14.059002307913708,-18.392314905993395,49.38906338963299,31.6947568944125
2.709188774222735,19.702734180324867,-18.896803425579954,Inf,35.09132786681256
11.912816526740102,14.878615142157656,-19.252788788694957,29.73834718710814,29.73834718710814
6.714758514437314,18.65664813861428,-10.274702347852882,29.033041654759174,28.740454274397656
4.605568537001847,13.73301340065197,-16.001687988990696,28.19092818395984,28.19092818395984
-0.8040456264313534,12.983851728492596,-10.149503916494567,26.382460876163645,26.382460876163645
5.6645734923619955,12.931292834723095,-7.261617161105818,22.18596998660042,22.18596998660042
-5.737484594876179,17.589990232718698,-13.405282011040605,Inf,33.876153088712144
-3.1327182272177083,18.979444953251758,-13.992019620116745,Inf,33.874775680749345
-6.198813767093299,15.752682607097348,-16.754213615418536,Inf,35.34862716577018
-2.801906416816742,18.823713678266422,-11.692611578046588,Inf,32.58701222471738
-5.361378623178128,16.540093810519224,-11.652007727315876,Inf,32.355203921929686
-1.8374961552104878,15.927989935881406,-9.38120005103821,28.75844507863114,28.75844507863114
4.556044800221084,15.725227336636742,-13.238041970536756,28.435036725491592,28.435036725491592
3.23600629552395,19.26128836627342,-10.048579339348418,29.516313787675482,29.516313787675482
9.785890166890859,15.058597872383416,-15.001648520425874,28.362493409732927,28.362493409732927
7.979298836632278,12.94209031502119,-17.07907694606215,28.85744685229193,28.374945946097558
8.380790140037266,13.927049748097744,-18.11068044186044,29.364922102879937,29.364922102879937
7.602897731875366,12.922216023675674,-10.691256435595777,24.312754650050877,24.312754650050877
13.390538584032463,18.590239454282496,-10.900754381224225,26.955174836198477,26.955174836198477
11.999295097648172,16.234449339257104,-13.97322548437887,29.387846758417524,28.50371336062388
12.834811255002776,16.24363015730195,-9.897623319249105,24.343340234925776,24.343340234925776
1.71356911977049,9.855356793583674,14.549882022764521,25.33160715182701,25.33160715182701
1.7030891508805368,16.858194644074693,16.91977739391219,31.097219739932775,31.097219739932775
1.529504524898499,13.218518462539102,9.596880360156366,24.898697266460804,24.898697266460804
-12.175020758288646,9.26083621650367,7.8382300731199805,68.13093170260399,32.71262795381692
-13.824061110132195,13.521978451757526,-2.6287517472965476,45.17126672778955,34.83264407886618
-15.640170553681143,10.344591242842984,8.884157750450548,71.90925841794115,39.53936175551475
-19.960959103189442,2.8711589256842984,0.13013239733227877,39.58520089798314,36.04397126810479
-13.277122626555666,3.208028672427954,8.029354302039504,Inf,32.410409292671
-13.533640132902729,8.153743076921629,2.1872298782288198,Inf,33.303093977459994
-16.182167410773822,12.460117761291507,4.731181365225847,Inf,38.70815781952268
-15.05889546616002,10.778778348275388,2.225432829710641,Inf,35.906453606870535
-17.063368762349185,14.454213241811331,3.3404824512343545,Inf,40.373073727090265
-16.612878195809778,15.799355737018999,-2.8114041139223716,Inf,38.376536512787716
-13.667941874662075,15.411782508125533,-2.02534664768865,Inf,36.24935642770368
-13.423670503978142,13.695051415342505,6.2246165615282045,Inf,37.59372815580164
1.2919572509709987,4.649369686971639,1.7868748605081137,17.91769594713056,16.977862877437726
-1.6513108246294195,2.9047939083812935,-4.5405390478288865,18.46227416544507,18.46227416544507
-3.5727350026787796,2.204273745860334,4.640544643227599,21.626193026143177,21.626193026143177
-11.929425796415156,2.458080541719518,8.447117063909513,30.81252485694696,30.81252485694696
0.48246484602385564,4.532180913298305,6.432426561643403,18.9326253707293,18.9326253707293
-5.525727923367825,16.40261345791715,9.4093587289629,30.895927643567244,30.895927643567244
-12.0,8.0,0.0,31.555900570830605,31.555900570830605
-12.035486539947557,15.461659646812535,-4.069986497094771,Inf,34.93703487660945
-3.9091544091913732,8.387328742146309,6.219214611933317,25.70676110745008,24.78018416056184
-7.098462923664446,7.684853972795203,-4.609266241178123,25.709698786407476,25.709698786407476
-1.850262261079525,5.714086283237265,-5.633100852508726,20.39018187043535,20.39018187043535
-10.14130295572901,5.65578701901698,-0.07366560239645992,28.973061136437305,28.442298607219115
-11.851524919887089,7.3429396108673295,-0.2845569862375825,30.8402651264943,30.8402651264943
-11.254356338386806,6.4204556742285845,1.128152448144597,30.250052078109267,30.250052078109267
-4.379282124890018,5.182387554728862,6.75857276732885,23.84848985556141,23.84848985556141
-2.0448128786721824,12.563833742416776,-0.4317887042805708,26.78872994530309,26.37708592131328
0.8240533138252033,10.916734890648385,-4.444060164777941,22.78991047943931,22.78991047943931
-9.432815572147062,9.563508373695822,-3.7883299387096585,28.816543014593314,28.816543014593314
-4.376742473575863,12.086318029341847,-2.1781164329876113,27.82919071196845,27.82919071196845
0.8448011257488908,12.346180595228716,-3.3337360260862425,24.394987429691522,24.394987429691522
-4.73456768830836,9.683014149247438,0.36622930048958224,25.897345890803294,25.897345890803294
-5.941816291048649,16.286754849923504,9.334009880163663,31.134296468398794,31.134296468398794
1.2090230209877646,16.334802031959008,7.681983638005363,27.38636842249799,27.38636842249799
-0.4311004558834064,11.675866616200288,0.4499135802056031,24.335039810381375,24.335039810381375
-2.1000176094001155,13.748711622635582,8.045821951917517,26.353030038635904,26.353030038635904
-6.756501766622645,12.304219512839168,17.482348638163117,55.42159092600602,34.30218380920617
-18.676073583183907,14.037965591709494,12.94814375297041,74.35053871167251,74.35053871167251
-15.49652121483195,11.378847478397045,10.978956622795188,73.1690365296356,40.74804014376261
-19.321684645471436,6.6677229161943,10.902217548533429,Inf,39.66656902907673
-19.599012854903428,14.001519428259314,10.530960080471843,Inf,47.07440860401025
-14.717194330351706,4.060397989327491,10.255865533766144,Inf,34.50178570824555
-12.538013775532066,4.616139155811414,9.822471633048657,Inf,32.5819322270335
-16.597839786110047,6.596522768593598,19.53431160545363,83.03197884441862,83.03197884441862
-17.08584292744967,4.563708528824897,14.09145475640485,Inf,38.74226979838305
-16.84333052791515,10.23246925679149,15.881742152223921,Inf,41.89824455359661
-15.637511077487218,2.1464475186779453,13.229171166290897,Inf,36.871819620436845
-12.660879940200234,4.5955633329767025,19.65407550277603,Inf,37.15101188281338
-7.690305437091984,7.423220805011887,19.533643655513714,Inf,33.889670689970586
-15.317730911380139,2.3271665439978584,11.127315390316319,Inf,35.13470175010753
-16.295395063893523,5.028876984667782,12.37568826440365,Inf,37.22379256879561
-8.010306567123795,9.403363939806255,17.843941104648984,Inf,33.34928078610365
-11.358823949329171,14.621292934111281,19.956119651871617,Inf,59.80859581304805
-8.238516055898115,16.461446696279907,19.310967731903837,Inf,38.40545038455471
-2.178409864672588,15.619390209123537,16.028932829490344,31.462417957930704,31.260274256290664
-0.7254226677190161,3.0696021285368857,16.789889451805863,26.657671530903666,26.334632882316484
0.0455950483473373,14.205784396575574,13.326584325002912,27.687876040543692,27.687876040543692
-3.8806247118168535,6.387196499955721,13.28526007617512,26.49850630648214,26.49850630648214
-3.574219170598411,5.663168361517439,10.290748476123106,24.644233359247256,24.644233359247256
-4.558439481603971,4.536419910055017,13.888413998623783,27.206370516226258,27.206370516226258
-1.2451686788446708,13.513600371930615,15.852231310199862,30.213511401805093,29.69290783787562
-0.6153257863401791,12.804070218569102,13.364462886428647,27.159007077607914,27.159007077607914
1.1235862673017678,12.92606102164953,13.510184596267614,26.31039615374757,26.31039615374757
-6.2159792546274595,9.761365078107069,17.59466895796389,Inf,32.449128067680704
-4.038803642885789,11.316814901737313,17.97816020715529,Inf,32.18571128818265
-0.2466878731923856,8.266892427778465,18.389048280484403,27.962129556077677,27.962129556077677
-1.2578267064363402,15.654134686713391,19.919835190596864,Inf,33.67226646059816
-5.16522388366619,17.406431067526647,12.291351637249846,58.347501143798596,32.7404335291297
-3.0122416376581995,19.097220630306964,-1.9731004376345673,57.353575388084856,32.15704172997161
-5.598981367941347,18.970575125828624,-4.328790342945261,60.85450904155683,33.635283327401496
-14.240970320968787,17.847812792733365,9.881212777282258,67.74817987173537,39.5967010039764
-3.545501939315354,17.22105559513419,3.836317307336383,31.54033977743468,31.54033977743468
-4.9142792674340185,16.991402712195068,-2.1966922232074104,31.44327471654818,31.44327471654818
-14.166229837334798,18.094101245023246,4.3631532537554385,Inf,40.91268563904043
-14.27142557642493,18.429267291421716,5.013392619252166,Inf,40.759289139787576
-18.906203120570375,17.66125433344085,10.685513850238621,72.48591153880675,72.48591153880675
-8.784329804054751,19.034377600081818,0.9663375345340341,Inf,36.23562272447375
0.201074007899269,19.088372181798682,1.428707015749957,30.937717844073706,30.937717844073706
0.5909521156427644,19.396395257423066,6.9019578223472,30.605654833386993,30.605654833386993
-17.055783347682485,18.139969586485556,12.401462689575666,72.37690745680483,71.53766368723157
-17.904411779583906,17.421940364984742,13.426420381947317,Inf,50.14809279139918
-4.427830523157255,16.87131129529628,14.785251982290141,Inf,32.91194406660652
10.984382890919512,4.168170268436661,19.203201409674577,23.663822471361634,23.663822471361634
11.163219386818,1.8496397749840376,-4.337556392779085,8.589486873783981,8.589486873783981
7.688927686477083,2.895025662562336,4.389920318513482,11.265473634975647,11.265473634975647
6.505690495949956,2.8733612513124456,13.038856741275936,18.186151154832153,18.186151154832153
7.554595465485416,3.5764503401468772,6.519795471179393,12.903774710403344,12.903774710403344
1.806814819417255,3.2789313634154453,17.0216879772694,24.359226919290833,24.359226919290833
7.971299646830062,19.241396205955937,10.38354480188844,29.156286510122527,28.90943184565345
6.648232755233188,17.30991560303704,6.122975644974417,26.120690474442746,26.120690474442746
2.6303513624674153,14.982604395798518,-5.484797734246882,24.417790131304315,24.417790131304315
5.1241362290302135,7.790914338825257,8.807526794391059,18.341003871379662,18.27988422411587
2.221614974145531,8.429670046420014,6.527198078296756,19.333419654419117,19.333419654419117
2.2522767390546576,7.901076131049631,-5.96388432441584,19.12332004922517,19.12332004922517
6.5517242557590905,10.330052400298406,-4.434506205985249,18.24312271245389,18.24312271245389
6.403606833932109,10.806851654029295,7.328519335305881,19.802709979058683,19.802709979058683
1.7605938070319027,6.043642919790784,9.346603509234576,19.609791550292115,19.609791550292115
13.5756343326008,16.46307845948251,10.09112260529826,25.968683022346163,25.296120283716697
10.191021274975736,7.703426562166484,-2.1510671284996192,14.913466967148509,14.304864761664483
10.431139510221243,12.250977398151157,-2.723382017161555,19.50317498667943,18.713383993991524
9.240872339852054,12.57428756750663,-3.2190053432724213,19.38113917926958,19.38113917926958
7.741854410764635,11.158172227872633,1.1480661348357657,20.28170375707414,19.019838102091324
7.469667229992645,12.008383184982982,2.2225088267914046,21.626632092421183,20.204794824173725
7.00841719536281,6.427816461683289,9.358136041065777,17.399548367540135,16.96391961575619
7.239358608275506,13.098887954412803,1.9242128960173233,21.682616682909824,21.0305654646644
13.897121027392075,5.558026515219126,3.013890420256054,11.687370895114814,11.687370895114814
10.294731625562221,16.295090398386847,2.9105663898127965,23.2554873592203,23.23887574172913
9.502477946860814,8.960148573216735,-2.0462916208045527,15.7416737380989,15.7416737380989
11.559957736089316,6.616930780579846,-0.9927354108795399,12.712396612580516,12.712396612580516
11.222291560657112,11.30124090612437,0.8402352111205431,17.753880630151667,17.753880630151667
10.866736886322002,12.617143195163479,3.855049408129176,19.415365770009423,19.06780545359485
13.230522276567655,6.589552883165119,3.1684895919939926,12.556992084931387,12.556992084931387
11.06360927358179,16.75857679102282,7.998743003419477,25.676365344363152,25.277142597681017
7.200012639734908,19.34454579957459,-0.47410013610650736,26.966388643906377,26.84238758848458
8.564369823530676,16.651890146661955,7.1157460976250135,25.090946793600022,25.090946793600022
7.896567499806302,19.70945141234484,1.804996589370802,27.373095257230794,26.847241337986894
12.052911746367421,19.046258929105434,8.707593199334998,27.209532614621185,27.209532614621185
6.6607136551212776,15.261511409342901,14.23151072010127,27.69998311073917,27.69998311073917
3.5610176903576196,14.439084453728086,11.480616436031148,25.674960080334866,25.674960080334866
4.1924778945001435,11.712132527501915,11.293677704067182,23.076495997990307,23.076495997990307
5.454873665810986,14.012030553211083,15.167168182370688,27.078321807550736,27.078321807550736
5.106272858874412,6.045297021225593,12.904730709565698,19.982943258706648,19.982943258706648
4.509311185246894,12.659836921085201,18.48692453916867,28.658736552571618,28.658736552571618
5.002295479638068,15.857705800638726,17.99330826565965,30.996510641030348,30.483965932226596
7.112411183521779,8.192482245978923,19.912547538078798,27.055202166474757,26.898715835721568
9.95418195612519,5.17254826631909,15.872832473272098,21.265991497449726,21.265991497449726
10.935805059606352,7.273624919067558,11.388963617693697,20.136829294005803,19.216924781690913
11.205070495412947,5.8969573489629745,12.774152751447346,19.264051492645663,19.264051492645663
9.85248722956733,7.830436027781957,16.083894062823354,24.835400502561335,23.328803495009666
7.933757466481239,5.656091993902692,16.737770643467904,23.030212437878465,23.030212437878465
13.194965528632281,14.06640501567913,10.71715478017964,23.76008332213645,23.76008332213645
13.125708375683203,19.602746293727044,13.378185228552233,29.527340346976313,29.527340346976313
7.504548101253292,16.20104435255488,18.2055320099088,31.34734997020267,31.34734997020267
13.232190568976591,15.793687244959287,19.370399944078557,Inf,32.58411536365554
13.877366952437455,11.55409997029387,19.377904943478974,28.745746143242762,28.360972620481547
14.912199721054165,-5.708015719870376,-0.6035478102479459,1.3029445690166386,1.3029445690166386
19.255217860349873,-16.680772420055987,11.467365497687759,17.635815935952266,17.635815935952266
18.66237544098442,-7.540009663033409,6.2797028260345655,8.223385034418872,8.223385034418872
17.17928163198168,-15.751575421915325,-10.665250952813077,15.74000801637154,15.74000801637154
15.295668959129472,-19.737949051305847,-8.94922717305283,17.315126933158233,17.315126933158233
17.604962076179888,-19.499363471948598,-10.162090745214298,20.30220123716085,19.54530554784734
14.41719265850108,-19.871246941901006,-14.777936132519134,21.483034338760078,21.483034338760078
18.272930006979195,-17.787238726326304,-14.927139994005652,20.540302733596825,20.540302733596825
18.628826220446008,-19.810123561364836,11.175023891243569,20.84060433255676,20.20227807417819
14.672502931051177,-16.39748185901862,-4.487682970436584,12.483293961966009,12.483293961966009
18.655363764288488,-16.68576228189921,-6.684728294886293,15.49368179553641,15.043966402271103
16.748974286356805,-11.97513503549021,4.110327753725407,8.550097229471678,8.550097229471678
18.0192984898695,-10.651321886934095,-9.235355208970972,12.404508733431225,12.404508733431225
15.187787990549523,-8.843489875473,-14.226195973318108,15.650394834223771,15.650394834223771
16.713606798506703,-10.763854668292643,2.0487856631135344,6.69202549214214,6.69202549214214
14.097432144820779,-8.992602391359226,-4.991783513511594,6.392829539734181,6.392829539734181
14.15955326159552,-10.33678325292974,-12.520838901472224,14.041185981267276,14.041185981267276
16.805808089324366,-14.987333815022295,-1.8302656367233006,10.852621714825768,10.852621714825768
14.266365329616065,-12.10872239126421,-3.9640994016225477,8.143645902839028,8.143645902839028
17.23733087521026,-12.787384975831921,-10.503374565691663,13.784512354018771,13.784512354018771
15.829762916971177,-7.942724221491462,-16.292160538080502,17.602012181142904,17.602012181142904
14.569364499658107,-14.592576809880624,7.639661633276241,13.454982334949902,13.454982334949902
14.078527553623147,-13.266608010203669,7.142408489611213,12.79187772658759,12.79187772658759
19.607211796355514,-5.885729027577202,-12.16215923648952,15.954451887208258,14.122237936573253
18.688705196906966,-8.704774838280152,-10.174704867774649,12.3191699239935,12.3191699239935
18.928476536258465,-19.47268783139471,2.74103226368166,16.47717097226958,15.70471811831957
18.887154696794283,-7.151287488047426,-7.284970641226316,9.032337246258976,9.032337246258976
19.274936480351656,-14.405899473017811,5.385216787606435,12.255897592326553,12.255897592326553
19.47660642297827,-13.282025719611319,13.342375154054707,17.362042534239,17.362042534239
17.039131453600717,-15.375556412865032,19.653189493920095,24.443746610391017,23.998862670395216
17.737988119804555,-19.657389053786332,14.276102096571933,22.00058786031519,22.00058786031519
15.515917720818763,-18.41672746159759,19.109177337945383,26.040073670545034,26.040073670545034
14.789672249259993,-16.001055014059293,19.39154140014955,25.483180664188993,24.643071753936997
17.545435192240653,-12.012121442939705,15.90086770505819,18.972694118858403,18.972694118858403
18.575709367984736,-12.645125672401383,15.297020764291922,19.606568460899606,19.259723384158356
17.387295656378242,-10.692917456488757,13.93255359913774,16.597916720819534,16.597916720819534
14.508046474784955,-14.793442111987503,13.585433601784736,19.40446223417355,19.40446223417355
15.520873638536266,-9.992688142594632,18.95506986922578,22.001574919116408,22.001574919116408
19.779122414144943,-17.71654213312896,16.13678248802961,22.447338554593856,22.447338554593856
19.484652227519852,-10.742763987702935,18.9843667857065,22.068036073738167,22.068036073738167
15.453838678092637,4.0423648511618,-10.22522912484841,14.871834296202412,14.871834296202412
19.309375228999563,8.947782116071554,-10.543875848276087,21.101554930705056,20.8361360372137
16.2729503138505,-0.3988990529185088,-10.752517004760973,12.217752208044804,12.217752208044804
14.584806130536009,-5.232146736973666,-11.556140354738087,13.511028184351131,13.000774185159
17.862405869610797,15.150399635849155,-14.728418950965754,29.0112891552948,28.722354455815896
19.299505399799834,4.026196376311848,-16.67490912106701,19.841429871020093,19.841429871020093
19.125426175493928,4.709913279710392,-14.779492918696562,18.649854405397598,18.649854405397598
16.69880203829174,0.16589288266914082,-16.10626320124937,17.489975017343134,17.489975017343134
18.33312999728321,0.9877376781694558,-10.712565971163714,13.0800950533894,13.0800950533894
19.32131319781992,8.72390650416979,-18.565906393729694,24.905502018082302,24.1713976983035
19.345588020812357,12.459165245548398,-10.74911041748896,24.486144323201366,23.42666415990788
17.93346641678302,19.50823559139161,10.121355398261429,29.35801994398468,28.508985629427908
15.488400465055435,4.31186916574778,11.818503285137556,19.175674626041626,19.175674626041626
16.05974957330335,-4.3592959027776335,0.4448361581490623,2.202487060692452,2.202487060692452
15.0619711681314,-3.842464706467119,-9.903780756736564,10.789621802322403,10.789621802322403
16.692372010839435,-2.1313668215675285,-6.3750219598246005,7.491250118998901,7.491250118998901
16.628421680308065,-2.936764646336975,-5.917009372731128,6.795332263481049,6.795332263481049
16.714292843843936,1.6018183855347523,15.89774872481236,17.99148444587768,17.99148444587768
15.550328582226001,0.7596233153437559,19.38207479490022,20.833235356534345,20.833235356534345
16.49981202441846,-2.226446484688278,1.227618397328321,3.930484218157362,3.930484218157362
16.22459206379554,-0.8960557442648138,12.634673431753924,13.853025506795365,13.853025506795365
16.99622190281194,1.6860570185641706,14.993995962303863,17.434801844254945,17.434801844254945
16.57571767342108,15.187147994637527,-10.127390310464568,24.233592900110743,24.233592900110743
17.425373108563733,10.782992390258936,14.810209023239494,26.543708559836144,25.732039155410117
15.328380479519808,10.314039312798464,0.5140122776074563,17.247726286466666,17.247726286466666
15.510778003786442,7.4240954265401555,19.30908672670921,24.766352611563043,24.561489952597356
16.67556937249101,8.084332624883572,16.78648622028156,23.756979526512715,23.756979526512715
16.324175594884444,4.771474310135719,-5.502708500981051,13.641253691485222,13.641253691485222
15.72638549279219,10.237111990010568,-1.3039386676218072,18.311848036512767,18.240658519178865
15.72038604896646,6.765023739528566,18.853497041295114,23.733315464533273,23.733315464533273
15.126842989378119,11.620480560544184,3.8675673881346313,17.931914875339096,17.931914875339096
16.573639735753957,18.548270283662667,-9.55032151693577,27.643894316711823,27.643894316711823
15.942005827849712,10.617136579361883,-6.817343788128696,19.472917943985404,19.472917943985404
14.747022037431243,17.593218347645667,-0.5104400408706127,24.62159417329389,24.62159417329389
17.340558769307826,16.631459262460226,14.31102822813741,27.933301505677303,27.933301505677303
16.473400508881127,10.51146010955221,12.451272567696101,24.172404538755224,23.769609572379913
15.108383740270732,11.513084782417266,8.502871533240377,19.876314049395084,19.876314049395084
17.395095573776224,12.862311180515455,19.821529633401482,29.46296634317613,29.46296634317613
19.090103403943353,8.717129225303452,6.730804214999779,17.228163590229165,17.228163590229165
19.552821855765103,7.19986621036071,1.1316533581315653,13.83934133408597,13.83934133408597
18.806796855251136,-4.077409707293693,0.782620989134017,4.956709036092518,4.956709036092518
19.269670054005132,0.4372603774586814,2.9933627910303713,8.142078585292928,8.142078585292928
19.268859348131706,-0.697494259024154,2.4265479151611586,7.222227444916003,7.222227444916003
19.534412052941306,14.248732254887486,15.614958168186945,28.688536812193348,28.688536812193348
19.708631808769354,14.726889556247748,6.924595432920828,23.338737897702387,23.272777031890396
19.303284787973702,13.908865363245233,8.838962495502656,22.835649815282295,22.835649815282295
19.73374899363258,18.80901882122079,10.023556471007346,28.463966646207478,27.895300616559528
19.295220897696495,12.992185848632204,17.372761885991643,29.351022477328794,29.351022477328794
