7.0,-10.0,10.0,0.0,0.0
-16.670267010017675,6.431553181653751,8.501065579781965,28.853496922958243,28.853496922958243
-10.427619903384455,4.0156261995531395,5.162492289202596,36.33369863797689,24.448834380380568
0.9878347787815756,-19.174960840443607,-0.2724596687318481,15.035339275634406,15.035339275634406
-5.0440491579026325,-17.354959574865294,-12.216262248022884,136.1936195192159,136.1936195192159
-0.7303815264802154,-17.442870294611204,-1.1412372887054367,15.550565625349195,15.550565625349195
-8.940461194910618,-19.631754572425393,-10.482770112901063,Inf,72.48141228610154
-13.888912476802817,-18.777783480688115,-9.386891220404499,Inf,33.11848560999078
-17.8621376681087,-19.341304676746933,-1.5816598892093836,Inf,30.510137999238815
-16.88739705425167,-18.280406503265702,-12.928320404968536,Inf,36.66282484206108
-16.517236473266497,-18.42220559517532,-18.682498542318733,Inf,42.33636955692216
-14.192393295118633,-17.494255318027136,-10.19221398504861,Inf,31.63676210535911
-4.4456578070804476,-17.626575158233937,-11.731318060514253,Inf,72.26481127121133
-7.006515921669756,-19.962496675802043,-13.404821662738797,Inf,72.91813786934466
-6.615871642464608,-18.824481057637,-17.412859327600785,Inf,33.12204644951472
-3.6617765471618284,-19.295502932706647,-17.52169893926216,Inf,31.3320250952695
0.7594858514371978,-18.443790179059594,-1.9072606179790697,15.91242880010311,15.91242880010311
-3.075070889202813,-18.945540863512818,-11.048059484932136,Inf,25.837638272584154
-2.663817110529898,-18.0725192536314,-11.247771053414786,Inf,25.034927032321967
-0.045938879557674284,-18.63871492293881,-4.18400837035974,Inf,18.335295899439135
-2.385746645815985,-17.855578838599577,-7.891868872726464,Inf,22.26439202460039
-8.232853309134294,-18.877731120254772,-1.456108220978713,Inf,22.66090215462348
-8.683412255131184,-17.480151669103368,-17.23251886482136,Inf,34.31398159912391
-18.019518921249986,-18.749149959735156,1.2795488924982834,Inf,47.77824169650928
-18.83989979675027,-17.41896200974849,1.4772439135027753,Inf,28.341492338094326
-7.3497091825231475,-19.71599335338003,3.5974509055660953,Inf,19.73134302844212
-15.599523493958385,-19.828855953511493,3.5354858160944787,Inf,26.531604012380598
-4.639005941672725,-19.57540144891449,3.710619663391796,Inf,17.419383543459293
-4.784841317723805,-18.76972531746511,5.110034702920903,16.60694226930527,16.60694226930527
-6.538785620730767,-9.54609769649446,-7.426280045051001,145.47567157862434,22.99384175232975
-17.471785883038827,4.0624786968172515,-9.975338100110758,55.983517311764196,55.983517311764196
-19.829053707367574,-5.9258934305850275,-19.113410034097686,Inf,69.72501097227294
-18.11158871827714,-13.960632588530615,-8.608412232849991,Inf,36.869047192059256
-17.7140135598348,-7.468820181360973,-14.687876925425867,Inf,45.771944770082314
-18.7220633418232,-7.836568287449666,-12.670661201387299,Inf,36.14061087214194
-19.562219129936878,-14.470309740501088,-15.8904903031324,Inf,40.94999882111431
-19.11239682905415,-10.550565414764614,-11.23009956194382,Inf,34.91337820489572
-19.898978884395355,-6.772651267313581,-16.732063662141528,Inf,40.50089063017395
-18.536240870657092,-15.597267486225839,-7.674591492322325,Inf,34.78807276246679
-18.728322545999767,5.978682147492211,-17.038744909492564,Inf,63.40931260954644
-18.141463302711127,-4.883650414266878,-18.650408444616122,Inf,41.58092512960212
-19.740293706400188,-4.111296270022393,-19.18377266382705,Inf,42.43549309988294
-19.295095169241343,6.233361831357918,-11.14459276273113,Inf,47.73735407337965
-18.80527924170383,-1.3039782085961704,-12.681964375582515,Inf,38.67943000781651
-18.829330803216926,3.988744345313549,-8.43596838016869,Inf,39.85017760381786
-17.951074888544845,1.4970887973900382,-11.657179301335843,Inf,38.102126779989106
-4.581941418279518,-16.138038014855187,-18.301617548777507,Inf,142.41664055265773
-11.891988364625847,-17.33181344515657,-8.419182981558402,Inf,68.62301201608946
0.8978536825901884,-16.892813661588324,-9.938561780966673,Inf,22.163213136943753
-12.08086670078428,-16.30613258319265,-8.739367796842252,Inf,29.98840984871432
-17.14918213549734,-16.53406804752482,-13.761267909407593,Inf,37.12698510307949
-8.569427563217031,-17.042557354870898,-17.79393524865486,Inf,33.91126197433655
-7.040056023397145,-16.768418875763764,-10.630901135419037,Inf,26.906276254025574
0.08593358232233328,-3.096802050728755,-19.36255433127367,Inf,131.5091843553183
-8.239197392088027,-5.2231368117407495,-19.52578626998429,Inf,140.10312116697742
-15.640543312816861,-15.687395535087383,-19.773557229621026,Inf,41.36499076893044
-15.452469934765665,2.2993666639008836,-19.89558322827035,Inf,42.19213786704924
-5.0763247362687025,0.8747586704917438,-19.713251100916985,Inf,34.84153053031846
-0.27297353184408735,-12.563140181555132,-19.52590581096448,Inf,32.13746918669614
-5.4420954020991275,4.057618918024115,-19.898623479847952,Inf,38.05069715955016
-16.251013195899795,-9.839686928415965,-10.247817385245552,Inf,59.764289703878816
-17.338392672048037,3.5764227918651343,-15.481900113283835,Inf,41.0710617180752
-16.953814810277883,-0.16101232572802715,-17.56813543122628,Inf,41.51163212203518
-17.346892333751775,-4.391550859263171,-14.547838422714623,Inf,37.21066783454588
-17.20229986703103,-4.425638888509065,-16.23796860993279,Inf,38.25233603728584
-10.149872177093888,-11.097481239330342,-12.994443358955312,Inf,63.50338361925338
-12.87223485311725,-11.828602306035254,-13.50569247311296,Inf,33.50115293244761
-9.20145955188227,-12.614301378440063,-18.48630910398665,Inf,37.30248043948425
-12.533078090613605,-12.713951007689026,-18.43636562717868,Inf,38.52214958503526
-14.652173431498614,-11.106416246225974,-17.688243205473544,Inf,38.10370273408617
-6.531052435004385,-14.377629714418667,-14.971856739957259,Inf,31.95372395585791
-3.739789396783941,-11.148493119795466,-16.52374835124202,Inf,30.010332582003347
-3.379040982772004,-15.191259293246056,-8.47289348906135,Inf,22.373345581916283
-2.314917447886895,-16.060365981622986,-12.442434187871827,Inf,25.21466218839015
-5.0642715649831604,-2.4784736584559575,-13.67558511511315,Inf,64.6769054293992
-7.62057774818933,0.8528844769731592,-15.8593006209564,Inf,69.40990254953863
-14.010062419683527,3.6808309963821095,-16.619873118896642,Inf,40.408977969750836
-8.226775018985757,-1.681657130921856,-14.84803265823265,Inf,34.74864430256337
-13.959836403156682,-10.605419747081903,-17.760508057007094,Inf,38.059936581308804
-14.400052444468772,-3.673184901288728,-16.248626188355793,Inf,36.97311220210927
-11.354376812450644,-9.429295822463644,-18.07495905824302,Inf,35.22675766063226
-12.51263574643482,3.8297614741777686,-14.33390414138561,Inf,36.99858239830697
-15.091737910310421,6.273646732816147,-19.32303289586863,Inf,43.12359250914818
-0.8377801547867421,-1.7044933338116586,-19.360369776888042,Inf,35.527267731582484
-5.519571140176378,-11.06957911809034,-19.319436482391346,Inf,36.79199324234061
-4.041264292479516,-8.03810356229432,-15.213554474357283,Inf,31.3096881993957
-5.823961023378956,-9.580209867469334,-14.299522503136668,Inf,29.877294612105725
-5.50650126626004,1.13309359610615,-18.019008881008567,Inf,37.46222899714286
-7.085069751385644,6.158768635021108,-17.000172934456437,Inf,36.976691443094616
-6.239674620515787,4.441688774204337,-13.166192875359295,Inf,51.43802191303594
-12.95180044148549,-7.10798647882422,-12.438415752422891,Inf,46.263252891645124
-8.29559305130477,-10.49210682118125,-8.836432797148293,Inf,25.43716661741795
-9.211319603524357,-7.665714051197554,-7.8080936269324575,Inf,26.28383600065235
-10.57421378114511,-1.9058933323296472,-9.826410467430371,Inf,52.48727351267616
-10.754845857498854,1.8705795838091603,-11.562750692043178,Inf,38.13815706008259
-11.681275010020826,4.705991428966332,-12.371372493963593,Inf,37.58831372894235
-11.169250525485426,1.5351338772378043,-10.983560342932908,Inf,32.27477066758425
-11.531447369741628,-1.672686498181033,-10.240163174158177,Inf,30.80370040101742
-6.885053749499974,-6.957745187466857,-12.732840931436291,Inf,28.908151413558613
-10.44829513124534,-4.793938009911258,-10.860517645690617,Inf,29.858244872460244
-15.406371353718393,-3.0861312394662654,-9.683163838454245,Inf,51.72142575799507
-15.973956522984878,3.554968093454871,-8.719162475866744,Inf,37.67814390419714
-15.528656082323815,3.4494917988058305,-8.730768512444689,Inf,37.27687603882373
-7.533901811462584,6.078681195028359,-8.21114761361116,Inf,31.867922382385345
-11.278570760342577,-6.320457566383633,-9.519998432650949,Inf,29.097445122900325
-8.536483284609728,-2.3225505115108724,-9.719931570514628,Inf,28.34124596879959
-11.42859131292747,-0.36820160073727237,-9.290577532394604,Inf,31.64671617031401
-15.029896409401093,-2.132720289309571,-8.40456739686112,Inf,33.1182024994839
-10.50125682913249,5.412189298813406,-7.727507582395345,Inf,32.06443473305651
0.35060370172331545,-2.837776848513194,-12.542115440146686,Inf,25.112210979798434
-3.1020950756393795,-7.093970428946568,-13.04334096478871,Inf,25.982691571946624
-4.2525350929638694,0.7332637997996301,-9.304015713729674,Inf,25.23018413533554
-5.34466040546949,6.19022091200118,-10.092529316090975,Inf,31.13375245822212
-4.65704665190084,3.5487458223976915,-8.978086205102649,Inf,26.946006552195225
-1.5302567471296946,-1.1212898830591023,-7.458952046840421,Inf,21.54673463565907
-16.286595007134068,-15.181224425299531,2.8057412071353056,160.6897670163603,160.6897670163603
-18.744575018377425,-6.578023037702794,-6.104752916759164,Inf,53.931512913315466
-19.652600204673945,-14.637407155208448,-6.89150755484512,Inf,35.19186085325822
-19.221248335970166,-9.334755898210627,-7.354684208265807,Inf,34.05031648740594
-17.06851909245738,-16.405599517758887,-0.10732363163338476,Inf,27.130513371483378
-17.96362672525231,-6.8285207067085985,-5.0255806350891685,Inf,31.459330408964206
-19.587874931305187,-9.953252222727826,4.455376592072415,Inf,28.70919186859068
-18.86880592070238,-16.91345629089385,1.641281410570965,Inf,28.1612469873837
-18.43863160607426,-6.90315308240355,2.4168028081375503,Inf,28.114373538772746
-16.305580570203013,5.576245712368795,0.42830249775344953,Inf,36.979630741999244
-16.347970967934067,2.8177777328789766,-2.0882283752142,Inf,40.307174507331005
-17.723256880084108,6.06002740002517,-5.7443024322600245,Inf,42.23247393038921
-17.679113032671935,-5.845270395449225,-4.866054416452084,Inf,31.948254971362708
-19.823472175602017,-3.456916411458675,-6.401108693336823,Inf,33.8162663655406
-19.142314351526615,2.649752210672105,0.021799208902415046,Inf,32.33515426210362
-19.694804812795248,4.5257902132726535,-4.253426691550715,Inf,37.03646480246357
-17.09324235865264,1.462851881972675,0.043293002339535036,Inf,29.613525739900098
-19.427305072125733,-0.036804296459855834,4.151490629983449,Inf,37.12149000377873
-17.575962261284374,4.1314447199627935,2.6928931733842276,Inf,33.576412669835044
-18.680843048447045,-5.039812949020224,4.75062817903984,Inf,27.62307687577971
-17.1001986237085,-5.959447903761372,0.8533081006923808,Inf,27.517984291016255
-14.512751921839664,-0.9916715997131398,-0.9791679046955366,45.24892857309678,45.24892857309678
-8.737436690581717,-5.932065957718189,-4.907773017178716,Inf,23.230679037780003
-6.748776849504354,-5.726010590945645,-5.80132414295039,Inf,23.26579672768391
-11.641841135015074,-10.769398668682078,-6.476027990652238,Inf,26.286448241131602
-15.0313110366353,-16.151903774562744,-5.595028737413035,Inf,32.70797665055478
-15.542181096182919,-11.798386513548085,-5.993535073623324,Inf,29.535745803738592
-12.856358164508483,-9.01196664198773,-4.93237366481412,Inf,25.904124216287183
-6.593319258932349,-4.359364385075013,-6.829315664772402,Inf,23.82665446170667
-4.643008351018043,-15.797232275134094,-6.020828637497937,Inf,21.281633443287312
-2.851410243734655,-16.96050389449369,-5.254547185450376,Inf,19.93516246980088
-15.473595337250856,-7.87693015618359,0.9850200557757205,Inf,25.76381235669233
-6.8322253120915555,-10.150759801208578,-2.4707447727934166,Inf,18.932436510393313
-13.338038393022407,-13.733564981739699,-1.7372400523749505,Inf,24.663335311563827
-8.879888711260131,-11.937987300806823,-3.82548317737319,Inf,21.48385136074291
-13.644411467096393,-12.74417471654922,-2.796213100072098,Inf,25.17461679010463
-7.628929788804566,-13.668246629906458,-2.7696524487331615,Inf,20.282601201835497
-9.933262461940133,-14.045867271350456,4.345876191396485,Inf,18.394884480446777
-15.273302227781533,-12.772538452053945,4.648191437650631,Inf,23.354855384349165
-11.636432996876414,-13.317982835828879,-1.0680793235621522,Inf,22.208345143595615
-0.5361228910359443,-11.62460556663338,-0.7485542290017406,13.777325225624693,13.402915319862043
-0.46468083213056843,-16.862191391271946,-1.1724627757280075,15.20551599669064,15.20551599669064
-8.59085431785168,-14.43578789674925,1.0117003328305003,Inf,18.624792386001197
-3.7264009036749712,-11.92038144197249,2.559020458076695,13.45036003496853,13.45036003496853
-4.588677631138047,-11.471559124319581,3.4890452631130664,13.614887125067945,13.614887125067945
-4.635505337109365,-10.249655124078334,0.8689954408540856,14.93378378378332,14.93378378378332
-4.578161852263802,-5.746656140039148,-1.527987691810715,Inf,18.620096220497043
-6.662752633652049,-3.024673296409233,-4.511314119085581,Inf,22.95607496066772
-0.849982548834074,-3.6037823936971662,-3.1301428249209167,16.95346739817116,16.95346739817116
-12.701482180542252,-6.994146798740637,-1.3923835531622508,Inf,23.588077667029683
-15.16414509007026,-4.422255786315841,4.49246600642331,Inf,24.240939204502546
-14.27726153768452,-4.759925890531491,-1.0131812089139025,Inf,25.285535108093313
-13.090530749356555,-3.6795513291225923,4.527224521912238,Inf,22.487158256953045
-8.589440704608187,-4.112158177327556,3.191480647721203,Inf,18.84732887463401
-6.891149145275266,-5.655318985283246,3.642538775553721,16.50874106691849,16.50874106691849
-6.651954744305115,-8.741344480960693,-0.9697496077904866,Inf,18.051804399789084
-6.7749101469121165,-7.150023810380679,1.0407835841687714,17.17957893247786,17.17957893247786
-9.753992641441425,-2.345351416544979,4.178153607230151,Inf,20.48870846733695
-8.99358383538237,-1.959013282211906,-1.5160793484922124,Inf,23.194116780104597
-9.932851394940059,-3.0527055635371347,4.314783504405007,Inf,20.13159086846424
-15.322507239995113,3.0319453249367783,-7.317827738949658,Inf,45.19196483639767
-2.4081055565102787,-0.6704462169003378,-5.864916309121577,Inf,21.112383441862708
-5.2012362681189295,-0.8011323324466524,-2.795728405778817,Inf,22.139996998891466
-14.041593672150423,-0.9251106012612453,3.853029791420788,Inf,24.961859098233187
-10.513091713415337,-0.8390318426281169,-2.3314266443382614,Inf,24.994219995386544
-4.149229303660338,5.819694133393057,-5.301336304494075,Inf,43.184245245776424
-2.823117890489666,1.0156189635897945,-3.109294088313881,Inf,21.35953159610915
-12.680609762022756,2.4294757076528057,-3.943503838214653,Inf,32.07712628612218
-3.8316907557829616,-0.13686014601454843,1.8623399916479677,Inf,19.25209337628148
-4.223519254978134,0.396632444041785,1.0230007113754453,Inf,20.103369426444246
-11.471368943713447,6.411217534513376,-3.615390421387474,Inf,33.66376402937068
-5.670098652628344,4.043635747163528,-2.997640575709113,Inf,25.994157655074574
-12.766957032733481,5.060471603384727,1.6759835489251813,Inf,28.852913816508543
-12.219714085577094,4.389157586671502,2.2830245687699247,Inf,27.906586049697655
-6.904855481784926,4.253595656906537,1.4472381225671853,Inf,24.228000366880465
-9.782790134714237,5.735197813108563,2.7287262857461947,Inf,26.35824847033325
-0.2787627863087323,4.569646613800302,0.4081295735248247,Inf,20.542927287152803
-1.0496104417549468,-0.9550570993916274,-2.5889177993641965,Inf,18.681423703096222
-1.0983777072863106,3.415868335481562,-2.712126820227443,Inf,21.54021836531231
-1.2863425851057357,3.5066729241485888,-4.259124358969357,Inf,22.39891792585007
-0.4784019225687075,3.6202341649285863,-2.031750039374465,Inf,21.045144475678235
6.647728799007055,-10.821909496538602,-11.690006087185942,118.79688959501374,22.562900539325348
5.048096058671597,-10.825627860502953,-1.5644368330599505,12.23494717461253,12.23494717461253
3.658193151174647,-13.834783992136375,-13.4027067201888,Inf,24.968561287431573
1.2826749251788243,-12.84635173362723,-8.896996964735147,Inf,20.477511424668606
2.32218330197729,-16.869635858473142,-6.5807937317285425,Inf,19.26137450181839
3.5135581510227887,-13.777848303071627,-12.571681671531758,Inf,24.126565905086654
1.869515584881107,-18.828540983826798,-18.148084181687345,Inf,30.65364452565179
2.183524521415059,-13.995712939030582,-3.8270797621829367,15.278712097045062,15.278712097045062
1.7448910753831548,-10.933858511664667,-7.118723921004495,Inf,18.585297622433906
2.320194578762205,-11.596016302741665,-1.9809696208560652,13.373201469255433,13.373201469255433
4.848900381451877,-16.717353986730643,-5.624760084246203,Inf,17.359180889272828
5.193742007230028,-19.12426216111541,-5.651670272180258,Inf,18.6877916536256
6.2320404324647605,-16.784638793205893,-4.41319607899203,16.427036537641662,16.427036537641662
5.63250144683046,-15.937396881796246,-17.379815914717753,Inf,29.356085506916045
2.757907498421332,-19.555655938812873,3.0885345449928714,12.706259623000062,12.706259623000062
1.5046317201593524,-16.937841910941582,4.604915693130369,10.673957728505908,10.673957728505908
2.741198633391697,-19.092761628560588,1.0297066939190884,13.575338479831135,13.575338479831135
4.383746838453586,-19.30620841245816,-0.9304305316725987,14.927515024221016,14.598526705048528
5.23951565766054,-12.079341409125357,2.2892717452792795,8.177915139781916,8.177915139781916
6.546434892894855,-15.892619940859296,1.2858492028018098,10.91588931581759,10.91588931581759
5.79590651253211,-15.058913438271402,4.21790827228638,7.776569362526116,7.776569362526116
2.3711395210551522,1.9741058336389194,-14.188586449179361,Inf,92.70967232032629
5.281639431340324,3.3843552796853693,-17.861486367862316,Inf,33.9630414332338
3.6270066910588454,-6.6334793263732195,-15.629041944449318,Inf,27.12820192143686
1.2114922398849615,-6.087178939011695,-18.649388880538346,Inf,30.663243329300936
3.906305434529731,4.169376240759036,-8.522952678215017,Inf,24.322542694759278
3.367704337817649,-0.5118365633306325,-0.5152520906680635,15.199949192546072,15.199949192546072
3.348203307063038,-9.675602468594686,-1.357488441868007,13.339737786167468,12.937524699851805
1.6993819159535128,-6.531631321090394,-4.721115804728262,16.35825194214149,16.35825194214149
1.6712073475317801,-3.2521631727471316,-2.295567390307774,15.108525689264953,15.108525689264953
3.5168964932223616,-9.060397169252079,-7.922638587580995,Inf,19.008966738635095
2.6174494992676145,-8.56325341468449,-7.559604483631945,Inf,19.08829788709615
3.7723665503459003,-8.867824528832937,-12.397849322080852,Inf,23.357641781096294
1.2947114004266496,-1.7950261120837574,2.9038792085276484,13.875051779283263,13.875051779283263
1.3509551790431402,-3.4471571737228572,4.262527063680732,12.650670554027386,12.650670554027386
2.882184912203325,4.836083002761331,-13.020792803364234,Inf,29.152076737553582
1.1862021089848263,5.3322885377274964,-1.804510263404751,Inf,21.48471680152136
2.164572797877568,-0.28590866518860736,2.8957473766626336,14.741852651483761,14.741852651483761
1.3583310708397534,1.2454961511930946,4.750819345975906,14.834249064051045,14.834249064051045
5.082959234439841,-6.8694746702193665,3.4366537248710287,7.520156146282267,7.520156146282267
4.002184852911384,-6.939039102940514,-7.448697042585755,Inf,18.933559272508717
5.681003321730678,-7.761095750450497,-3.778551156397832,14.81479982227783,14.81479982227783
4.777951521352968,-10.73848886048065,-6.6701588220906505,Inf,17.248875568570867
6.288954628107586,-6.505759239397593,-9.531917438632025,Inf,20.734825001654787
5.7606011373257715,-1.8033830472252603,-13.494432327919261,Inf,26.906779595764625
5.0802127632891825,2.175021682706351,-10.671974622168738,Inf,24.935061568152335
4.24144746315789,-1.205286765331408,1.0283444869803837,13.732331294199021,13.732331294199021
6.427738093499897,-0.9041029346184288,-2.2643721789421605,15.880526142857203,15.880526142857203
6.554162413415092,-5.173172176594987,-2.777807290715817,14.127834002984414,14.127834002984414
6.973153248031387,2.330367156525739,-6.255666977825536,Inf,21.046734484851576
4.298636363677481,1.576388187628659,-2.621871199863179,Inf,18.308833416591174
5.551431941627094,1.7800328180594782,-4.830572585581567,Inf,19.69600537064107
-15.243241132901488,2.0842583731889803,9.06821954657942,33.4640325347628,33.4640325347628
-17.31638217558185,5.537329960899733,7.303566299103011,30.481718192606298,30.481718192606298
-15.439002886346653,2.044440779870193,16.84783186220006,Inf,38.36303287070217
-18.4369669891339,-18.80299255356561,7.729599606053181,Inf,41.314472198629545
-19.102464304733957,-1.8859812902744082,10.739595178909525,Inf,30.210947105085978
-19.718167726350586,-11.07208831524428,12.44298213744645,Inf,27.502655924132853
-19.544168722079213,-6.807296893570287,6.068410305797471,Inf,28.579231510718756
-18.515370277003946,-8.134357540150958,15.969069714659376,Inf,28.476309178803724
-19.429092779130322,0.5120873130536623,7.528199003923291,Inf,30.21370037355298
-19.481958116161373,-1.8246333940530768,16.37704864524445,Inf,29.278909854783613
-19.816129583135627,3.7516827622019093,12.606273814859733,Inf,31.484542696122027
-17.741542740806054,-6.949044116089027,13.209866826824424,Inf,26.728216835543563
-16.254584361276308,-14.618818994697236,9.77177400876456,Inf,23.814584545697237
-15.540576333255496,-17.255037489822975,9.72836074869802,Inf,23.885961911412046
-18.140275817920582,-18.606948471050213,7.994397413852301,Inf,27.218700461164634
-16.11905942203265,-13.376665035971103,8.898953284826653,Inf,23.524361622016755
-16.28233286141849,-14.455296502770008,15.929792521313132,Inf,25.16953389404675
-16.817489029658788,-12.711576877133188,10.73645950415349,Inf,24.285039604458962
-16.94357287937528,-10.668206218554861,13.005879402494138,Inf,24.642874351374836
-16.59860395594861,-7.643056176137293,9.824836038942351,Inf,25.30570234312558
-16.13866177809421,-11.215495631155674,16.14248122728138,Inf,24.58115491005649
-17.942648427405416,-5.88722284580653,11.550379522448615,Inf,26.677383431078724
-16.79840636228681,-4.13427670741763,16.755542530294903,Inf,28.466819801563155
-16.932644875859523,3.2188404251476825,13.205467557823376,Inf,28.80840578577556
-16.70611003391869,2.4848922675582763,16.313766549555588,Inf,28.15707170071645
-16.09784291987218,-4.2941136422814985,13.440132427786573,Inf,25.482772461558476
-15.77485348790785,-10.233741054701486,19.298399677035533,Inf,26.13609329007555
-16.93805601906118,0.44433843493807856,19.089403787830655,Inf,41.49865601558641
-17.307053940220534,-15.186279750472647,19.660032181608436,Inf,27.477017260639975
-19.24111731981874,-13.650031577777622,17.701959275858513,Inf,28.684857084524303
-19.607200689743056,-2.5447483147711054,17.408990300367186,Inf,32.58490421305707
-17.122541364574417,-15.262172137110754,17.292778742317523,Inf,26.33116912873915
-16.2015847148422,-10.178238641257078,18.493052263748254,Inf,25.945731397428904
-16.508073477242917,-13.754910094921886,18.507126531370474,Inf,26.02746497928119
-19.357927000713417,0.7654171222447914,18.232421156087057,Inf,41.617758441448565
-19.655231809749107,2.7864263552727735,17.491983361629828,Inf,34.08850414079774
-15.45756163944258,-11.617463995069981,19.338914265442853,Inf,25.86920242043871
5.769017469187716,-13.687278216228016,10.006162067934543,3.8873354120934698,3.8873354120934698
-8.87704559203442,-18.84701626842763,5.965948185709358,Inf,20.735661352120296
5.9591172704149,-18.949370373710728,6.230467425409103,9.76647545297185,9.76647545297185
-13.867435806847164,-15.727286784322443,15.711836413811817,Inf,23.760643498322096
-14.97761096785652,-15.795574054783161,19.117520321845817,Inf,31.621737930266605
-12.779233899452587,-18.74718920069153,13.172173624331819,Inf,22.800407452983002
-5.7524949884550125,-16.972634909742233,15.233094850495348,16.253323931128,16.253323931128
2.258770323713577,-19.090928140956606,14.936037088189423,12.000592171660596,12.000592171660596
-12.099695900814167,-19.395762516917323,9.005881517423823,Inf,21.956044372807227
-8.101363207921839,-19.832497982266368,14.46279736236135,Inf,18.902218486284664
5.043264267726677,-18.73369703240271,12.044887705574467,9.180841154718053,9.180841154718053
-2.153628027707029,-18.39216656870816,16.70191406100716,14.782010734381224,14.782010734381224
-10.549318601500497,-19.385310781391716,16.571169070184908,Inf,21.786945191542213
-11.589403566346617,-19.52612879983807,17.646978152536434,Inf,23.066301649372363
3.200299504467907,-16.09641553741981,10.119154126608034,7.184580987540485,7.184580987540485
-3.937784535289399,-15.967142443444367,9.78356536153985,13.860766884879531,13.860766884879531
0.7896973252753092,-16.151587172068098,12.312919490020782,9.042094923996508,9.042094923996508
-0.2342124287767362,-17.045403270304583,19.73346776940773,14.685376473100263,14.685376473100263
-7.556202955706821,-16.42363541150111,19.332608892631214,Inf,19.366367574908132
-2.9723777350546214,-17.305849244219537,19.631574227207267,16.170844523497045,16.170844523497045
5.164039229640743,-13.998047588105438,8.300172733763773,4.716412747215196,4.716412747215196
-14.529674379267954,-15.517490054424199,7.53265628541115,Inf,22.65596417059549
-7.12811036881229,-14.759943399376994,9.811308411732895,15.110885932373645,15.110885932373645
-13.065614010478885,-14.452377902378917,16.96124928468653,Inf,22.41355322971941
-11.261455933282818,-14.397144010773815,10.424551255474029,Inf,18.795739919110563
-11.63350084972329,-14.30574442630121,15.89243335382713,Inf,20.679866515006147
-4.569116360182761,-15.634901717723242,16.84787190822489,16.081245541049643,16.081245541049643
-12.137110540266596,-0.034013162087358495,11.216274354231093,37.2036714369076,22.850565218546496
-14.01746065164689,-13.005182417529593,10.443607155918848,168.9493751059986,21.47332055295152
-14.269375701830675,-13.076592547325134,5.254951268850299,Inf,22.48978606892452
3.0,6.0,10.0,17.200802752498678,16.840533391423293
-7.343526729095267,3.4209684420435593,5.273179942458341,Inf,22.141625656392264
-9.631555140153294,-11.050053749268942,5.219549253992604,Inf,17.428413491747403
2.493429893637888,-10.24308512528144,5.181665772644621,6.6018640722294535,6.6018640722294535
4.455992793990404,-13.480283826187476,5.905165687400647,5.945756152306609,5.945756152306609
-1.9284657546927093,-8.735143932243732,5.660864783346149,10.396255961639367,10.396255961639367
1.9867914347788869,-11.995133752970295,5.5091622303905226,7.020003040141699,7.020003040141699
-0.23969927730616902,-10.089535378424062,7.084983003103744,7.805035957765414,7.805035957765414
-1.1066943235965425,-12.270467158974983,6.376221955149795,9.165439503622,9.165439503622
-5.739633926907333,-12.49045510404791,7.929645385462571,13.809189405382565,13.809189405382565
-7.840819586533225,-12.863567193792953,9.43350177171082,15.213028019367446,15.213028019367446
-2.4536335034708756,-12.063811569590115,10.386731989974756,9.684010855259864,9.684010855259864
-5.095365369815372,-11.993521680005,7.49988631887333,13.037129401119426,13.037129401119426
-3.9663265078261034,-7.889535715546545,6.216696933066743,12.218840408727663,12.218840408727663
-9.831507056168212,-5.1307344862635595,5.744710794767293,Inf,18.717617062998123
-13.805360609733315,-2.803136600919025,5.370397884816349,Inf,23.33815102950008
-8.8134234876002,1.121410198810846,5.780967197759274,Inf,21.70719328060656
-4.791433285352662,0.9429578606622435,11.0568571771533,Inf,17.128052601697153
-13.883450574393876,-7.116872791856501,10.950474663386103,Inf,22.81873496150033
-6.576227036539954,-0.3120546070236614,7.523159991309907,Inf,18.611726391593454
-7.199798144028167,-0.2486215967447407,7.419253872565797,Inf,19.110878819196433
-13.366232878220563,0.7254558792564048,6.674360006616364,Inf,24.837187562719194
-7.262707223352978,-4.0711852143961025,7.223237150652189,17.055024796483345,17.055024796483345
-7.144269350740595,-2.5097892679190466,7.452980445121913,Inf,18.588250858351053
-13.189820539088855,2.930376491763642,7.733506150424265,Inf,26.24267482436667
-11.384156861800667,-0.848118642856388,9.011670815942495,Inf,22.105549931925133
-9.926607518163744,4.345502657901214,9.972735362238161,Inf,22.777053238879244
-0.9899508049885419,-0.19218237269396354,9.409039194842357,13.743523633377926,13.743523633377926
-4.214192596701327,-1.2116565467549805,10.380245651045072,14.797092882065119,14.797092882065119
1.0712963266950908,4.970468724156731,8.419800414897356,Inf,16.658749526337935
3.3174757422129453,2.41084223714207,9.068392013555034,13.192096849536803,13.192096849536803
5.815617642005648,-0.0209054539895277,6.580165217690919,11.195636697344158,11.195636697344158
6.541628970093434,-4.662932950816909,10.046452906833558,5.356915769459773,5.356915769459773
6.596024078213105,-1.4759963656796593,10.30515933001179,8.539025513487074,8.539025513487074
6.832188966986202,4.417121119722289,6.242780489402151,15.205759909501705,15.205759909501705
2.995313071947116,2.771997611633921,11.798787991093135,13.505446257721406,13.505446257721406
-3.7164915292398177,-11.31746292329363,15.728921547133638,12.6294713808704,12.6294713808704
1.13256586900701,-13.107079809729019,17.25977994642109,9.837943539989697,9.837943539989697
-9.364270827188932,-13.27594513313164,14.669406928901765,Inf,17.903954932219413
-14.670954680056107,-13.45618386158379,11.31067927575673,Inf,22.321173719366314
-14.127601400176877,-13.303474178503496,13.23060065826239,Inf,22.14144786596919
-8.665829648079546,-11.394057932297326,12.6373909276505,16.325201752041664,16.325201752041664
-13.358242509596607,-11.697566390035279,18.793465151579,Inf,23.858024589232553
-7.712753574846394,1.7826538060303676,16.87865773448415,Inf,21.405223782084647
-7.462892178528957,-7.142770797487676,14.366639804956066,16.342989213949117,16.342989213949117
-7.828307536588168,-6.992579328613386,12.413574816172492,16.78295623085841,16.78295623085841
-9.008604683356856,-8.917344562693996,12.333119754906221,Inf,17.211050587192766
-14.55248863619472,1.292544076975215,14.303435364119956,Inf,31.579325627407748
-14.961646330496405,-1.307453194012325,12.771056382930766,Inf,25.91164587316591
-12.780551675597343,-0.7407074199622627,14.796342740599904,Inf,22.854517902337335
-13.086303881151391,4.023804457152895,16.323103467352695,Inf,27.46888458638513
-13.539210247099875,-4.263875963975643,16.741777929873784,Inf,22.844690088469783
-14.210678564288468,5.548711360527314,16.452175284786136,Inf,28.927730409007598
-6.762728368130748,-10.352908781023578,12.605669289548388,14.823968991665447,14.823968991665447
-6.559670431157878,0.8999497747708247,11.969960578133374,Inf,18.33083609266236
0.1850314789409957,-8.706279191199187,16.861651002583656,9.757036638006781,9.757036638006781
-0.7489107888626201,-0.3076648284426753,12.423037061294778,13.092825576313443,13.092825576313443
-4.234004392800079,-7.966817523362826,13.955587304142377,12.9853511307603,12.75232877813983
-5.749992613743391,-8.508494968506755,13.24556539967616,14.40372340995241,14.40372340995241
-3.9802658846296097,-5.385089305453983,14.178436767857733,12.884707428103503,12.884707428103503
-6.631804819331446,-5.661127128235535,16.114539152851947,16.179452948932997,16.179452948932997
-5.881576164994113,5.839055600163981,16.496418876688416,Inf,22.077193406315118
2.8508012609642996,-6.899348676220978,12.057369530876443,5.573388394347446,5.573388394347446
1.4176576003230856,-8.766035259861669,16.253692112039175,8.473126971745216,8.473126971745216
-11.285864925911708,-8.791095712782333,18.563993154085708,Inf,21.097976320771927
-12.018643023884712,-0.07040222113863237,19.83047314096376,Inf,24.786566067329485
-14.260743690145272,-4.613239075254212,18.605664376060062,Inf,24.272936904801373
-14.853970867505844,-5.660170927567725,17.298386318126624,Inf,24.431331700418312
-13.899091729082214,4.574409806714151,19.85429671729004,Inf,29.031000213275547
-7.484663784195877,-2.064842449784912,18.23415512330763,Inf,19.189760576158484
0.5607541673124494,-2.0695379676847097,19.156826409549055,13.91033269846114,13.91033269846114
0.9712720424034416,-9.62633467719007,19.07682557219165,11.457998440939043,10.986732516922988
-3.976836979464629,-10.572357722173242,19.122528760027024,14.844437380291367,14.844437380291367
-9.99686955158734,-6.673440550786012,17.787832875755427,Inf,19.79289302773687
-4.471347046446397,-7.403279104599241,19.41828205415611,15.226591695891544,15.226591695891544
0.7712440987433382,-3.4683421572078217,19.55356559295908,13.45217406284652,13.45217406284652
1.0755300481075665,5.825079307053969,17.267719484980155,Inf,19.34598508336037
0.017018944347412912,4.620029569736531,16.879928512883737,Inf,18.616213034955916
2.019577455984223,1.8273833386049887,17.598572242377443,Inf,15.615940290296777
6.802889604397116,-6.0523729330155085,19.348887905845842,12.087043905094678,11.781585917519054
4.31570936866299,-9.708663511428242,12.901641761797158,3.9635612846103796,3.9635612846103796
6.4543311156528915,-12.103801733649924,16.703582109661653,7.047109291534283,7.047109291534283
4.122840996970069,-4.966423264181543,15.965787907207044,8.31898816190207,8.31898816190207
3.0255070420349313,0.09936002568831981,13.295141910076268,12.109435895074727,12.109435895074727
5.167041092545482,-1.0887786556087953,15.13406839909203,11.724639236769328,11.724639236769328
5.505591201595781,2.9023860923278306,19.06956085590081,16.890077085400947,16.890077085400947
5.647297033423442,-1.5083301123014614,18.018019580530826,12.61945665907216,12.61945665907216
5.6547594275714275,-3.640557876793686,18.26130995511395,11.38070574781949,11.38070574781949
-3.97633018045002,19.833763812865257,-4.777525172917754,51.59280769558491,51.59280769558491
-6.26411845028783,7.903774680019843,-17.793536293726593,69.39660395858557,69.39660395858557
-17.697293415418827,12.511021957726001,-16.641920489427786,81.77684774543968,81.77684774543968
-8.95692137256984,10.777820829192972,-15.31521364874969,Inf,74.04992664011462
-13.570005547981072,10.42698939846187,-16.597661120010958,Inf,65.96279826954328
-14.946129879021983,11.823957039531699,-15.988428436014228,Inf,44.5889788453453
-17.952584305169133,8.683767122003808,-19.67082232084831,Inf,47.47163609027976
-19.104660155907716,7.955425354365204,-17.109441273003007,Inf,46.06548405639444
-11.69738549428284,6.682009698343919,-17.959829736145558,Inf,44.32357725043876
-12.341666920654353,12.227971016285515,-18.873852350687876,Inf,45.22155080511643
-7.512339116581295,8.6718642956927,-8.457648145684349,Inf,45.010146670527334
-13.72004820378974,8.392197243294284,-5.761862129966735,Inf,43.67273870542923
-15.394156114964996,8.209327230041996,-11.783232644652859,Inf,40.76078703396077
-11.340252834367854,6.984713114062497,-13.538845799063823,Inf,38.09474690825654
-9.276961782520265,7.598231762414489,-13.301486012547565,Inf,34.45824577146499
-11.478325920148702,7.629648713132262,-8.123328929370937,Inf,34.777854794094836
-18.94432987764126,9.774188703815092,-7.730612710268776,Inf,46.52707127015313
-9.089300954441786,10.27113298643932,-8.737057429795243,Inf,39.69585333929451
-12.8852694635904,10.887492818745006,-8.22244446544845,Inf,43.57581504895114
-12.58641731299539,8.57837215965505,-10.91340133401765,Inf,38.11920568914056
-14.040288925153881,10.089121417701268,-11.76256406722902,Inf,40.295808409134196
-15.643343284371678,9.731476828035479,-13.364180057512769,Inf,42.20341468504808
-19.22672344263443,9.925669482643002,-12.924491689541826,Inf,44.17788348501591
-11.204504682394196,8.825027828610786,-11.038106200721804,Inf,37.253777943122145
-18.097379499515725,9.985608702571191,-9.507347442198206,Inf,41.107944814475196
-10.752860434645086,10.893038250727738,-8.256787874766562,Inf,36.445146348726425
-10.73125495176658,11.752303617143873,-9.281162222960191,Inf,37.53956425618561
-17.812179660152488,11.328075904126152,-8.097919115549983,Inf,41.476369267037406
-8.289583328639587,10.131520309770579,-10.645918502930058,Inf,40.97436109056934
-8.206180003375438,11.434609861453708,-13.068391661653678,Inf,39.1295165317029
-7.808422608437455,8.924548881978893,-4.9763387783078805,Inf,31.617516414510657
-12.603529132864093,11.901667281953301,-6.660578832908781,Inf,37.50758815512529
-19.620795932491202,8.926908070696811,-5.545034074632875,Inf,40.73880008525926
-17.677446794303478,18.728355480218973,-15.582030447384154,Inf,88.08390703797117
-18.46750884011941,15.40521932048221,-17.748511547702694,Inf,72.86613002047562
-19.080834173215322,13.514708024968279,-19.68937470530447,Inf,50.29461168220383
-8.934790083709716,19.79514938982132,-16.41888297210418,Inf,47.20482849052929
-9.128906148134073,19.89390014414154,-18.234901508807813,Inf,47.922873059059484
-18.495580876561526,13.06333495838323,-6.128718949027174,Inf,50.26725794530262
-19.77451489060816,15.157935612978818,-13.31436567610413,Inf,57.86044851323053
-6.385739566915953,18.727412076968264,-7.703082255171685,Inf,45.56527258991304
-7.503348539986412,13.187061340210875,-10.584462724896184,Inf,38.274189533235585
-8.267769685433137,12.990701007048607,-11.082471119808153,Inf,38.865534159760244
-12.57811546282472,17.32954672935942,-11.533792318502112,Inf,43.04593717748893
-9.479060902945333,14.384406678676754,-8.178469507230588,Inf,37.61121729040336
-18.094026434078785,13.793677798317738,-7.476892342807515,Inf,43.36949975388735
-8.114588029279357,13.75810045193689,-6.884863229363614,Inf,35.73653201769069
-9.393624032329102,16.613156238928696,-6.580120841835333,Inf,38.24566244081858
-8.413875678859819,15.837749435394429,-6.762765277340579,Inf,37.2856781868845
-11.032765912965141,19.29853747018862,-13.8742707372126,Inf,45.29267759074406
-13.30852030356942,19.60010072374905,-15.01556961740743,Inf,47.02472681604846
5.434987309936439,9.076746421061621,-16.384331902944595,84.66877904375137,84.66877904375137
-1.63007573273579,7.8059083958829305,-5.615619444515687,Inf,42.49348356288756
2.9041447277835886,7.446736051467305,-13.218297582257188,Inf,30.30424862144933
-0.9994051951535994,6.94345981662158,-15.89032050664132,Inf,33.766943482850635
-0.9469165308157912,7.920568524985924,-8.363897737136261,Inf,28.436040494386322
-3.85573381246207,7.3277766020018476,-18.451978692236608,Inf,37.62290059119711
6.946757041371853,8.039329727995028,-19.701857907828,Inf,37.603003734399394
4.912411564176253,8.9367105298148,-18.465668077336606,Inf,36.11699812103311
4.6698172073609,8.323169991711794,-10.413098622042405,Inf,29.118239084990257
0.8440519830491695,11.367589522305998,-7.484675082681838,61.70422955179501,61.70422955179501
-4.492729045558512,14.485851587509806,-10.78821914897401,Inf,59.65477240846914
-4.910507925311514,17.103706630928485,-12.220846710412934,Inf,49.94028290659173
-5.198764517698757,9.451441836513048,-14.803921654716437,Inf,39.63278233492451
-6.182470353490643,16.02782864009054,-16.098234428544806,Inf,44.417809523837185
-4.601915302127697,13.462715407329867,-9.665026206034746,Inf,37.466867269170734
-5.04317147012074,9.137564255502948,-8.676483029438993,Inf,35.83995464058302
-5.118414766493453,18.18143976801713,-10.12518277271833,Inf,38.71504488730852
-4.741747415765021,17.75923644520131,-12.828826365683321,Inf,41.47725824197216
-6.039870248488084,18.505125028177844,-8.288480773018732,Inf,38.189811130753455
5.397454753900696,9.369727895768875,-14.920029088978062,Inf,70.64902787659436
1.634529670852622,12.146500363200438,-7.541301549189061,Inf,43.695492901004165
0.412097164562244,14.722229747896606,-12.832438330755869,Inf,49.70588819057305
-3.907552950406135,11.52744733120042,-17.302188834785923,Inf,39.233391781354264
-1.9580894564066753,9.766869607350053,-13.509217417035178,Inf,34.00884999865459
-2.600890460919949,19.388114080881643,-12.556369562656444,Inf,43.69850723637253
-3.7185167831615047,12.767057715780354,-19.331732405041564,Inf,40.791321070786836
-4.125595047329114,18.173935711314698,-14.739117221378768,Inf,42.777515489585106
-2.1745730066652342,19.784698338466683,-19.595942715562444,Inf,47.240584534378165
-0.4986130376198332,17.298406480643322,-17.166787447626845,Inf,42.50778743926759
-2.224291347305307,12.831490973199976,-11.536498484772189,Inf,37.62621698044293
-1.794326331020038,17.908241806087126,-11.938717172166697,Inf,39.347626934423545
-0.19506440150588844,17.79792095558693,-10.731967626400749,Inf,37.72028044757961
-1.233004689458788,14.377963330996188,-9.392636018770686,Inf,34.98112235539495
2.7458718847500734,19.993032557657457,-7.8186535265130175,Inf,40.57200960535626
3.015557014669284,17.65304598189637,-19.406442592525224,Inf,45.08681515281407
2.756276212807851,18.254024820895367,-10.934848838019926,Inf,37.06132750578378
1.8044407503567257,10.936861919398169,-12.629524988622425,Inf,32.512819472851966
-1.0732869045215487,16.73393542781396,-5.172065827596937,Inf,41.92687395594931
-4.71040828662165,15.688697089658973,-7.4065048026484614,Inf,35.11883045693372
2.8131545384942136,13.713955360056417,-6.927793526543828,Inf,34.229693865149585
3.845767404156703,12.359675559441229,-5.280274738347019,Inf,28.841348969931474
3.5435915936697704,14.267374852424837,-6.639230045870663,Inf,31.14815709664506
-4.783807046256845,11.332936816353232,8.118046620998769,46.03580972975549,26.822113252701214
-11.446795718582043,9.276720181521291,3.441879770632834,Inf,35.21794443903141
-11.603884912582538,6.71358604315617,18.276776027362473,Inf,44.571972296200386
-13.513387829352652,9.18824976678789,10.442128712195977,Inf,33.47226172621716
-18.70685572765567,7.032579690432385,4.9462385898332,Inf,32.99423615617895
-15.743654219216259,6.4786691169847614,15.954309742592095,Inf,30.743767666663782
-14.455711457845712,8.600890897908108,8.679705990428282,Inf,31.576623694555206
-18.27750444523189,7.35706390892263,15.185484569305231,Inf,32.64950751996079
-5.776669762778397,8.73071121971816,-0.4827781920141945,Inf,27.672039723183396
-6.820077035551124,6.747262034687118,8.688487844744913,Inf,22.83557812043165
-7.030272306722258,8.704781002351652,10.84626691846628,Inf,25.209057916849858
-6.143084245543715,7.03848395568172,13.17905236824118,Inf,22.238019307645352
-7.289202007198332,8.935811351880012,0.5572244104520578,Inf,28.97994992561804
-14.680794959144201,6.815792246798644,19.24766996159198,Inf,30.321405825392905
-9.268930142196474,16.537264873186473,2.0364024863101093,Inf,35.997501805229426
-17.756322060826363,19.548294127408397,-4.493253996479902,Inf,47.121284099640164
-18.379157038396574,14.68161883067203,-0.8966643778426402,Inf,42.6251603740064
-19.98700946907607,12.424736405588192,0.15241712250313455,Inf,40.32191463596415
-18.345775983791075,13.566408249426857,-3.1147116156216548,Inf,39.77561996573326
-9.3976536321816,10.207012681028225,-0.18314953746470408,Inf,36.38585431664923
-10.96726871529956,9.510099783288535,1.2057145009166632,Inf,30.311895027205416
-12.906946013638745,17.615664491553524,-3.2519119909254286,Inf,42.506293953385565
-9.400298291826523,15.83105344693692,-3.3353097884637535,Inf,41.417029914969135
-15.5869789171307,11.996638976210487,-4.539583657992532,Inf,39.99214660513454
-5.855619703952701,10.64461880787384,-3.663616289961176,Inf,30.719248122259195
-14.170226686303291,18.905941209158847,-1.2939052569764016,Inf,42.37906000545475
-15.782778793829326,18.461030284292043,-1.528294625060731,Inf,41.22422383070887
-12.694325213852231,13.285218811817224,-0.6848323074286284,Inf,38.63213731942027
-12.064820768750861,12.868543628402591,-1.0237123496529037,Inf,34.48970661377322
-7.267247920874738,15.149656121582417,-0.6577056148459164,Inf,33.80269697524947
-10.288421399257546,18.563962429752046,-1.512791430145299,Inf,38.44124723411449
-8.32415385350223,13.482277378080447,-1.7377647423316844,Inf,33.20756565946647
-14.763301774007198,16.220064956923927,18.570140009658083,Inf,48.72553202981956
-19.77344392226361,14.893321253314099,18.078382131116292,Inf,53.93164372780603
-17.75272207197407,13.414914888229184,5.032488440022902,Inf,36.72560445909355
-15.950623329406426,11.020410234711491,17.688298137387676,Inf,35.8868249957912
-18.518480068591003,9.582174314447283,9.863602630697397,Inf,32.75206233184951
-16.481483615442485,13.6152833111678,17.996058056404976,Inf,37.45418674416472
-17.823836630546268,14.079597818706596,9.115571943160418,Inf,36.61242260312763
-17.619052690442718,13.4726761560145,9.949250954508074,Inf,36.10434845136654
-19.48049410912062,16.84616744580549,19.252778033915604,Inf,42.03807388659302
-15.036054215464496,15.132873702912583,5.1999159524619465,Inf,36.82720770027363
-16.332006540376163,16.935543290662103,14.999141159971778,Inf,37.526476784578335
-17.930184595026823,18.834313396242557,18.606797150418743,Inf,41.905367369375
-16.62263147656472,18.097654918692434,19.4937390487093,Inf,42.18225466894668
-8.109331368963613,16.358594246677555,15.622873596009363,Inf,36.447017021193396
-7.163220429017363,11.643224463691595,6.067213867165986,Inf,29.97866223130807
-10.272532134511634,11.686214721318812,5.738953555232698,Inf,30.9228735050974
-11.149178139935865,13.93793131358261,2.6195102944394932,Inf,34.42911937564239
-11.06209092235738,11.390231458339642,5.349405125323578,Inf,29.95606407940717
-10.003878618616797,9.342758395116295,18.110006443300037,Inf,29.69359270195004
-12.163090866275192,13.348004751762616,10.316398020453008,Inf,33.81231243714385
-11.141477901185759,13.28326531107136,11.673169169582938,Inf,31.93822835465455
-12.900049910424851,12.22572202711845,6.342055660428549,Inf,31.349410280127227
-11.913657318335442,12.622229423231843,17.99574276861592,Inf,31.277488091125676
-5.0085667156876745,11.438268880597882,17.2021810864264,Inf,27.076581130878075
-6.297480722350297,10.967249730021447,6.555217706360601,Inf,27.511481792264178
-5.264092602511905,10.803512149048746,13.025669525913898,Inf,25.417331874299716
-5.284276355050261,11.2143981710045,13.65386926343998,Inf,25.67879974598452
-9.067343769182967,11.214234593319752,14.797514067670619,Inf,28.277187521408138
-5.328081071549953,11.820186729272937,15.230142769078782,Inf,26.68007275559708
-9.769505294220284,14.142586346345709,10.715157391159885,Inf,31.25895761712252
-7.638778703523403,11.894421713656655,13.362023516827108,Inf,27.622857096913943
-9.509827646019975,14.523374594905924,6.174967736114283,Inf,31.439092997050437
-8.23248913105565,12.08484908834766,18.66655326734734,Inf,29.094757894408865
-7.121718531285612,17.601712910581433,9.94902806407266,Inf,33.75867413517585
-13.619783172707063,19.96502998141439,5.135240021800762,Inf,42.18379531990086
-14.130907109326918,16.986249014834442,6.893819007873077,Inf,37.39609469273463
-13.19376462671495,18.348717507818122,9.222181215689389,Inf,39.53297640111964
-12.106454431778912,18.306947670375102,9.483231862387314,Inf,36.19057773804114
-7.042372462685371,19.74211785093398,9.689586231225658,Inf,35.12250590179514
-5.542764577057504,17.29062100461347,17.61364549094037,Inf,32.65107144873704
-11.111801117760871,19.189906241673015,18.55158077660959,Inf,36.61969718020502
-7.063621147509087,18.95065749377889,19.993859390045507,Inf,35.09618413601295
6.058216890805525,14.684335361837391,4.513109952040999,Inf,30.376685363978268
5.412892246324699,14.097722710826886,-0.5357279229392731,Inf,35.50028977756595
-4.413109367496446,8.232731373832056,-1.679677297237454,Inf,38.97391924782355
-4.217538238866609,10.603476051794807,-1.66082492369722,Inf,31.098319370166116
4.918374160978949,7.28467831186169,-3.331017317474661,Inf,23.300077742988456
-3.6412404109998704,9.073334017461477,-4.5204945394260765,Inf,27.82258458918222
-0.0963134351569579,6.524643336045102,-2.824281499817502,Inf,23.375711255994332
3.667275391142482,9.883858751047867,-2.0629812513263275,Inf,26.09904427661393
5.299160772690552,12.554001757416785,-4.098088680014724,Inf,32.5720955341895
-1.269071377288256,11.733635903756358,-1.843803730556317,Inf,27.82488734905994
-1.7090800716868415,12.768041980385064,-3.781401810428669,Inf,29.705494645156556
-2.788395050125043,11.965162489589485,-2.1804291963329803,Inf,28.741731093372117
6.1391741484107065,13.112076886709723,-1.530533859974632,Inf,27.440726722245476
-3.9911911792459165,12.64051545544794,1.744638609728284,Inf,33.37637381268669
-4.47408820843858,11.187497034200646,11.57248611259,Inf,26.043502336567897
4.335742474448363,7.5843456766901625,17.05327682382667,Inf,20.586776581516723
-3.36183540889089,7.350863988668152,14.044770538004144,Inf,21.345731620971087
-2.1199136086947235,7.153618571173315,6.189305049802769,Inf,20.960511877897428
-0.6715633218352508,11.224509266854518,1.1348291221648381,Inf,34.92690391122877
0.10614565090652661,11.952959504997356,1.322913393336023,Inf,35.21674850961471
-2.9701721551665017,10.350902981132837,8.850273100613151,Inf,24.677110949512077
-0.3042728057840165,9.610796481205853,19.611599073462394,Inf,25.781145365374456
-1.7866635323445301,13.239085966230633,13.768399910972718,Inf,26.662163716301585
-1.5603834044357896,12.33610456699843,3.063734550863586,Inf,26.431571425766002
-2.0546733816341067,13.02905855333674,3.0043253897061035,Inf,27.278419687694615
-0.6678071689249165,10.437499723021794,3.77322712047156,Inf,24.04140164407315
-0.7465120139728043,13.176136517867462,18.76129162269944,Inf,27.39902825971373
-2.2310623107378973,14.329681076679506,18.418795448872714,Inf,28.419558104580005
-1.2558028374569759,11.959453406614344,15.254684240848498,Inf,24.861969971417096
5.9594855662907875,9.048246065016158,7.996357587714407,Inf,19.94257195791507
2.6408739455666037,7.804625369556497,3.323783030212244,Inf,20.246711504198686
0.8025624311196893,7.706688813252445,1.139453029719526,Inf,22.257042073918495
3.6671642727970877,7.771308088945339,14.639099593649938,Inf,19.294389104585424
4.498178326645341,7.91471451904475,12.612581841671926,Inf,18.434004359607382
4.827795322000689,7.911336498842935,16.886140777090937,Inf,20.894109612642374
5.174108723809532,8.124448702153487,8.458568048697146,Inf,18.418311324505886
2.871316448169292,11.018708031925549,12.444960647218373,Inf,21.778362733812457
3.670572677990709,12.744658065549075,7.336074768114898,Inf,24.18011122437777
1.2560060089171365,12.93212722251922,8.367488701727908,Inf,24.532991785053092
3.7509288543121677,12.62882894717719,13.977994251410777,Inf,24.169262016165103
0.4223163210527474,11.468956661218463,14.695696332147065,Inf,23.026448669585996
3.224365760631798,12.276394241138917,17.700412650142702,Inf,24.759140644309365
5.445085722281675,9.609653163623229,13.223161539809851,Inf,20.72924392083503
1.602260383435592,17.8144745025799,-0.5704118903918527,Inf,37.826216473952414
-2.0777918283818337,17.424031964635944,-3.347329018336815,Inf,40.620078775951285
-3.072186632912466,15.740240449384295,-1.9712032829334447,Inf,38.30185301429491
4.7981660991841295,14.88266378017434,-2.3730244942557377,Inf,37.37996386561307
2.7860555969744993,19.821330153827425,-3.089162930403777,Inf,40.117851002901254
5.355444959920508,19.387037816269135,-2.2895709657745726,Inf,37.69175853466013
-2.0352690188793403,16.936919079276265,13.285820904607505,Inf,34.925505723600295
-2.544534153100795,14.954468796760423,15.758912113352181,Inf,27.72553628106963
-4.5898511308362355,17.292502458303744,1.0784123609646912,Inf,32.570387187779275
-2.4471303086717526,15.670482850264875,10.861056268782995,Inf,29.01947024205425
-1.9116277255209901,15.684483534698643,1.5196831703501879,Inf,35.231856002587236
1.7838978521686677,14.950922728119721,13.74295663719434,Inf,26.978719018587654
0.0016223888763455818,16.304636978157838,7.112679012750931,Inf,33.79555583188985
6.416717824458196,16.8165033363017,0.603496093490623,Inf,30.49944129786031
0.3041448388137198,19.152373682032362,5.093814168810262,Inf,31.626259766153904
-1.7969625311163995,18.629970686706805,2.6198718968282186,Inf,32.74550320173898
1.2806342394610937,17.96107931791134,19.61714910285223,Inf,42.145605125060264
-0.0923079630556245,16.948245179269314,9.466420215637477,Inf,29.045699490499874
2.840632247022814,19.82018119229342,7.802818467030139,Inf,34.731886568230614
1.4952911270547276,18.987570849817573,8.227455321274988,Inf,30.898865541722298
5.802687426883779,18.19700760799273,8.515800425788989,Inf,29.54065970565963
6.330459757434539,18.56862340721772,10.378406009984182,Inf,30.19668589162282
10.89553460257666,18.64363557114074,-8.753366145204344,67.03288796717975,67.03288796717975
10.378275003436592,3.144955122714652,-2.8803998015026444,83.6150587180067,20.371138831758245
10.293659884391396,0.8494820457056989,-9.608680783221413,90.72463826497024,23.97247914069507
10.283480065727595,14.524761949177503,-18.022134051083086,77.19407830900633,77.19407830900633
7.515343057981319,7.052354458169905,-16.9721944002725,Inf,85.2316046371539
8.225434914132556,3.842612529011049,-17.659381684225337,Inf,88.59001200660734
7.643071901142029,3.9032888955535228,-18.796429722799076,Inf,36.555294214899234
7.838196364073767,-4.002620615874211,-19.66196862515129,Inf,32.31728897114471
9.31889099074106,-13.846091846767195,-17.944409802073427,Inf,35.11199895930958
8.352169707956367,9.255350582619943,-17.856854694407602,Inf,36.232320058934285
9.974554639090705,11.642404539794697,-18.455882192598636,Inf,38.06542606626613
8.716269186838801,-17.653386596476714,-15.328336266235913,Inf,126.80846779127792
8.12171800668785,14.289014018779092,-7.672444294719369,Inf,69.54861615096304
8.684670682524327,-2.589035362754892,-12.865673558203481,Inf,25.675421020592154
7.055981151229275,-1.3169957486414248,-15.53845228319167,Inf,31.017252622158235
7.930461109732949,10.137663492442712,-14.961224166995208,Inf,33.74625963137818
7.082248846330739,0.43104096872722764,-14.285525568219422,Inf,29.181439891288754
7.732615445814737,-2.9851757540469137,-13.63950290418364,Inf,25.713902755383675
7.706853846521248,-1.0301736849128673,-3.924467442552732,Inf,17.27558354716048
7.043817325906446,7.12598897652196,-8.72101331959473,Inf,26.76080674632776
7.5157101772097406,-16.675403470024854,-4.499057849299657,16.685927048747594,16.685927048747594
7.631092789578624,-5.585315240072397,-8.361122993302965,Inf,19.82897907872424
7.481569542767204,-7.312424114370826,-11.398898437114138,Inf,22.2985394712346
7.205104649680969,10.414433147230568,-4.796873194271489,Inf,30.4288814555102
8.647978282987978,-13.459931934878062,-9.808349888791597,Inf,21.22136905213406
7.826394012976088,-11.982943256901821,-7.3331039641364,Inf,18.142419468754085
8.795834027755419,8.182303045747823,-15.670811490206615,Inf,74.32634125423942
8.813091977016452,-15.131917491213702,-7.119729149111462,Inf,18.69171364945876
10.267072353700925,3.0797061667119436,-15.648693225126209,Inf,34.10487144628377
10.169994725830342,-11.01751538954666,-12.254412851906347,Inf,22.780975258959586
9.857924743678595,-16.519514826101684,-11.833079696664974,Inf,24.386456043713775
9.48840316025759,-19.785887656392347,-14.268721870562118,Inf,27.24879144646037
8.895272997552652,-12.981688575767008,-9.270238766965537,Inf,20.12856518464759
9.64948733413383,5.6832005702654875,-13.522583923245604,Inf,32.25469947941696
9.484930355384364,-3.8639542812262206,-16.660013964621676,Inf,28.890527675930542
9.306548514857262,-2.984534908860496,-11.70693880072462,Inf,23.724455901556873
10.227610393440152,-19.168083096675215,-6.64209707794277,Inf,20.250343996263275
9.348158130972209,-9.637780774595237,-2.9477589928176613,13.336776560857484,13.336776560857484
9.901962912676979,2.7693425392919053,-6.840052791791198,Inf,22.54392913937521
9.191371050341868,6.8686081758494595,-3.5278973607338315,Inf,23.692127537338244
9.131166067643079,8.476342955179781,-15.77618758987521,Inf,47.1772213458413
9.734489463018114,11.339137583810786,-11.67144348942501,Inf,32.383226397542764
8.859705781979386,10.169161670031912,-14.012513598411047,Inf,33.12934866172227
9.05928692606026,14.782083500818992,-18.29048629051072,Inf,78.47348291606134
7.268902135591215,14.87527187429847,-19.827503695573654,Inf,40.56998807749611
8.955116921170323,17.855986968074987,-10.101007616806834,Inf,46.64509279394181
8.740532491880586,16.585847811654887,-3.9863623913429436,Inf,33.33107162780389
7.463066425019605,16.545113467025594,-17.4446043305465,Inf,40.48204937447115
10.056670184371058,18.51352655112069,-12.050919570118523,Inf,48.97917388092399
14.386251353005981,-15.19930032491823,-5.288414117318565,107.84122158563144,18.841649861828472
14.9784864885385,-19.46289504818628,-6.826860866419988,Inf,22.20829946035717
18.186982738103588,-19.16835236220856,-7.243048193077843,Inf,24.506290055091885
12.489734036804656,-18.314822099951343,-9.948443135829912,Inf,23.214195519692964
12.292684098704115,-17.42320541077816,-15.294441652491226,Inf,30.04207291691627
19.59911979812567,-16.52639311327671,-11.957948665929532,Inf,27.85439743769319
17.473979624254227,-19.43864298416753,-4.881275046708904,Inf,23.122785195121537
11.619142191298817,-19.57688544031212,-6.700288150999887,Inf,21.01170767158444
15.824065274097315,2.656055609448728,-13.913937779427377,97.96234022202013,97.96234022202013
16.417708319948176,-5.447698991009018,-19.126481106321478,Inf,107.61603685207203
11.503788701429862,1.8547396810868548,-14.858519174567153,Inf,39.727231347273175
14.043964785550493,-6.87703642999776,-13.920861604698853,Inf,25.66701652113586
11.837058840374183,-9.113508511953423,-17.93803737025293,Inf,43.60799865642074
10.432126019449086,-4.133362823634368,-14.184185987379765,Inf,25.985661348458038
12.244489500543196,-2.0119444838336094,-18.69115691878852,Inf,42.85889385478228
13.667810041712912,-8.570583197861952,-17.791156481530777,Inf,32.79846181620593
13.695452811706787,-7.027102947806734,-19.781124914466083,Inf,34.7688659671435
14.944970695735627,1.116511696881652,-18.01400960502356,Inf,42.66916849933904
13.510548764475317,-1.9272085641451042,-16.614754866083654,Inf,29.564405854363173
13.363681488361827,7.512788033802586,-14.839299893637987,Inf,35.565562685291596
16.34962133125442,13.845641141917262,-16.209898219224037,Inf,40.013933042388814
12.936852030758281,2.6110402821831613,-16.483514727527755,Inf,31.545648484167053
13.717508402854392,16.6760050255413,-18.372514874217842,Inf,41.83049857896037
12.06437241062882,4.151485896730954,-19.312000687812876,Inf,34.334379340587795
10.700627939941594,17.850392534598,-14.023416590328779,Inf,40.09382138946905
18.35090734746744,-3.450073060001877,-14.677238237284822,Inf,42.39053143472354
18.92429028039858,-11.034045574861278,-19.6213431067942,Inf,36.99152430679074
18.23291944212214,-14.09646081782622,-18.511669771874697,Inf,35.56721642899433
18.675043073991375,2.3705169791599268,-15.83559364332066,Inf,34.2909470904724
19.112264544228154,0.8106706713064682,-18.008355278000465,Inf,33.82471176770774
17.92858087998296,5.447995060581292,-18.54200338285718,Inf,36.00951873289337
18.089013164006857,13.63612230300756,-18.881740904607113,Inf,42.422464880472106
19.82500670464212,5.62971093535662,-19.48686291686159,Inf,37.588338527923746
19.332069123187082,0.9561719370748101,-16.010257550084095,Inf,32.13659625882662
19.63003918934055,18.470571600321634,-15.406908229053276,Inf,42.58484844190525
17.823758155641265,14.293429834726517,-14.915860872096145,Inf,39.548790495595995
11.403450366584096,-12.442759570393251,-5.918812132626163,Inf,17.080010852415498
11.2286677047437,17.81492800611182,-7.095481576130442,Inf,45.02243383132811
11.358451434914656,-6.163663333350469,-7.848469048281945,Inf,19.337669747431182
10.843869045662284,13.016850849948796,-10.19053621585984,Inf,33.92335826287971
11.250026274769816,-9.382110474219276,-12.204577589365249,Inf,22.790408681279544
10.47707809766343,6.980318666608916,-6.338729543058381,Inf,25.536390051843377
10.928166684956615,8.197546650903142,-7.367756606250957,Inf,27.151067526460572
14.671419004947765,14.959127087293574,-9.470183057955559,Inf,72.35705290395785
13.420950282457966,-14.43571505982809,-6.09845998683002,Inf,18.503060563520663
12.50475706978682,-0.6638366065827306,-10.78569947419921,Inf,24.532385571756336
12.339523333975542,-9.874814247806585,-7.450396534434018,Inf,18.747709518891135
12.431789716426707,-12.97157373451375,-11.718555003808229,Inf,23.073167216225187
11.783903519802728,-12.049048294938336,-13.709301598412384,Inf,25.96144544781818
13.540906658519816,4.732965221770769,-12.978172461712614,Inf,40.75168031093731
19.744617893102145,-5.156083168896837,-12.388111690073975,Inf,43.50478599396841
15.74435286644728,-3.9969354477412544,-13.079636891650965,Inf,25.723046083476657
15.81922225123595,2.2839237280931286,-12.43014637357751,Inf,28.81121773032173
17.708789166443886,3.452374228286601,-12.59791100249525,Inf,29.725968154215437
18.345703295933944,0.6433385269664953,-6.9286964036075815,Inf,26.09568571695389
16.2448619980632,3.142446349805674,-6.207808689986676,Inf,27.049118649781462
17.54036184493345,-6.044138032358486,-6.985783025502599,Inf,20.806791693403877
15.279967009802107,-11.960270258561705,-11.742706317446228,Inf,23.507011269212335
14.698606517866324,-0.8173063496896731,-9.97506747159795,Inf,24.365120795679
13.447295791845178,-7.744590283945998,-10.671333776156251,Inf,22.283323784814645
14.551248381035577,-10.14971909264478,-9.232417975268978,Inf,21.05426461098179
14.920217585073303,2.9099620424878125,-8.862560634496512,Inf,25.922064660572996
16.57443069453091,-14.645414977241407,-7.510290126521406,Inf,21.094238817810794
16.06747328774582,-0.5168660155945304,-9.764002828667726,Inf,24.936379260457684
15.433705505554812,-14.209531575635905,-7.853394391040718,Inf,20.54018998903465
17.56657379922938,-12.682279950693083,-6.638854767629008,Inf,20.669676711877784
16.489689336954363,-7.486763220913044,-6.766407552690916,Inf,19.737740756481664
14.775493642251256,3.6147740245983258,-7.953540198335007,Inf,25.25850440389881
19.10802408567494,-4.723546235094851,-8.876212804603192,Inf,24.8113067723883
19.131994615677826,-12.439929389613269,-7.400846402723635,Inf,22.34568683323411
18.812894992683972,-6.306371422090278,-9.662696551393983,Inf,24.82152306001243
19.08145708946649,4.709153760762852,-9.314042863394958,Inf,29.718600916136182
16.692925586865393,9.984135695008625,-7.73282238141646,Inf,32.095606540827006
14.92193240828535,7.513716958881531,-10.174284950583257,Inf,31.150514568172788
19.757877632897888,11.648558960699003,-10.891431124319437,Inf,36.801033731061
18.695878218449906,11.611885224707805,-13.664907435558433,Inf,37.724865900867016
18.864991021855147,7.690848171835363,-13.54703289087615,Inf,34.39703431741684
17.011352961782663,9.090577724441616,-13.616431880331206,Inf,35.47492708426246
18.97134334778572,5.4213683216663355,-12.314429404024452,Inf,30.496423888839868
17.02000868726536,12.236221053516715,-9.150924595468712,Inf,33.37524925486744
12.934449397468192,-5.161199455282146,-5.874254823206293,Inf,18.11612916665305
12.217654256707704,2.021053931087664,-2.929599761513863,Inf,19.86072155607213
11.795046225690314,-6.310711222404128,-4.868811882581561,16.32260840176718,16.32260840176718
13.046241163315273,-14.437756905755954,-3.3599278085983286,16.817243475930237,15.834165449750156
13.271730614568895,7.215673927901662,-2.884231837090141,Inf,24.513707623825297
16.956736003799477,9.372302095555078,-5.089140104818837,Inf,30.352899743577403
15.745428938213493,-10.696532016100662,-4.380243540868642,Inf,17.971534283625108
14.413485935689991,5.387691996847337,-4.924008509424445,Inf,26.13391507603479
16.361761789436514,-7.422054063660308,-5.337127005532736,Inf,18.627331263669916
13.893449032347753,-8.473167071267156,-5.337766461706197,Inf,17.278906427883896
13.175961286014413,1.6191847963317159,-3.2494307950808548,Inf,19.90411130996123
18.858855069739704,10.283443113888751,-4.249677055678713,Inf,32.04665770612079
18.0084570047891,0.3270482919111046,-5.234989905560017,Inf,21.721589970895145
15.952008367257164,16.109252840742876,-10.547128071558367,Inf,72.96657186552473
11.90255937109385,17.820545830705335,-12.096301698798992,Inf,42.85735321943167
15.040367838163576,15.700531712279904,-13.808972150837358,Inf,39.50858711120053
14.518252946811401,16.111801592506538,-7.095244034929138,Inf,34.43477254045982
19.958560171630054,16.025538308530955,-9.547147977315955,Inf,38.905696632985666
18.644892028012578,16.513178011925056,-5.513463117355215,Inf,35.08344433923511
18.222641780605677,8.565635688151623,4.542537893246241,95.69884421541536,22.599203231100606
10.777721723891005,6.541663151255364,18.385834772714148,24.37583944332993,20.71258838038726
12.48927532738304,4.603075194418942,15.392037067341164,Inf,18.142564988149587
17.869517654998333,-10.157876842330662,10.002880450128941,10.870664535650878,10.870664535650878
11.110735379790526,-15.64119130422422,-2.749569008010681,15.412033791294078,15.412033791294078
10.278439539604864,-18.744019334073656,13.13541647692388,9.850729740139265,9.850729740139265
7.291950033038219,-18.34071847673418,3.5920087374173093,11.465753681754833,11.43718963148018
7.769336406750973,-16.381785765517492,1.1950855138641998,12.394152436755807,11.621289660600507
14.723322845560034,-18.26601710551192,-2.3518841900740455,Inf,17.638940204576553
16.442259139147993,-17.04409865941228,11.922935585008041,12.010309897877061,12.010309897877061
10.256975192873135,-16.70281097415101,-1.8045805953418892,16.134735986893137,15.306662999166019
8.150557070724087,-18.02126312378003,6.789958727688841,8.716008756526557,8.716008756526557
13.449074676620953,-16.479602288795057,8.080100181458842,9.341403819492344,9.341403819492344
11.113540242145248,-18.03442907141931,14.985609450085192,11.613424516793525,10.8602867659216
14.452128188109157,3.869261662983277,4.853454265909569,17.03493797230452,16.659073429919008
12.069303965130928,-7.770954428596006,-0.9709910656395166,12.49462642129231,12.4433988576986
9.121424089618337,-4.551472169039101,0.6176580210494187,11.82414662357556,11.82414662357556
10.364115780241843,-5.616375480225759,0.4273912461939773,11.314651024982066,11.314651024982066
9.305115437507592,-11.640010096918463,0.06806527759060543,10.685472767713023,10.685472767713023
10.061655721371288,-7.8543954561952845,4.636985760952381,6.537528305317576,6.537528305317576
9.080510734818958,-9.805977519565348,4.480671726266934,5.901623016920021,5.901623016920021
10.94877129851546,-11.700023812492368,0.7829663232126016,11.25074826239614,10.456931364484582
11.474755370972403,1.8077630507323583,-0.56869944790418,Inf,18.70785817653326
11.089331924750134,5.562883951591591,-1.4177721492068756,Inf,21.835387678655255
9.4503755205338,4.327290315413393,-1.295548335222918,Inf,20.44300749815555
7.697928071841929,6.147108777355513,0.5955745924462619,Inf,19.993523776871356
8.394473190111231,2.140907936965082,1.3343248355300048,16.863701625444033,16.863701625444033
9.636156159567982,3.763639046861229,3.539090351102381,16.365516758909248,16.365516758909248
17.72098946703973,-1.0164510732451326,-1.9871915917180942,Inf,18.77268995908948
12.223671705654773,-11.660825745131262,-2.6905623260978757,13.948145288203882,13.948145288203882
15.64120762223584,-11.450413187003479,2.306347346591817,11.911104491610201,11.911104491610201
14.107923375995753,-4.510296910842806,0.9640533493505465,12.944220861862178,12.944220861862178
11.301385704131334,-2.5007933837766316,9.251223339685613,8.677596748843849,8.677596748843849
10.864960940353654,5.091330615620215,7.189888581057993,16.55667755714772,16.229543989022616
9.93597159443408,-11.248725633827297,8.37068093898872,3.58244686136108,3.58244686136108
10.363734035984457,-12.662396615583784,10.06564814455195,4.290381344635391,4.290381344635391
8.094934454369529,1.7924004372593032,10.401011435075958,12.005960725590175,12.005960725590175
9.070566070971012,-13.888369314598314,10.524351145797503,4.436395372942458,4.436395372942458
10.04092956808983,2.777787024958151,11.762714077886898,13.756616409381492,13.756616409381492
10.758671314382795,-7.911976920286783,11.057510958830434,4.427841444657387,4.427841444657387
10.460575738407883,-3.638019285075906,8.55896808207845,7.384236998281678,7.384236998281678
12.350828888964863,-11.271133319301034,15.35377239451961,7.6752868719506795,7.6752868719506795
16.2396429562424,-15.379867611503597,10.237868536787651,10.76653870192174,10.76653870192174
11.34616170124395,-14.938002129224062,7.17759954837679,7.158137388378626,7.158137388378626
13.062649478222,-12.777176848975653,4.891646638632441,8.400220473943946,8.400220473943946
15.251221701621361,-12.857076182272928,7.921961536478001,8.97573327012871,8.97573327012871
17.685494874189153,-10.171895184742494,9.400179782765818,11.50098904907287,11.473868960633201
15.997124029772479,-9.497683481431514,6.189810913642837,9.783562927979323,9.783562927979323
14.346352336065173,5.277992963420417,5.734070085253215,Inf,17.741354569973787
12.692456229417758,-0.8712657706108047,6.963024364436137,11.812288440019124,11.28080624389216
13.468425581484524,3.9160175641250277,5.997895052337078,16.1912955394803,15.908891153216668
11.532292100343202,-6.34182128573455,8.740314115037187,5.9590898396577945,5.9590898396577945
16.105117496834026,2.979361085402708,6.338845749048929,16.360846480922028,16.360846480922028
16.07139213838842,-10.890978395265636,11.7227043555841,9.276405991869574,9.276405991869574
15.364870472781746,-10.25351360079127,14.50855138592604,9.505911990531876,9.505911990531876
13.861034222926747,-10.266614976376518,12.671362565736658,7.367567584448711,7.367567584448711
12.217937985472602,-9.442992299587063,14.826118087939207,7.129414435792829,7.129414435792829
15.596734495701703,2.8380644495685026,11.602295007486578,15.92197126932884,15.92197126932884
12.374441338416773,1.4285508303845162,10.482908396510872,12.932974808057866,12.932974808057866
15.370548949793005,5.174461773570211,10.03481370277374,Inf,17.400076047033536
11.568240507246905,5.986015654242642,15.156369084068508,Inf,18.67009826480856
17.342396146742615,-8.51388564045446,13.709603101162159,12.625105407972471,11.401162058239716
18.1882454756026,-18.007424451818082,6.2494449052694705,14.646616271787227,14.646616271787227
9.124854831187559,-16.757518489543635,15.864731042266783,9.196419650509258,9.196419650509258
10.983747572874538,6.234800378925911,18.943819805771312,Inf,20.649175262579575
9.964233694483848,-3.0769687186862704,18.681240669217452,13.371498457139047,13.371498457139047
9.181269711807492,0.3880274628385578,16.73536250116672,14.144487442384754,14.144487442384754
9.407616565434942,-7.498692430823661,18.180646257854605,8.886851539095618,8.886851539095618
10.15557600297808,-14.19038840518402,16.77162399746137,8.565740275064758,8.565740275064758
18.099767781004637,-8.460922890915406,18.61706074423016,14.195645983820633,14.195645983820633
16.73091392964252,3.2950913942810978,15.952953370247592,Inf,18.509905916983307
13.472988628369137,-0.13116989138922008,15.420106327126355,13.752041938502678,13.752041938502678
17.565372977341553,-1.35355760337805,17.705770423942425,Inf,18.512412451246625
12.28813486865549,2.9439377119665338,18.165089146057127,Inf,17.979595986707096
12.685368376699287,-1.2907468817360446,17.09633942341494,13.59410011534859,13.59410011534859
10.069909929365394,-18.415316682804708,18.823335113406323,12.717039203646895,12.717039203646895
14.820345207173304,2.13503772702537,19.73868157409379,Inf,18.418631003791695
12.261957992442099,9.800190237680091,16.727486518038248,Inf,22.63896291952815
16.779169056059857,8.475276308287416,7.467595747786973,Inf,21.773228005622595
7.079467311318375,10.000696886338716,11.61276981530385,Inf,20.36512710069234
9.839034224997292,8.082613041107926,3.504878226849854,Inf,20.680525496324226
8.51124783694538,9.856496308588476,16.48815356467425,Inf,22.404033923532197
12.381363221815462,7.956252618196515,14.489454156714856,Inf,20.05973048460905
10.368809644578512,7.935229216395747,4.253878192514399,Inf,20.34707751789986
15.946974235876041,8.54901973952903,9.224314023383052,Inf,20.99821681221319
10.606048818966425,8.30711342085798,7.301376143645193,Inf,19.457658611162874
15.109089815218212,15.005819176247442,12.263231676559414,Inf,31.092326980988826
13.71365706094749,10.38685963722343,11.531830934282922,Inf,22.051364683491315
9.779460532005828,15.508703303529536,7.64029129792295,Inf,28.933496860928496
9.977457475661573,12.682721137998655,9.31157487880484,Inf,24.4887910970023
12.503042235649467,10.486818342106226,2.331950830376684,Inf,23.773442341131222
9.595143148417044,10.067057210604567,7.956993385256055,Inf,20.763460087292113
7.961758277364012,15.245430171510002,-2.582486394999421,Inf,29.634536701279213
9.490011707394927,12.766470079240683,5.802324177527069,Inf,23.978994861896133
10.417699884705929,14.398097442350924,1.792450488186983,Inf,27.249589807792923
12.937997780070738,14.075772623524479,8.064022629649408,Inf,25.49138993176674
7.264099687376799,12.775250227552178,9.503791368201256,Inf,23.85511641985523
10.321709579526743,13.352046104291695,9.632861403618751,Inf,24.522127993004744
7.726867974453597,15.56353854030462,9.708960728434679,Inf,27.725339798682096
11.071853554893938,17.005830041606387,0.3965159118859489,Inf,30.941755541687428
8.192674358423844,16.07681519629586,6.716452260318508,Inf,27.058144514342178
12.00567258360109,17.503083555255195,9.618556159353275,Inf,29.727472979344512
13.628703461082353,16.89697713039662,0.1134782914148218,Inf,30.87536583857029
12.742568437938914,18.174794664261363,11.760269728215373,Inf,29.902933277197562
8.228614213359108,16.494201198082443,11.810509320501765,Inf,26.96249307212519
13.889960171999917,13.290524628209027,6.672372097027896,Inf,25.311403487682355
15.012011932818574,10.012645635046464,9.61885826768734,Inf,21.954617944482475
11.281502670688788,17.672429631758234,15.207109920098425,Inf,31.2670468878256
12.586755145717333,16.36989302498406,12.997494686329262,Inf,28.898259099664926
16.5001551264617,13.998473887423302,16.17317654708401,Inf,27.563583208903843
14.414829545488217,10.04037806747106,16.53450558869327,Inf,23.485245495006975
18.000801075796716,12.979381792634342,14.559934852875891,Inf,31.30979609604611
17.166968203529926,7.05404690363477,-1.5177905072139097,Inf,24.28180084846512
16.92437480341517,16.609308085820764,11.101886332797719,Inf,30.988717879578424
17.77610570051727,18.017799838280965,4.902111671270923,Inf,31.681888552069317
17.87913185242968,9.84310492969535,19.18291598362765,Inf,32.24761701176592
11.179193780434858,16.484828220929515,18.084386302759626,Inf,32.984819701045254
7.468270168065416,10.119917959540796,19.30994845939403,Inf,24.3735696643757
7.692406416582422,11.77578637839817,17.63063494101062,Inf,26.141558113316034
7.25153741036187,7.045900554197921,17.7619559199293,Inf,20.5237257556998
12.68230046635285,14.10792545433037,17.177162079769914,Inf,27.815522575031245
12.019582759441576,7.252961666122406,18.034853983535548,Inf,21.685841477605184
14.734362966678177,10.425485284643543,17.16565600122091,Inf,24.629983726714393
14.808500380768557,12.239783333204166,16.743098922850535,Inf,25.47439066847245
19.691092806682,3.1351522026156964,-0.7468478006215307,Inf,22.5646083687773
19.038342570902543,-16.488234606475814,1.8374243637913352,16.649730419431425,16.0689316643297
18.620470356309568,-6.426543495903596,14.240230164241126,13.038538174562904,13.038538174562904
19.56437071689556,-2.1842438861835944,15.059312083948093,Inf,17.461088237652717
19.045338692752054,-4.518352471449756,6.246415869483357,14.082539604108359,14.082539604108359
19.048300778485526,-7.627069296820572,2.9038122372853863,Inf,14.64223191038363
19.548142187450054,-9.24305672514107,17.774195055978048,14.908246107933671,14.908246107933671
19.753266666581936,-17.43686409926852,19.29284933292319,Inf,19.18826978103799
18.7059209027585,-0.11180276236322229,16.932465243753143,Inf,19.19916822368582
19.54184142928461,2.0632994155288387,12.260294080261467,Inf,18.566507728353834
19.17112391715542,7.030779746483134,18.28675394815265,Inf,23.342659070255316
19.919873140392596,12.575719995716483,17.03621042693168,Inf,29.859639728223016
19.4274035987469,10.902766150620486,-2.2829733402646113,Inf,30.380094047963688
18.944680373592888,8.33963173045457,-2.5002349411194125,Inf,26.367007228262118
18.827003025790027,13.63272956841152,7.3955375222085635,Inf,27.12056072171859
19.15973720745947,17.754880643893436,0.2844846013104174,Inf,34.71917321786698
19.47046068804938,16.723803931307003,14.773728460203756,Inf,31.206011075127826
18.457428963984263,4.781762764406558,19.570820885701032,Inf,21.888993707221438
18.63340840585493,17.539188407364,19.006280242488103,Inf,32.948350456578396
15.464230985066116,19.549628622396142,-17.512991881216607,76.95381801830418,76.95381801830418
8.505016201254954,19.793625109748653,-7.3781261287082245,Inf,44.92488249539766
7.1820151133402454,19.340218799853588,15.661934725993582,Inf,31.686873553615833
13.991570674231454,19.08327515681657,-8.998744662794245,Inf,50.6897139303654
11.788367732739673,18.745444374317294,-5.225194587426589,Inf,44.678475978362606
9.190560204858123,19.30007446885773,10.961599293551245,Inf,31.368403199820005
11.700717202861846,19.691239173232546,10.865086260503531,Inf,31.871361567418173
10.017237894328701,19.53420909656473,-0.8202371915968776,Inf,33.67525838441369
12.406295182717258,19.088109815549082,3.4969123054294755,Inf,32.08612124512039
17.440197406910805,19.292874143673522,-5.055794583733677,Inf,37.73023204113487
14.34768181393408,19.790904829617595,-3.2428179674942754,Inf,35.36496180900627
19.036835005220055,19.834104128262382,17.54307439269806,Inf,38.85696153185873
17.503314828062386,19.227201247066013,11.482478379408843,Inf,33.59206307794045
10.640347013338332,19.573417291706647,19.00631639533635,Inf,33.93001195999709
