7.0,-10.0,0.0,0.0,0.0
-11.634211864940687,-10.074583551395602,-11.764667559976605,22.037395883597522,22.037395883597522
-11.307150568393718,-18.312734072804524,-16.47114919440729,29.815855633775488,27.102200812490604
2.104971874524459,-17.356861157631798,-18.952671759853416,21.23696510542456,21.23696510542456
0.9300817183325734,-16.014400502442136,-18.303690878815758,20.282924022981845,20.282924022981845
-4.1914085189141215,-19.474846319634445,-17.978219504701833,Inf,25.45366696515585
-10.224800085212005,-16.8724296825207,-19.371920353196206,Inf,28.05968104779709
-5.212659474318482,-19.03712286055864,-17.784356824175926,Inf,25.577125179193438
-4.470874053050968,-19.190298156248762,-17.94958957763277,Inf,24.947112002133117
-0.5986343416414641,-15.628097462859962,-19.38733992687925,21.592864638812628,21.592864638812628
-9.825771123149938,-11.031630806284687,-16.548894088328154,Inf,24.76760730188593
-15.6994186443767,-12.557132826852557,-16.98850463968381,Inf,29.106867638967103
2.882807987473406,-12.206718246202106,-17.12837935212449,Inf,18.13328596440995
3.1323174306837664,-12.642293735572476,-10.638749856022605,11.62427129505584,11.62427129505584
-19.842721905532716,-10.23196177830628,-15.070337986247484,30.887924792082462,30.887924792082462
-1.8931334113710037,-19.70392739028041,12.91507866227083,28.591483497855265,19.494350644488005
-8.247097274961606,-15.934081630138577,-0.6482637648903022,17.918997768266202,17.128373990146716
-16.889437980168935,-11.454296611761112,11.771611348753382,35.30270521877515,35.30270521877515
-11.110896465512514,-14.069191988953582,-15.860896652784957,27.78281565568186,25.42981640610695
-17.735268687373846,-13.717267041439412,-16.355959622010463,Inf,30.497419533569847
-13.454138072399351,-15.041658190660012,-4.2030370868106015,31.265733615027344,22.311168305855166
-19.024593693830383,-11.566685065500222,-10.598505160422897,29.666553454870325,29.666553454870325
-15.445995571260767,-19.917434418358155,-4.565700738202274,36.54514788579617,27.031491859114617
-16.113639120031287,-19.929723845072253,-12.449359637145081,35.60224133625218,35.60224133625218
-19.424913157175958,-17.48594574020253,-6.597411736540488,Inf,30.078334765741992
-19.246610938530864,-16.191470380652405,-8.519684744888725,Inf,31.147160232607142
-15.657473672310482,-13.533691533345653,-10.791135441115456,Inf,26.136652974618983
-16.05381186434417,-19.025591363723926,-8.01741345586871,Inf,28.44777836909929
-14.421671418307422,-17.347340193362662,-11.041386562572963,Inf,25.62197267117945
-14.758870131651456,-15.589053765759688,-5.865131683175324,Inf,24.493947751732314
-18.364518887525733,-19.385505099515818,12.784582952836708,Inf,41.206190193921145
-18.455663197851315,-18.53861760005551,7.542488548678428,Inf,40.1652757250275
-18.58759827060794,-14.421569922546578,8.761319493293396,Inf,28.59139707100414
-17.306559477386358,-14.437915377213466,5.765554725659435,Inf,28.311795976914816
-13.909599780613533,-14.910328799853412,11.749759763744194,Inf,24.918690545942717
-15.381426936818148,-19.298450930314086,-4.217262947048752,Inf,25.712826940062616
-17.04737570859318,-15.267249840290456,7.656203795945782,Inf,27.200024122516375
-16.18236364104761,-17.892916352942116,7.589953786053734,Inf,26.770201848822683
-16.26163492621953,-17.966331512862368,-3.444383253018117,Inf,25.85655464485076
-16.288249869222014,-15.989019232945996,0.2910799912210571,Inf,24.87384462347382
-17.34876802514296,-14.574578050984082,11.486466884571563,Inf,27.90656986563959
-14.955890390442468,-14.482745378361983,-4.100258896449676,Inf,23.9168478856321
-17.58752362511739,-18.602588226621634,11.938156472166046,Inf,30.21751856411076
-17.862122414991912,-12.497667536253196,4.243724750945415,Inf,27.269480494932942
-17.028464049556007,-13.83069655614901,1.2057422864709544,Inf,25.39474143101642
-13.543369911287026,-14.261560590465763,-0.22468307656201603,Inf,21.840168411956615
-12.294882420675561,-19.831519711602105,-1.3514180397732716,33.330749353746725,22.69466308950112
-13.425983972248963,-16.0391125830052,12.642211167717377,38.49858876480734,25.266313136414595
-11.290262899977446,-17.525319168199182,-1.9724682213314253,31.348343327985233,20.654065041857212
-11.80987636902647,-13.023638654793741,11.08128965393093,Inf,22.140383745067194
-12.609890622882292,-17.480177746685655,6.04993814620661,Inf,23.042186204827164
-13.158873439450884,-16.715923204009265,5.186482938912384,Inf,22.73244529538306
-11.347377664897449,-17.264515643403364,6.788589605867912,Inf,22.229201313169675
-10.134357701479315,-15.332481857127256,-0.20431361272289905,18.937359701653815,18.689489989989163
-8.999031132383175,-17.46873346202051,-15.293127625797096,Inf,24.43998383380606
-10.82348386752317,-17.30800819515137,9.032300087126437,Inf,22.114175788305324
-9.530449288453404,-18.76270543739043,-7.269195385231368,Inf,20.74060274025502
-8.580574272114001,-16.10540413139436,5.083145124649224,Inf,17.805696085421715
-9.642179878854833,-13.669481079883852,11.868385731390543,Inf,21.061484528720804
-10.52871811161662,-15.061982486116152,-0.4396695322305355,Inf,18.994593135158095
-15.13941793765393,-10.62020496178996,6.508246300050892,32.36165826640958,23.261233591885492
-14.273033501513188,-10.857449499077969,2.369432053800402,Inf,21.852581503004526
-15.707586293876634,-11.330539927257224,-2.7946167027274704,Inf,24.590008939898166
-11.708337694614421,-11.398399051381931,3.1687402902597412,Inf,19.22439486480809
-15.359822029045276,-11.307543085832865,9.95040785807528,Inf,24.97907771543579
-14.515699766980834,-10.754000938127994,8.909725768470366,Inf,23.65191913873927
-1.372349786912963,-15.726050966899079,-7.671587915714317,13.198241389467716,13.198241389467716
-6.456455228471567,-17.402144083335056,-14.278336688315507,21.70156695186489,21.70156695186489
2.4521384523309564,-19.17022331234798,-15.813339985528847,Inf,19.587170084611067
-4.7540668523257334,-18.20069213060851,-10.554471903647391,18.284583816743925,18.284583816743925
-6.3444012461893,-18.828911720343527,-6.59835185668614,Inf,18.36394883271516
-7.0357645988911255,-19.578478797592602,-7.46761555226187,Inf,19.684091561404948
-7.323593855343393,-19.963210845291314,-7.532625504163866,Inf,19.899838865683193
3.049414784860673,-17.85829790962741,1.997900506259782,9.019510852116374,9.019510852116374
-4.246273964081055,-19.74509695935253,8.758575879065582,Inf,18.236957187493008
1.6817667550876791,-19.21758805467162,-10.343934486917679,15.818176456271447,15.164386256644322
1.0111797520649546,-19.233905877265656,6.58643931597144,13.702939628265444,13.702939628265444
1.7665340078544816,-17.157125037971586,10.162111626966606,14.254293837683521,14.254293837683521
-3.2020764450073003,-17.415744158739408,6.082934660688792,15.221993839690887,15.221993839690887
-4.266211207666615,-16.392433656423275,5.965617298966059,15.403534762591205,15.403534762591205
-3.313453231697121,-16.573638514277704,11.252348239055436,Inf,17.51339137415299
-1.5949624766078685,-12.134987351637685,-10.643961748306943,14.529650334874246,13.929898858496818
0.3397019931909995,-12.172152378806018,-10.916832897831528,14.469805349536093,13.000512567239563
-0.43949816901934113,-11.178827129393678,-13.625821882328637,16.505070458719818,16.132422411831378
0.6822356975448756,-13.676457601007002,-16.123023207956415,Inf,17.719322533426414
-6.293285270567468,-11.351129573015513,3.257465972788907,13.808409321483396,13.808409321483396
-6.40645355856762,-11.808403291394445,-2.7262302240611724,16.194019700036463,14.99222197065718
-6.573386031235291,-13.622522984114642,7.2336523066723935,16.208139325759433,16.208139325759433
-6.665885615062672,-11.528101813851723,-8.213046360272829,16.570170380533465,16.570170380533465
-6.615801203800569,-10.838262077593752,8.329834841993797,16.073776948058054,16.073776948058054
2.510333995541856,-14.373028575472153,-2.918800957247612,6.9137456404985524,6.9137456404985524
-1.832636683143587,-14.69963627959908,-3.0039337309962306,11.269812042366492,11.04744500572131
2.309764676304276,-15.179667045560574,-6.899917030268234,9.820189057197165,9.820189057197165
-5.761603064721257,-14.901856203734924,-7.712791145185154,16.02735317455712,16.02735317455712
-6.257686844790662,-15.266898133212523,10.567987554368159,Inf,18.62932657115941
-0.4119087543924209,-14.498805890262236,6.030227383321272,11.189275862609101,11.189275862609101
-4.221372726500041,-14.784337342733593,12.552043201866645,Inf,18.198701404569235
-3.063407411334353,-10.683253015343332,0.5853762719951661,10.438108149722748,10.438108149722748
-0.2532858103368518,-12.389369950035949,-6.067090324283075,9.753400884182811,9.753400884182811
-2.9643981965906185,-14.323077854728963,-0.5057136096852766,11.680531889882726,11.460729223811947
-5.283857484624894,-10.917986273632767,-8.515407149348961,15.538370769085898,15.538370769085898
-4.521451833554524,-12.416418093749417,-1.324938548946335,12.566004366663002,12.566004366663002
-4.849481454333473,-13.968573653732017,-0.7826706529511611,13.200896417778086,13.200896417778086
2.720020581491376,-13.818958423052106,-0.45028468925960397,5.753731272942773,5.753731272942773
2.2991739002384826,-12.293253998645994,-6.035172832305227,7.98624386293707,7.98624386293707
0.36020822854230516,-11.477635532343049,9.629723509662771,11.837481922906194,11.837481922906194
-5.379658542395207,-12.0554348479443,7.348403083475709,14.642413215823352,14.642413215823352
-2.573218527831081,-12.189681265826549,3.29693306056841,10.415718944985663,10.415718944985663
-5.190633827098408,-13.227421054792403,7.4425751084178415,15.311939138030153,15.311939138030153
-5.708838896538895,-10.605811102537919,7.328680830204117,14.703038665992363,14.703038665992363
2.056673798899908,-12.088494528552696,13.381597864725592,14.843631325476949,14.843631325476949
-18.241366918545793,-11.831773973169275,16.431943196437075,39.22544404597029,39.22544404597029
-1.84696568772236,-12.883629481042176,18.93499669560139,26.834544740012326,21.503739975811982
-14.97804197979602,-13.5703476529818,13.939397721722273,Inf,35.9715913727235
-16.021378462951912,-17.05433131430499,17.952790305388532,Inf,40.92551780202419
0.8677674083453795,-19.76219875135427,15.750742386751178,Inf,20.485424090034282
-5.7933318592599825,-14.501694462846029,14.424144725235976,Inf,20.2039305613479
-0.4890871684206104,-13.208962091902476,14.207928633428999,Inf,16.805253705347255
-14.291702849912156,-14.065202293675494,14.703644719874092,Inf,26.521645027205366
-11.726079866658381,-19.404677341791412,17.1384922004599,Inf,28.126487743050326
-2.9267604209071436,-12.047955884917991,19.583975764271877,27.956500116258177,22.80012248763831
-16.055315473082985,-19.32261409667084,19.10598531256258,Inf,40.89391577933234
-19.629880705244503,-10.481665828994702,13.831111260636149,37.912568099057054,37.912568099057054
-15.456914362800855,-10.650723281654422,18.566728581058307,Inf,32.184692391519526
-16.83659960156346,-10.636254615685461,15.232591214257234,Inf,29.083067206919942
-14.099287641817737,-10.406036598279504,19.07422723653964,Inf,29.123196360937307
2.422682210750608,-16.99711344782754,14.907057976923433,Inf,17.5276058374061
2.2639740966543513,-18.840333058237604,13.946348104138409,Inf,18.144786292789775
3.09287876298038,-13.446596925490075,16.660029084281625,Inf,17.551414513315038
2.5240829183490803,-10.188793424404832,10.293123644732304,11.771336077516892,11.771336077516892
-19.25022075274134,-10.122867779557803,11.567090097612585,Inf,29.623261986406636
-1.7859980068312282,-10.204374831215581,18.971689018417123,Inf,21.461255442876052
4.510615574143728,-17.428705219368467,3.040438851156793,8.403985034707743,8.403985034707743
6.608431290512755,-18.70768197282972,4.559898228173658,9.837160324275217,9.837160324275217
4.2847951284660795,-18.242491051207928,-13.142872216152774,Inf,16.967088395064923
5.563590734868924,-17.879387868151937,-4.073620090579366,8.985677792804847,8.985677792804847
6.423274059942365,-18.843084957041878,-10.811745891269267,14.417038516921156,14.417038516921156
6.3592725175007025,-18.40491424826432,4.653582778740795,9.628548587720756,9.628548587720756
5.037084986384297,-19.748700685073572,18.509217413029532,Inf,23.58633236319013
3.2817132507418734,-10.363451909911658,1.4874204486159641,4.021215392327041,4.021215392327041
5.618185510594699,-14.878770849017409,-14.38644032127634,16.64687558098528,16.48336766557049
3.86601996140838,-16.041905199915007,-16.45324283507228,Inf,18.399520819279935
3.90681352874223,-16.585108545285607,-11.220257035562264,14.400722093598153,14.400722093598153
3.2197726356858603,-14.673740064234764,-8.371929747711215,12.421044814230287,10.693777550847106
4.225516230288449,-10.46190914871568,-4.471515157346193,5.282572105748942,5.282572105748942
6.872199453784482,-11.649347970849089,-1.0146187002935392,1.940652677720138,1.940652677720138
3.4578783300446148,-11.222401705174443,4.718812003417963,6.025618522374476,6.025618522374476
5.357100089146147,-10.152168845953407,16.771378545159436,Inf,17.373316334553124
5.6683116729222505,-12.372185361619215,8.785683411817928,9.197221874188331,9.197221874188331
-2.6038781851527943,15.409398112550235,-9.736902423448228,37.240971582049596,37.240971582049596
-19.739913768894198,6.568196634373624,-17.040168447603854,39.162504007611666,39.162504007611666
-19.95795996466711,-7.320482751183288,-16.855035928502744,Inf,33.38046119607867
-19.7836568196486,-1.4688873395287239,-14.187648964215356,Inf,32.78818363599815
-12.075711995182097,7.933843397055192,-12.59027632194969,34.161314067459095,34.161314067459095
6.384824062149086,6.388866305483543,-10.703633300688962,27.26058011282965,21.88885197870102
-2.3246654275476963,-5.584010402251041,-11.750858141521077,15.637990360185285,15.637990360185285
-6.770094724835918,3.122171375820333,-16.69975579631903,31.563092231811602,29.73556293934505
-10.24620995314196,0.8950172731690813,-14.166945634594263,26.719671974105925,26.719671974105925
-14.89990970383321,-2.7457306278944493,-17.553132007022185,31.930989174407962,31.930989174407962
-18.3473399548393,2.763024406710368,-14.287695240716527,Inf,35.03425785812568
-15.459315348379512,1.5068120269013434,-19.462046125655252,Inf,34.15366217086048
-19.505422946475292,2.6515153144819052,-17.483123433376598,Inf,36.71043499892968
-19.217627001035638,-2.318542143937723,-16.43711913531069,Inf,32.71324949383258
-18.39381998328454,-2.454071721434488,-15.537997254000304,Inf,31.639771153022945
-4.863199660826618,0.6076415220345126,-17.793430968514787,Inf,24.654275403070784
-13.36978786689813,-1.5528191730190528,-16.59532734445409,Inf,29.46905495724227
-4.541066469951591,-1.8698549462850345,-17.862561797498273,Inf,23.12533340764452
-8.26552600771862,-2.3543084939708976,-18.80146869150942,Inf,25.40712071948463
-4.853537522680433,-7.035658636889526,-19.711795179788865,Inf,23.89275211711854
-5.041564736473827,-3.849966312917779,-15.426312299334235,Inf,20.52648849609379
-11.36823303101874,-9.85367446848083,-16.481585904555107,Inf,26.228561776135237
-7.301719912931128,-5.846276068448315,-15.159415911168397,Inf,21.595514917243953
-11.804117645757657,-7.242369729395675,-15.07864799873393,Inf,25.05046290159794
-14.779121093993197,1.026474361396545,-18.537772568758484,Inf,32.99213155747327
-9.174983327530919,0.7799917191714378,-18.701825691837204,Inf,27.544369131461576
-8.76395302546019,2.9741025805077186,-15.17449961800919,Inf,26.467678895908673
-3.1735374488100554,-9.687952047629595,-14.078165401899634,17.935525597819677,17.904511273157656
-16.20418167689781,-4.881374725917862,-13.519415401005848,Inf,27.79776796645364
-17.32235632028474,-7.452514034105748,-12.080328039758683,Inf,27.8794678524104
-15.116053738227757,-8.048875493981802,-10.904759012225371,Inf,25.483298016124742
-14.257398930338798,-0.32084874180540623,-11.057268603508046,Inf,26.629282608889433
-17.253213632320836,3.18238161077452,-17.727950506766746,34.905690045953286,34.905690045953286
-8.325396211636678,6.436077009100785,-18.188397312798024,33.83057501288003,33.83057501288003
-17.61769356494642,6.10338931015886,-19.168808419761312,38.18306752292911,38.18306752292911
-11.407949240727921,3.8956660449021996,-18.802642231845628,Inf,32.047742769647265
-13.863377036259399,5.396722082489944,-19.972685855211203,Inf,34.90843643565567
-2.941930996025235,3.623795829404706,-18.180052635095638,Inf,26.345386647586622
-3.95247335201244,7.54656207981342,-15.562910405117458,Inf,30.130620608271805
-18.343656597594205,3.3380013294588906,-14.685157357445506,Inf,33.20547165560488
6.19631880672501,4.995414983338328,-12.765171513314275,28.822208532715006,21.223993054499324
3.35622337484768,-7.562885557808272,-12.874826596479387,15.101147709366916,14.214293719873782
1.426346623622912,-6.798188582090612,-14.21482442899447,16.356442542986038,16.183204016050905
0.0400578090829562,-6.348488413684992,-14.114935031080398,16.53360104639046,16.426540111628984
-1.1398776608961754,-5.506677696146234,-14.957435577356337,Inf,17.82837834652542
0.2217788866160042,-3.3670157273418795,-15.421921636474947,Inf,18.31977916428221
6.622071580203503,-9.972429012886401,-19.210909872899002,Inf,20.19537787612202
5.03175932642856,3.549651269591159,-16.741201422397953,Inf,22.122105698049857
2.7158790855965798,-3.7121929822112243,-13.326695399795065,15.941959447856972,15.941959447856972
2.710864713671075,-1.342158862999618,-14.970004756656126,Inf,18.482884332828373
4.337472640074136,-2.9068836905166435,-13.403013666926853,15.735216556808794,15.735216556808794
-2.158760082511346,1.1305590308344122,-11.311282248525734,22.368977971297028,18.596740255758952
-1.0603717872739615,0.7999021307799907,-12.545521224110114,Inf,18.725080036737907
4.83264187051504,-0.8494363271817207,-11.520875415189993,15.348173489202193,15.348173489202193
5.724626526968734,-8.442051743981214,-11.261658068688867,12.050559495366354,12.050559495366354
2.846563989234472,-0.6629299350119133,-11.322285173023694,16.39995219063389,15.894250407033205
-1.6276447725908199,5.145740987607574,-17.763641584921473,Inf,26.15957689431876
3.346065098429829,5.432074757349401,-18.292658569751215,Inf,24.703617845126168
5.011150032443979,6.561039198897596,-16.33516570130311,Inf,24.18697451906246
-15.55168160867841,4.351509597768015,-10.332602573302454,Inf,30.61108461201031
-16.905342425308774,-5.787464975994681,-10.453974848842806,Inf,27.2567725643591
-18.184272500042038,-8.87754521310482,-9.861224291344142,Inf,28.484400237377855
-16.169246429320225,-0.25193006445747557,-10.478496561150434,Inf,29.01627268075361
-13.363831162029252,5.3089616007119815,-10.271404520122491,Inf,29.426333732217994
-11.588606989382333,-2.7296729364591776,-10.49606847121507,Inf,23.808415521566822
5.997964709714651,-3.4327289158290064,-10.522659684351776,12.722241483910299,12.722241483910299
-3.903356308450327,6.605996201500581,-9.937503872738036,Inf,23.866685568934937
-15.702831764754004,13.813161130856841,-14.142895865708036,40.83179390128975,40.83179390128975
-14.037782697575185,13.779173082333159,-18.442101416430656,42.03989010554497,42.03989010554497
-14.171340873988338,12.519725979681738,-15.063774615822094,Inf,38.12196516403956
-18.35636036936222,11.354826356710479,-15.480873536312325,Inf,38.8399619362921
-15.110158569729286,18.012185436718582,-17.890788431938603,Inf,44.37020464965016
-17.067442399284644,15.970719993959733,-19.048012288896892,Inf,44.13619109652286
-19.708481554096622,18.04902283084531,-17.29917686779327,Inf,46.26015131377312
-3.195198476465393,9.492600055849387,-19.704256102912794,Inf,37.6342506054243
-11.10826823392304,8.128574316104384,-18.983675142981706,Inf,35.45284866588496
-1.4902428376598493,8.106963038739377,-19.022642127406506,Inf,31.968226459424315
-8.362166064683958,9.016114595316598,-16.30779686580795,Inf,33.88207546627966
0.7122424786638888,8.415650477786123,-15.757929620986202,Inf,25.52578288817452
-12.914429958230143,11.74186760288017,-16.776972537979027,Inf,39.208703088526526
0.019789920275023576,17.91937334229963,-19.162830658304664,Inf,46.66972513222565
-13.41699855539245,19.50184353214248,-18.875367576507536,Inf,47.26308471316446
-8.340145543277684,12.24650628652256,-17.303347846779396,Inf,36.791721515218036
-12.674762304342728,13.731364704508636,-17.549557777068728,Inf,40.3916100179423
-7.560765164270595,18.04492314958697,-18.426043025782768,Inf,41.31000909032298
-6.998736188089172,14.467231664037342,-17.920013367644856,Inf,37.45333120431658
-1.1496276783687591,15.579953137489717,-14.895791160673637,Inf,40.74346766831606
-5.444136259284544,16.84487084821064,-15.15327835070444,Inf,38.21889661150175
-1.5848121836328488,19.6663541246578,-16.39496590059626,Inf,39.48010414766711
-0.5396358162674986,11.146916690182522,-14.804668932733431,Inf,30.202629153504596
-12.982045898207248,9.176027133205,-13.841763221383383,35.44696629836159,35.44696629836159
-16.494392520889658,9.600369583499521,-12.349998988621795,38.889927005233034,38.889927005233034
-13.788391800148432,12.645090350906827,-13.374133764381968,Inf,39.03907857821094
-15.199475293644102,14.807908987038296,-11.112273363312513,Inf,41.270708423929186
-8.839142662163377,17.001282738405394,-13.143634305147831,41.27434709406165,41.27434709406165
6.260186874029721,11.227958789986843,-14.025875308248867,Inf,33.131665400835125
-5.399327041636228,11.948314546604706,-13.010349283778098,Inf,32.873766447823705
-5.010129041267044,11.955797843857738,-9.889048856429854,Inf,30.39876068609257
4.874599704104412,11.90599077258188,-10.854147399040235,Inf,25.94529769763016
2.43474184612559,10.380438320955534,-12.450283109536082,Inf,24.7812181627423
-3.3785570403545506,8.89918639958033,-11.064140456750335,Inf,25.12835786052964
1.051047091966744,9.636559254566642,-13.329482799666215,Inf,24.718191631682988
1.8665768844868147,9.323044322982376,-9.89560880839651,Inf,22.979532652056857
2.746211103920018,16.140642339261582,-12.327242076613931,Inf,31.649826618082706
3.335077964929745,17.07177637480973,-9.915476368634888,Inf,31.22995391923266
-0.36217251517565785,19.27035857382431,-10.537724208605432,Inf,34.710787186152366
-11.635148314766592,6.895557022976764,6.867601397887526,31.438697602636363,26.684946367682322
-17.606224724462052,0.014531804368846934,6.975322914936655,32.77786870520056,32.77786870520056
-13.800978195198725,-7.85885073819256,-3.373659034328327,30.982415297044685,22.39310633263101
-18.827253098737813,-1.4261640723410807,-5.384412965825387,36.50840331852176,36.50840331852176
-19.595245856576888,-5.62477818003849,-4.941650111657756,Inf,29.52176786198016
-17.883609075552044,-3.6893717444901775,-8.806837635694755,Inf,28.78096703017782
-15.914661376547983,-8.173077432125169,-9.54602236051799,Inf,26.124469943633585
-11.67327684539246,-0.1579221543824687,-3.8398533187382284,Inf,23.3073171642258
-14.871458229543704,-1.510603528281706,-6.634859545358278,Inf,26.268509894606645
-13.406419276268062,-8.08064906321957,9.403632512772802,29.90638787811072,23.065730308771048
-15.03914867396027,-6.415501548679536,5.9856728359257545,30.10569834209568,24.47058017858383
-19.0492224790853,-8.630652887665313,9.208980786840257,Inf,34.35201738574592
-14.179195162042886,-7.597797351064832,11.516676454013492,Inf,24.619408432124544
-18.281003163033958,-6.345559093294479,1.5933480766686259,Inf,35.565279760682245
-15.598768910802425,-5.231973740027742,-2.272940930888268,Inf,23.948961288048555
-17.041027698595002,-5.772839086606112,-1.9132536776858018,Inf,25.243382690489305
-15.699050907187724,-0.7896685802416243,1.40401388416592,Inf,24.982542596496437
-15.727922107967789,-6.210522022312555,7.856680993913727,Inf,25.79996436244079
-17.25621413005417,-1.4494256524554316,3.9951870007239165,Inf,27.39481906304532
-14.386827091405694,-3.237552125155567,7.427311640879665,Inf,24.203355517661763
-14.224501985416538,-2.0065940377343416,9.35515039612956,Inf,25.31378035793206
-12.16703961064594,-4.825319315143668,17.37586297849301,31.238108731242622,30.78513307488547
-12.95273718009689,-8.097956044559247,-0.111028575184136,Inf,20.529102997413926
-12.235467136281901,-7.125546724744263,8.73452781951488,Inf,22.232017486290935
-12.88141427436325,-4.699541082238419,9.025728938529099,Inf,23.336658898669995
-13.299201309768334,-2.10234542064984,6.142228007416577,Inf,22.845748853867917
-13.588880248567472,0.71078056027714,9.540934596443602,28.559239548935082,28.559239548935082
-12.22365815351596,0.8274325649226277,3.713864077116604,26.974729954233897,22.778492556744432
-14.0930788534682,11.084216237508315,-5.319419583794129,34.29595712466292,34.29595712466292
-17.176087562883335,0.8467479967288511,-1.2388710822737465,31.500609951299197,31.500609951299197
-16.883660754343488,3.562327375086678,-6.56850663878596,37.48934103256794,37.48934103256794
-19.81906975759337,3.0072751275670306,-3.6791249878423216,Inf,31.487322761902487
-16.967104389244263,2.28296561757751,-6.1481401423267545,Inf,28.578799929062498
-17.271190232909586,9.597072928460449,-6.578786719940775,Inf,33.123618631344094
-17.310929936012673,6.354860971078455,-6.614330023891997,Inf,31.268556040900673
-14.918943411386962,0.5570416227855723,-3.7196683514352813,Inf,26.008588765706723
-14.084747881060311,0.4995349453094988,-6.550880377077339,Inf,25.877130220465467
-12.786703958003063,8.096304890728767,-8.384606330019535,Inf,30.556972998677182
-12.968749605864751,9.421403795427558,-9.589825277920108,Inf,32.18283629763544
-12.71808842415715,2.8885533152893146,-9.65026866064477,Inf,26.02862098716465
-15.028856310615648,3.351445584595538,8.321312629480168,Inf,30.800889448669842
-17.466836641014503,1.5376889216592389,6.574263321931095,Inf,31.651686554839443
-17.732876271632083,0.5481052056397928,2.340716938574367,Inf,28.46312456864367
-18.0139975482213,1.5953333181508533,5.922254714769437,Inf,28.841624092312006
-19.79492415878625,2.7546042432624596,8.507394465969583,Inf,31.29432197278542
-18.02501535793688,3.2568295443880935,9.280812159450889,Inf,30.649900646545802
-12.592039172009759,0.7396660781195052,-0.8798399546776281,Inf,23.263810799671695
-14.832467164055885,4.737336744594465,0.305906131480171,Inf,27.06329363776725
-14.820534785810953,9.933144849983641,0.7682316283461859,Inf,31.21596546901473
-16.800273521648165,16.631337689749692,5.520883495943039,42.96831831921884,42.96831831921884
-17.43426132178036,12.23875193867454,5.032716325157487,Inf,37.93489137739826
-19.202584457191083,19.48649383024084,-1.102423192549029,Inf,47.59391131420955
-17.920373215773708,13.75198005657316,-8.221291191320006,Inf,39.790136295076984
-19.88971772409542,12.728754551744366,0.39442771644759844,Inf,36.52090315954694
-17.85650720349799,14.792571843830899,-4.7693269420505136,Inf,37.53652393272427
-18.142228998153325,11.137726298396942,-3.0666056058450337,Inf,34.68584767615963
-12.300331815179693,19.100325847445596,-3.7697314612618626,Inf,42.654993462599165
-14.136370481113234,11.946686676261812,3.3590071813127125,Inf,34.814293266628
-14.270187893933208,12.791369573004026,-2.6025930458122915,Inf,32.89311650971824
-16.663092889174614,16.268926118735806,1.2085043144758956,Inf,37.301599664049235
-15.92383149045582,17.349925783569006,2.281490338822234,Inf,37.677838482752705
-14.131848786892398,17.014371117736133,3.8471400815278045,Inf,39.22903950867416
-12.343809644921393,19.380150530415037,4.714969612497413,Inf,37.89822113690312
-15.929859730242821,13.648081776802663,5.9646762700684945,Inf,38.14697662131607
-13.054935895374129,12.218933957104227,7.605218978361137,Inf,36.2284257673205
-13.252858659680005,15.453138509456906,9.142607152934215,Inf,35.588487766457966
-14.418775603786749,13.705911601728253,6.19388450988523,Inf,34.07300462528144
-12.163172888730509,5.005851748667219,-0.9955892223917395,Inf,25.87459882518616
-11.781670522284253,3.413543144331612,-3.779740396316271,Inf,24.394040888615166
-12.14888203211463,17.823726789069127,-9.628355111123668,Inf,37.22775844548838
-14.344355543560745,15.069325251257418,18.79167032321582,57.87396443303483,57.87396443303483
-18.15952238706072,17.598395598028787,12.174958732462926,49.828309261585865,49.828309261585865
-19.529524138413272,16.47346605267966,18.34627189390889,Inf,56.24917193083403
-18.48813860344898,8.105857638826038,16.749284061156757,Inf,40.44060375972507
-19.938492203032567,15.530348443606321,17.388307957526507,Inf,43.9740891076668
-19.660827957446436,16.119297291593185,14.42039834372519,Inf,42.67494151010986
-18.30136652422018,3.2708866561193446,15.618857104363315,Inf,34.96774291136155
-15.509490617125925,3.105668567023443,16.82414036283948,Inf,31.827543704471594
-17.476407546751382,14.6444597744957,16.23179075242949,Inf,41.18120242394755
-14.772740135181603,10.648324411930368,15.460689747173845,Inf,35.35709765740336
-18.29025069574797,4.41956307812319,10.035995667194577,Inf,31.634986256801092
-15.375897628892483,16.1358703121158,19.6363557280079,Inf,49.52368309585537
-18.601981587181147,7.328165429167754,19.908059545564242,Inf,38.21914023072246
-14.755922390864207,19.798910997763983,12.588152175245398,Inf,41.01871629137125
-16.367079335805144,19.958470434954222,16.530037759739827,Inf,43.80185192565286
-13.80013685474788,7.067069371166905,10.281473205817555,Inf,32.38523171857797
-13.485075434014426,4.864566580222327,13.831345617457622,Inf,29.90177886831397
-11.651823704815305,1.2469332622931795,16.229316425926932,Inf,27.504314997207658
-12.931237258770922,12.981338135391852,12.320610223519594,Inf,34.9585117147029
-12.209594228347607,14.26362012557881,11.575232734977298,Inf,35.445880508308015
-13.033089209191813,19.269317617918666,18.45921676821512,Inf,43.09422585414515
-14.000895293089455,9.569544233832659,16.217767819466154,Inf,34.442672422018155
-12.038598332053034,13.59746439659795,13.258742964243872,Inf,35.34560934393809
-10.525606773247258,1.6668119670196724,13.923793661099126,29.02585675050128,29.02585675050128
-0.5279224476725091,-3.3441932388796047,18.036527589018412,25.718553458236862,21.326184264078506
1.6882502486469875,-2.449592028813239,7.535023284257683,12.360918935452895,12.360918935452895
-0.5647609513435725,-0.8755471054731956,4.472431667265084,14.193795726163994,13.178983352251478
-1.2177437316558404,-8.30172787716898,14.864913376523383,22.180266356023242,17.973234529600894
-9.318953784556294,-4.725957086460593,6.927151978214951,24.06735643078065,19.201946356657423
-9.371619855465978,-7.272004542296537,-9.503183095644374,19.519535432073145,19.519535432073145
-10.025411598292333,-5.552064080145538,5.998792735164091,Inf,19.590963630744966
-9.943178506268096,-1.8163342700476726,8.093732862081957,Inf,21.39661116801904
-7.989598454534139,-3.50919859193602,8.664831041965684,22.16193863544609,18.875242649320448
-4.60323735248255,-4.237262388378413,7.57808600766473,15.510886390348295,15.12499488071893
-5.296849207728149,-8.77091862543736,-8.123266498471722,16.021321915807984,15.569868704053672
-7.429975022644468,-3.9713284620271594,3.077519557485367,15.965824966098403,15.965824966098403
-8.050927040120763,-5.59502453601989,0.09596918210515071,16.029778381414292,16.029778381414292
-6.897449874728823,-6.100802598766393,-8.89276377390563,Inf,17.072760991149927
-7.335362014857543,-5.37243616765589,-8.628081935723175,Inf,17.45128205591918
-8.619392966648052,-7.495824499104007,-3.8037030996778114,Inf,18.031074433649984
-6.776670297508458,-7.130228746094289,-0.47256367366250274,14.758438969831248,14.758438969831248
-0.977483449509549,-8.857566695862404,-7.120633558494482,11.735127577904828,11.100407406071726
-4.252037651559908,-9.791229600245162,1.0518721072096398,11.589210066434228,11.589210066434228
-0.5825977691739048,-6.898119586654445,-5.40456741845424,9.814621745558766,9.814621745558766
-2.851139892138505,-7.871794343565677,-8.967043703657085,13.705276621687133,13.705276621687133
0.4301989179106087,-4.986621993124789,-5.889023533018234,10.270655583092156,10.270655583092156
-0.5697514776334174,-8.690231579963932,-8.850851093026826,11.979989149049953,11.979989149049953
-0.5415425022484825,-7.846422713167156,5.93132535005628,9.833279150507366,9.833279150507366
-1.4528326817697206,-4.663048152313802,0.6672998273350217,10.245432554508003,10.245432554508003
0.9484111291406521,-6.99739107144894,1.1790330850433683,6.857660479737251,6.857660479737251
-2.607689165817419,-4.960911525011458,11.67797527564445,16.58747208672197,16.095821736138312
-8.101660070208556,-8.899916103429861,12.992220194497186,Inf,20.449630479929265
-6.840417666699343,-4.004753792955329,12.41321990019236,Inf,19.654134784765574
-3.6383175862574646,-7.229423482931452,8.921022142164254,14.181726100832389,14.181726100832389
-8.724479418521822,-4.802417861075474,10.754391427440673,Inf,19.80766577335705
-7.674173200292129,-6.589705416023568,8.092880267040748,Inf,17.391458739452986
-5.719280699521159,-3.636072465558591,10.899861327297444,Inf,18.153277456046485
-7.451258189693002,-5.2610859205291405,13.719630906857311,Inf,20.61907919674691
-9.230330785035017,-4.519538386025168,14.769520462654093,Inf,22.715132305772453
-1.8303389022309347,-5.030768555310896,13.048245018299895,Inf,16.76977122785449
-1.7880283794294627,-4.426708203031664,9.447180253379805,14.183044039246571,14.183044039246571
-1.1681518192096263,-1.70820314285967,1.2162029579623095,12.554741246034713,12.283685807248357
0.753291692321099,-2.038967574211892,-1.4329953852615844,10.860068495012909,10.860068495012909
-5.28531162110613,-2.255675750856625,-7.118041463514251,17.542285156198044,16.641319017650645
-3.7614149317380985,-0.8799514143516092,-1.2636230912294195,14.95532055394655,14.95532055394655
-6.758371856748102,-2.793155671280445,14.766373869812284,24.445353161054307,21.644051269212966
-3.03897177529425,-2.1837415042141544,2.315435660965175,13.210758574153948,13.210758574153948
-0.9677493460022717,-2.687915144640563,3.28462571547961,12.0226168256891,12.0226168256891
-4.902438646800551,-1.4573796822358105,8.350424610538294,Inf,17.938174416130856
-4.020054299143174,-1.9852971497444187,1.6181574853376546,13.92869749215437,13.92869749215437
-6.985184459996123,-9.177922286825142,17.32559799973521,27.13300300747265,23.435647475307583
-9.627844497231575,-1.4058063553120022,15.247274550433374,Inf,25.106733050793896
-10.3658126116472,-9.614679836079159,15.970602438363258,Inf,24.258571896516102
-0.9404193466851325,-4.536594909402778,17.49742209685013,Inf,20.690526883126577
-1.722700741728616,-5.47491605733704,15.205282003975881,Inf,19.34572077540762
1.2281695635895673,-10.020843080721189,15.773802060885117,Inf,17.405644787755516
-1.0495364881765639,-8.077312145407367,16.873410902964906,Inf,19.55139322737844
-6.410639220880636,-2.422236244842935,15.216031710677136,Inf,21.842422993119296
-8.7751418638695,0.05661963159547412,9.141610444610755,23.68487153501109,21.6985207297799
-10.740740643921276,1.5829616513058369,7.785489340407253,26.519013905207174,23.670896004551867
-10.866014476667818,0.6646189617553304,7.075324648812192,Inf,22.804105121102538
-8.279829862742139,1.3834431288878406,1.194484161455307,22.261959591295938,19.376045287410676
-4.984744469211746,-0.24654729516226936,3.153718811494464,16.05959564383934,16.05959564383934
-3.6415724854345832,0.7302064539497337,-1.846478700442951,16.34119540405389,16.071030439903545
-8.393334840351372,0.7950603500295905,-6.879391499886571,Inf,21.90390789249213
-9.312440028283708,-0.6797273298213398,-2.889532940381592,Inf,19.747607660965542
-7.238596064916258,0.8968818333411406,-9.135828598760298,Inf,20.86333327192288
0.8406002805963126,-0.4504847617427643,7.988749353325247,14.435588957253419,14.435588957253419
-4.204371412774028,0.9749931220347747,3.9968829557619223,16.75969842890096,16.75969842890096
-0.7570293359804126,0.12921823961863765,7.004982737735304,15.910344817705699,15.549211615319638
-0.4371289627411983,-0.8493674607322959,5.185566655335183,13.458699452564751,13.458699452564751
-10.248872770297615,-0.20266237000250698,4.975712196613333,Inf,21.04048396155218
-8.431684030943973,-0.4661485963327934,16.534273815797782,27.651007256926196,25.40254131419488
-11.511507926885303,0.7008853553639405,16.57571828196049,Inf,27.34971435104427
1.960491085989979,-7.652291564378748,-6.402384968108832,8.47932298435079,8.47932298435079
2.918826589832449,-9.885959543551941,2.559453092386896,4.8186908763370955,4.8186908763370955
4.340585763396021,-8.334786929060396,-3.1214514020665334,4.4259323886547515,4.4259323886547515
6.3960253916093635,-7.971206916146292,7.652604569991894,7.939971247387114,7.939971247387114
6.153165350607512,-8.495930737303965,11.807489088322704,12.134894542117397,12.134894542117397
3.1048629033128883,-8.991194414304724,14.98973388714819,16.045869818023423,16.045869818023423
2.313653334433255,-8.02844543192836,3.97318119262696,6.452522086300619,6.452522086300619
6.044448175938317,-7.403390287866358,4.036943918690483,4.894116619806524,4.894116619806524
4.459704913404437,-1.6097550329979526,2.9367851451327738,9.24521588292871,9.24521588292871
1.7057761818660033,-7.5613824035074995,-9.109341934959465,11.013436401934507,11.013436401934507
2.3659286250282534,-5.806089015487519,-9.495306452573535,11.561730322809574,11.561730322809574
3.287519687417941,-3.064841143789039,-5.551383170549613,9.627917404010702,9.627917404010702
6.674197385838951,-3.2703686546640327,2.5212004421205663,7.1937846129051914,7.1937846129051914
5.202183394250817,-5.5989380589183835,0.6395856138268812,4.796932406711492,4.796932406711492
6.29353835541739,-0.7497342848845108,-0.29576694016971317,9.281916932315479,9.281916932315479
6.119246863962189,-1.79738601711324,15.33863103645237,19.705498459591034,17.58691092744163
2.6470208300920284,-6.646525817278164,15.436445370336138,16.68056578214732,16.68056578214732
2.033028267166994,-7.493481515625566,17.99276043199199,Inf,19.442642449573288
3.3660070093641714,-7.396810138718575,11.339615355375095,12.67249051756505,12.67249051756505
2.2116851289873907,-2.3866176646035875,8.364748697459312,12.548394791569404,12.548394791569404
5.821078377482934,-3.126793976181137,7.46565004080346,10.38002545534113,10.38002545534113
3.800467381669872,-6.606399560703515,6.3432003269395025,7.873355276185443,7.873355276185443
2.197078376290243,-0.9521476998842076,4.120331373892469,11.334432529541271,11.334432529541271
1.768831786467075,-5.711081451110145,13.963318415618218,16.085165966886112,15.810315487404182
5.619686794894463,-5.171433235511396,15.602555836385584,16.98098754168798,16.404199470772856
3.316447203446373,-0.2961466872296441,14.25722855508365,Inf,18.15249482536997
3.8880071185238485,-1.05230804748836,12.10852582742514,16.86189740148919,15.820296765722247
4.609624357089075,0.6605819853718558,9.45132280261894,14.71256185891756,14.71256185891756
6.070440420017071,-4.415224303686163,11.56788652628802,12.996271154539361,12.996271154539361
5.658706802722797,-4.834836244821075,13.673842318746416,14.76900951909808,14.76900951909808
2.6768137055189882,-1.890096657885998,16.33964472409204,Inf,19.372998230653657
2.312199983498875,-4.745533382302023,16.179283676332673,Inf,17.929308377216127
6.547166230557686,-7.313501478165421,14.821286812470056,15.140347979890029,15.140347979890029
2.902177164763824,1.264113255488759,19.21800555366049,25.602265530656886,23.4600040897815
-9.397794459719417,-3.933384625151099,18.101879179120047,28.239548123098256,25.99108218036694
-7.746140012539158,-8.84724222084393,18.75615338575429,Inf,25.08939817340316
0.4288573885252305,-4.2865282385984305,18.355751070032824,Inf,20.889963472184675
-9.106854144055125,-7.1671693167546024,18.58356862219793,Inf,25.83203960171335
0.029973716435797826,-8.061665334360972,19.025913812830233,Inf,21.07786585360903
0.5115873180166659,0.28746226628666705,18.207812211671452,Inf,22.85044397078513
4.346320179982122,-6.47168113615467,19.207084554600513,Inf,20.01628331459427
2.9985371459205297,0.8359215621465026,19.409683491456505,Inf,22.921234745030873
-1.5194631754286618,15.894923550043671,17.55688706894979,42.68727237096574,42.68727237096574
-4.621461726511971,11.916272641121726,-7.19986345909728,32.47556125216813,32.47556125216813
-10.284272339144973,8.064597220068627,8.1025850892045,31.8997819750628,31.8997819750628
-10.786533242421408,7.938010516997096,1.5595464752000332,30.20142100365978,26.64651160169292
-6.2579460171390355,6.271539249693596,-1.661224126216485,24.39981846568049,22.447257622243207
-7.486064337084555,6.7644955315670074,-3.753447907197316,Inf,23.74587593903739
-7.810358704547946,2.393098975428849,1.5514968451899414,Inf,19.720174312060326
-7.84041374084345,4.7409835590644,0.30181602215436243,Inf,21.608233610521992
-8.918526046345017,7.704615816417828,12.861732759127435,Inf,30.20450184319688
-9.616189155903925,6.802645467525153,10.07095287052352,Inf,28.56000034215729
-10.677845041573999,3.609477456643546,12.649710908171166,Inf,26.74227703704666
-10.944564884628702,4.4647651715648,7.028706224018517,Inf,24.587869325562885
-9.809336726288409,2.8500416642229425,12.071398417226725,Inf,25.000378712949715
-9.648754021463564,7.114389640658825,6.5189998635514534,Inf,25.34425230777271
-5.8185185597981,2.8625882844610047,9.00506479473772,Inf,21.030128345877113
-6.992323836472654,7.315281679571939,12.05762413848258,Inf,27.198622636667505
-8.317984072890603,4.880759800920089,7.181356043930911,Inf,23.264903369303276
-5.0816842973828535,9.748807190481745,-2.8442596656765033,28.25657319641231,25.528395637556535
-10.641495171473032,14.713722539538665,-7.900419729087211,37.263605780220466,37.263605780220466
-11.138700040707308,12.232923360554281,-7.12411874758617,Inf,31.135522237641258
-5.918651666063832,14.280329557641068,-7.311420008179921,34.20698708653643,34.20698708653643
-5.259152650107772,12.987542428716942,-3.362050521913762,Inf,30.9199842923771
-9.419187745800084,13.607777292868306,-7.1135621633033175,Inf,31.61085141210593
-8.056370970649782,9.413219534524568,-3.859420202993782,Inf,26.01774322932215
-8.560728943762381,11.867486446272881,-5.7430301720594645,Inf,29.152354776979767
-8.809070638411693,17.369204864556266,-8.14252884481614,Inf,37.61302598328046
-10.141211490705544,19.314097324234666,-8.677455829129128,Inf,37.571486444264025
-4.889823832242204,18.77168929944076,0.5821406457451239,37.91004050533126,37.91004050533126
-8.564758133483323,19.90289292949968,17.05261287802312,50.80849715866138,50.80849715866138
-6.5901406897584724,10.331228894715203,6.032653991344425,Inf,26.627596208382894
-5.953136760395976,13.70038007935672,5.417972052185192,Inf,32.7960066221947
-9.296357188888766,9.744501223127369,4.095168213705016,Inf,31.17007882214523
-9.708556860248576,9.11668562362685,-1.7868509264140542,Inf,28.87389436720681
-10.31985897219001,15.991137396296729,3.102787114139378,Inf,36.6969124951887
-6.8583629458089845,17.67687192186628,1.2092727958669087,Inf,32.96457301039145
-11.012897266055903,12.104337968339507,0.2992759389308759,Inf,30.223803306366477
-8.85435531484946,12.89159617113355,3.011089983846553,Inf,30.955901111509654
-6.338605181454033,11.14582508571359,-1.2136919824743053,Inf,27.34270993349041
-6.247757553359161,15.762039695988797,5.825278717623448,Inf,30.722890940866247
-5.845243058697909,13.34340479701386,10.502480409579977,Inf,32.11758486153886
-10.29509976249198,15.095587904690426,7.667879608848736,Inf,32.88057960246805
-10.624972843312266,13.819827644210996,12.393453670256712,Inf,34.59190573751161
-9.470754309096199,11.186728988289516,16.189147549865865,Inf,32.11992370698573
-10.493266519963385,16.090781681702076,13.295518225117704,Inf,35.75142160410055
-4.720700261603552,8.815190458211415,-0.015486532965844901,Inf,24.154114337639708
1.0546175522040429,18.0960084235468,-2.5282059221048243,42.07927899384465,42.07927899384465
1.004558177292374,5.148511418341613,6.133529964768503,17.481196810373575,17.481196810373575
6.884318902170847,3.160331162455961,-3.4811642388064428,15.015924914820932,14.359750073239896
1.2127203823989845,9.748908139343754,4.686649874398377,24.94444013345661,21.90061840513232
3.0,6.0,0.0,17.531579203778648,16.798151754222538
2.7664843101381393,7.370204100418558,-1.296552049047346,Inf,18.191186288081425
-4.374051799018117,6.85711156291547,-4.85719222188802,Inf,23.20704481015875
2.575777459838882,2.6783725932187785,-8.613434788544874,16.1752253346599,16.1752253346599
5.98926273919826,6.972795892044566,-4.56913913103258,Inf,18.11321162028994
4.08613087447857,5.859950482022612,-1.4196670856658677,16.34050971287982,16.34050971287982
6.156445495348475,1.9424957981284479,2.0833633775540683,12.450563485789433,12.450563485789433
5.77039373906085,7.869145669453239,4.338212937741535,Inf,18.8034023153903
4.870574771230967,1.9649392417778984,0.5763847593382536,12.368339042658189,12.368339042658189
0.38841010856273783,2.253117792916459,4.391679460336782,14.742051942411173,14.742051942411173
3.5620772238403298,13.753608485124317,-9.410406085057241,35.2530618123403,35.2530618123403
0.3034881970828778,11.411767679943665,-9.729787724031391,Inf,25.26817491722308
-0.22297959325232597,16.240746905848894,-9.704447633514315,Inf,31.715516616617624
5.147465738268764,11.625414386849464,-4.72071531830907,Inf,23.06835670617527
2.22656499889311,16.42651701161509,2.2667997682581387,Inf,32.118979539830924
0.3195315877841942,9.95117988065281,-4.313082083434674,Inf,22.609263857688504
0.003306293374485847,13.420667666194284,-8.783892368985988,Inf,34.1596179335803
4.2634625456847175,10.965478700937823,-5.121100421965217,Inf,22.649112859283974
2.6033568413016894,10.696966438834075,-5.330750605001526,Inf,22.735188476909435
0.1422043395033441,15.5645451127872,-8.58661994054966,Inf,30.492463196181326
-2.7098924194984804,13.524908412355046,1.46087823805982,Inf,27.089888849475145
-0.7236891391421381,14.786226639419404,-3.4177689963102793,Inf,27.898679575708066
-0.02605372021535146,14.45669117704712,-1.363479848575757,Inf,25.80834107635663
1.1326412506601358,12.791314364232,-1.9687576829856823,Inf,23.892917608454766
-1.2906537835300824,13.28797668707773,3.565438859681052,Inf,25.976205379236568
-1.4914555143121966,11.126190110099785,-1.240279147928895,Inf,23.725582017077407
-0.05676552325950723,12.801582300599236,1.2851272327362473,Inf,24.364979970875343
0.17495860845333766,17.757511283296694,-8.528514901369038,Inf,36.82862542146134
4.200405130877307,16.835579920441972,-0.21382402941570788,Inf,27.672709841111466
5.874520964853183,12.810869861961848,-1.4099687073988036,Inf,23.517815154360346
6.055464295749715,11.58481699738335,-0.3253829201241665,Inf,22.102772573471878
6.238071062410526,16.61374745135423,-6.879014949271056,Inf,29.289371288571413
0.8216038355235611,17.486711173287468,16.40934053455843,45.74198113545942,45.74198113545942
-4.514509425960558,13.815713013844537,8.528954454099775,32.95089800496382,32.95089800496382
0.2697842927234788,9.568568541137104,14.91385449907554,Inf,27.338726752401328
-1.8369702628861617,13.482847006649756,10.854725155740425,Inf,27.47244886435257
-3.8632958649995786,12.043430260427868,7.4354382503919325,Inf,26.021154304424066
-3.9461621970458154,6.404957102722413,12.314174892360619,Inf,23.84938119355032
-4.445367018622939,10.31458313122809,12.537999364286073,Inf,27.35070591027897
-3.4947352209521227,13.298977004377967,9.163321603764665,Inf,27.271670125202665
-1.106032694803698,8.874262717428579,11.278617633087578,Inf,24.17505546489508
-0.1313279831848675,2.0313334286574936,11.81813056178229,Inf,18.62571727824828
0.6422386666403135,2.5169165240214824,15.149654514643444,Inf,21.065598363473022
-3.093520804552803,16.14757643147975,6.261831565111713,Inf,32.81640725938803
-4.117962178540466,17.543254480689484,11.303529698079117,Inf,35.944923257554635
-3.1588419918588855,15.021023030055417,7.830054536637007,Inf,29.58613618159787
5.713141590090338,12.560466031219441,9.720972022285004,Inf,25.24663936463082
4.970087806236414,3.2950206483990314,17.221774753920407,Inf,22.620464896685725
5.60782623412587,8.138033792246944,6.638572762507621,Inf,20.160012666575255
4.019948366995159,11.418682222432246,8.767491089923347,Inf,24.05232483070216
1.6350162664768249,7.266430190106021,11.259224017813825,Inf,22.114846915628494
1.9148613519636193,2.3546735229986666,14.954809514173355,Inf,20.672239204667875
1.0187204649716897,11.336484582773949,16.888975992294363,Inf,29.15361003930945
1.1421925354667621,2.8246065327178904,16.563142958696837,Inf,22.321538630940474
5.188204764227766,2.5646130439297536,11.440169874811723,Inf,17.35063882791081
2.7305736161272094,10.118771937205288,17.019726912919914,Inf,27.058198984122594
6.2014362677945485,1.7809584268481942,14.003449893876379,Inf,18.563761319419513
5.7466650404400355,1.8491917972614829,7.22295848698888,14.206397833749822,14.206397833749822
6.624400490630713,7.862186956791632,12.287036077251408,Inf,22.116607195660137
0.9289685902705713,6.741718183723087,17.462049839532398,Inf,26.450981404585022
2.4729629926908814,18.087513798398582,14.928542874360424,Inf,37.85929630386412
6.764211904064972,14.161296030780164,9.31300440228922,Inf,26.851014116854998
3.187371761122808,16.55504019908743,10.594864977296965,Inf,29.77025953111922
-1.7963039293088734,19.350008478909587,-2.883810893023675,Inf,38.23116714610782
-0.8230519134465268,18.505922344213303,-9.708180526427812,Inf,33.785078843232476
1.8944449374960897,18.43967447344476,11.523267615215687,Inf,32.485134058692935
1.1041498026558187,19.315571506041962,12.984980110281583,Inf,33.79635951506363
-3.9778609029752516,18.285967512355597,15.28817912739514,Inf,34.35059494043543
3.5009082231127593,18.36937575687918,5.0054214175930944,Inf,30.975116271965177
2.068312252652163,18.210468580222383,9.678044179549108,Inf,31.911678349153267
4.689664021302946,18.336999213866356,18.9080632373407,44.791542184440644,44.791542184440644
-4.091827950333196,2.29209955173787,19.382687105466232,Inf,28.129225076625836
-11.367869202006924,5.701281450000248,19.405134033199793,Inf,32.81200925211344
-3.328757450752615,13.218527908799388,17.73459461550719,Inf,32.267816686579316
-10.157767135413751,14.987702923260777,18.463192945390865,Inf,36.60218562913666
4.55937868664779,7.54756973265274,18.403721655051434,Inf,27.086048844725322
5.08800176116668,17.161142361018584,18.831382199543995,Inf,36.12332862410395
17.939497709336287,2.324328909287008,2.90092537724556,16.732515090123442,16.732515090123442
19.46672553483222,-15.225271748775713,7.070362232088705,15.254924860592979,15.254924860592979
13.447341009888383,-2.8546593759695043,0.3760002977100463,9.631483528257062,9.631483528257062
9.756669551950505,-15.538969230241833,-16.905126843706377,21.19193822590799,18.074823123780018
9.700417414396519,-17.87683742423181,-11.165292259542907,15.17491008778806,14.236536505587054
7.009906181090226,-18.105141225388437,-19.41714499897045,Inf,22.78318895176276
11.07142438201457,-19.940045149431747,-13.85455331641408,18.831221241749905,17.79385663631405
12.592954161340273,-16.949218904031618,-17.07496416781555,Inf,19.34092049339296
11.236893189520714,-18.904765254397127,-19.03683636948682,Inf,22.324979638044432
12.233150072986604,-19.789164975062068,-18.996813577499225,Inf,22.788855791779344
11.852348558981891,-17.334299895244154,-5.529913399830839,10.74454100710911,10.74454100710911
9.513837098319478,-16.537499284462243,-8.691955890081582,11.417665869412179,11.417665869412179
9.222731552833132,-17.71331057326308,2.768668859802645,8.491243890668366,8.491243890668366
7.382481677586547,-19.263128755777217,-4.337015938185393,10.263414791058509,10.263414791058509
7.299148582602406,-16.902239879512038,-5.981630276698482,9.138397342855876,9.138397342855876
11.243859919781343,-19.520409892996167,-2.0612924264002075,11.004898752334151,11.004898752334151
10.643862282912188,-17.364738470466754,5.744555722593574,11.807419049334525,11.562376428626461
10.67082925765595,-18.031828571806166,3.609126875177182,9.539971407025861,9.539971407025861
12.704050401150973,-19.084012619553825,-1.2112247941335426,11.391757262218944,11.391757262218944
11.04979860174381,0.7093429833763238,6.06899720693842,14.640870673424502,13.157681123653523
11.656088009639234,-9.322338213263146,-12.929662857522395,13.904057334103808,13.904057334103808
10.292478420192374,-1.151884617617256,-16.72100252831127,23.013942051833872,19.36632067736353
9.255590097301251,-10.667678802668528,-5.5439106163361185,6.022327340198361,6.022327340198361
10.653230926047826,-3.630718854230448,-13.194144132295866,15.236245505033581,15.236245505033581
10.590198241270656,-2.208215098408843,-6.139751446022661,10.808112721663358,10.761002673034472
7.225940582393466,-7.344587435079468,-6.604625471931511,7.122032200235876,7.122032200235876
9.04759375351275,-3.9753611552695567,-19.485913753311472,Inf,21.537808681538788
7.613527541396117,-3.790748079142787,-9.945240599759329,11.88819355390172,11.88819355390172
7.956374432344646,-2.890069936763709,-19.101895555346005,Inf,21.09542414091661
9.91440820688701,-10.053788880940076,-17.988062768168902,Inf,18.967571325272097
9.250327197082928,-12.839006504047354,-8.785787216537058,9.503367163180652,9.503367163180652
10.12516180673277,-10.442585641643705,-16.097933060662946,Inf,17.02898591968481
9.223190006650874,-5.007297318408339,-9.335031389199138,10.96631148257376,10.96631148257376
10.673080103221231,-11.518465701525011,-9.135769012454826,9.962907757292415,9.962907757292415
11.600851281779097,-4.2583729372933465,5.208162885744578,9.014381536672445,9.014381536672445
7.99606472193976,-6.374570800077191,-3.8870277431495204,5.407852299199741,5.407852299199741
7.962401520994405,-9.375852267694711,4.207649708503951,4.361203176742349,4.361203176742349
7.4837359644968515,-7.706613731736125,-5.403888851974372,5.8903001437364715,5.8903001437364715
9.127777782624165,-6.853642553811996,-3.744425157400954,5.333640710695544,5.333640710695544
10.026755954620874,-9.384041818835964,3.974340875009972,5.033491976804061,5.033491976804061
7.5327027756556575,-7.115711944876537,4.944919288499374,5.749357929533722,5.749357929533722
10.295744961697704,-4.042431988697608,5.125703399160699,8.522170310315142,8.522170310315142
9.845180300914098,-5.06162923250562,-1.3199258951743076,5.850193257551785,5.850193257551785
9.651202885595414,-5.140001937540477,3.8673616494962637,6.753143270780964,6.753143270780964
10.61155821699332,1.5266647278187122,-13.01830465336586,Inf,18.594334047272323
8.528070394505598,-0.18885089776615516,3.9373363489107476,11.058760385771057,11.058760385771057
9.07976163041619,2.240354456003022,-0.006988790306053261,13.308653914398672,13.308653914398672
12.505874007739095,0.050715132440100064,-15.32124447230494,23.61466637185892,19.463031513284754
12.24187660590544,-0.3773469650362493,-15.412218041496573,Inf,19.18099995299499
11.709760963961877,-12.65065303440025,-15.653896407645904,16.65936503735398,16.65936503735398
12.790321408453657,-3.131520926788678,-3.048465729296286,9.486673289147916,9.486673289147916
12.401437688013374,-3.1544221569758264,-0.5098457624437813,8.734838739431693,8.734838739431693
12.631454719680448,-3.181069701459336,0.8718047599741396,8.886570554250984,8.886570554250984
12.652441924470956,-7.917358315258696,0.7076683983458238,6.065335164568927,6.065335164568927
12.629468997841542,-12.2407633423422,5.397844165586072,8.114718922427025,8.114718922427025
13.257721307946795,-12.723140950525096,-7.552595878496051,10.949476145634709,10.949476145634709
13.353998260122957,1.5615462786448049,4.501094010528199,14.902068535861616,14.435789871067731
12.835373277887754,-7.956504400202871,6.797754288997808,9.188956357076945,9.188956357076945
13.901149275441412,-15.567355465965509,1.132082864984227,8.93884331552648,8.93884331552648
13.511484955009777,-19.6798182271679,-12.572600071501752,19.61962502268236,17.814130204228526
14.280744207641128,-18.98352593887551,-14.366814236652186,Inf,19.20945169734526
18.704217991588678,-18.072475575728326,-18.58338235607624,Inf,24.663939159205444
17.642757828537512,-16.109933375431957,-16.59556611413472,Inf,21.779248055760508
19.35937050000458,-18.828850833153787,-1.403810423238916,15.784300622070553,15.784300622070553
16.891467410891245,-17.58238339473894,6.566248857768173,15.460537891483455,15.04744600357758
13.93334293911461,-17.941814604950792,-9.97449428526238,15.739554051894126,15.68963058969478
16.95575941567084,-19.046028402973416,1.9541935474857013,13.640723204012223,13.640723204012223
18.750781073207094,-19.811089602235896,1.4955695147733366,15.39332474611573,15.39332474611573
14.804576752662598,-16.544061760027926,6.964917573792732,14.145956304732538,13.184747530181385
16.436808780438042,-2.132097934020429,1.2077080758690606,12.817507761811616,12.817507761811616
18.391078336080753,-6.18740334855544,-17.751453321069413,22.76055633639437,22.76055633639437
13.941431167960765,-3.2470460677697233,-11.885809844030568,15.588370434192079,15.588370434192079
17.60842229671519,-11.943543275135298,-6.000808602827794,14.484383335860961,14.484383335860961
15.25425114475054,-6.578470960308058,-19.645438213247537,22.002033876257933,22.002033876257933
14.033265367701155,-12.073040351367856,-13.851920935257924,15.708619589106846,15.708619589106846
13.988910849678959,-13.340388828060599,-14.959735619581513,Inf,16.907886120043905
13.705286102152918,-3.9484016824225847,-10.317041492607748,13.853810452312999,13.853810452312999
14.092022857113335,-4.2018952910853535,-6.8371918639240015,11.755532846658717,11.755532846658717
16.03558655150622,-11.259148500908909,-9.996188262705141,14.155036886427453,14.155036886427453
18.037684767804606,-13.5202445707613,-18.505602031733737,Inf,22.016275455770103
16.08167815156441,-6.2046686980174215,-13.89428336604416,Inf,18.70506177946914
17.23288074500509,-6.174935396251637,-15.067274430423607,Inf,20.175684328515167
17.347232020747462,-14.912410965636056,-5.852945511483263,15.164970432817798,15.164970432817798
15.933534236195257,-5.636006173168031,-5.487583109525742,12.463827167363293,12.463827167363293
18.308088869009154,-7.657659743182128,-2.8701138691499573,12.762671326298463,12.762671326298463
17.77274860649694,-13.186852426468976,-3.4288675748380797,15.152586475896848,14.497181852188683
17.63586511362668,-3.151026701138136,-3.907516118474483,14.613916183224426,14.278763423814683
18.2927151355277,0.4701772830387725,-19.336040273058277,Inf,24.9829090099717
16.13507501130055,-0.3871667828349956,-8.774685594015512,16.663612070431903,16.496850980947002
16.233362926083387,0.5509463796075487,-0.16932734616014855,14.065155924714366,14.065155924714366
15.67203560473886,0.7614951556470047,-0.2358748579683656,13.844269156678548,13.844269156678548
18.639997980743715,-11.467865662136187,-14.844447438693322,21.45685062603562,19.66249898649562
19.950636795053242,1.8020353943062162,-5.304180442571651,19.44179012362519,18.46989895016062
19.22208344854169,-2.316560395080298,-8.006910273114825,Inf,17.344830700470098
19.072824121454616,-8.457949145721884,-13.500931358219033,Inf,19.573039659531076
18.972907976475007,-5.818144700447592,-17.25394880397986,Inf,22.762483878298355
18.786067244367175,-8.087669323048283,-6.7337688320618305,15.967286170641357,15.71030035156382
19.201020576354765,0.7245685819941201,-8.618548669060129,Inf,18.813640324412965
19.365636219053776,-0.6263532094609126,-9.89059205789018,Inf,18.820853208342022
19.396938816636265,-3.272064270099424,-16.38095790286009,Inf,22.197875717405385
19.421207832578816,-6.962201029927559,-17.893975662234666,Inf,23.41782288785815
19.920585966737868,1.1788689056891428,-0.8526590092241122,17.356886712740923,17.356886712740923
19.323662649286398,-2.508402853416925,-5.0263465321999945,16.73839433696389,16.341221879173624
19.515336947847253,-8.117855795971929,-2.9244471075540517,13.832689308024328,13.832689308024328
19.15264096086274,-2.538331511506673,0.9085504873442218,15.370309240273677,14.504936487017265
14.550330188698638,0.0974302050729321,5.107333687406033,14.275808469040587,14.03117009371104
13.53094386242703,-10.509759564059129,3.498871198976616,7.426653500356073,7.426653500356073
19.344497079953726,-6.1000695818441475,4.7569492151837345,14.943953577867942,14.095454446262721
16.244689296787413,-9.393140638175215,5.99817750433191,11.572505093347328,11.281233129335439
15.95750295217676,-14.44875760911887,6.905039067557848,13.17172740449227,12.383522637269916
15.080888087920961,1.235564110723459,2.1041060418173814,14.362736395105365,14.085122708995502
15.44229160341861,2.265318616009786,1.829997515815709,15.08996342017478,15.08996342017478
15.588582114263318,-5.2117100001057,4.206616066120439,11.990230781738267,11.374203857730361
13.898680384884713,0.6393294487785894,10.444560338606657,16.543482780111425,16.47140127710604
10.253482879916874,-3.1206264220499413,12.671140345219627,14.862965586644584,14.862965586644584
12.23571344786842,-16.2624342290668,9.452422506906295,14.01489923793675,13.839095367085946
12.883610067501763,-13.583085460791082,9.437376224397738,12.684011845115759,12.379016708362284
7.805256994766747,-17.719072564724367,8.690238242438006,13.83366955522309,13.83366955522309
13.877668914772634,-11.35216088567872,7.5639268253484175,10.65382564864259,10.65382564864259
13.261601848230633,-6.793284719683852,7.151384468285393,10.255546773125467,10.255546773125467
9.702290285461423,-4.415043776116354,19.305974167897602,21.231008033846862,21.22273266928656
7.528990921024512,-7.597071384332423,11.728576597291742,12.730097272643993,12.101761777106574
9.060739630538723,-19.68724010397718,17.333036238764365,26.613096612350425,22.786204241924747
8.885992838766548,-8.10442485915507,15.519138160294105,16.78807937167808,16.19224582083624
7.4682963187891005,-7.6543909439594415,11.327591768705048,12.326740042002807,11.702943023712098
9.23675207273675,-12.835435103960231,17.03564557086237,Inf,18.197790902670505
9.328376356741892,-19.67568202125132,13.31556587402374,Inf,18.538365919132765
9.52619520904717,-4.183258387315156,9.879437695945406,11.825768700923962,11.825768700923962
12.728351881598215,-19.671028401017942,12.336575472834,18.507064104269755,18.507064104269755
11.376057231366701,-7.4236245900815945,18.511765051214383,20.53020295064831,20.508194326729473
12.438491256452863,-17.728863841809314,16.599258148076913,Inf,20.97124068406972
12.772712846897399,-9.732051027979738,14.748808250218843,Inf,17.336087830870063
10.491342490529831,-0.40196166205252837,7.599856136070109,13.921254334290815,12.84300166816833
8.331796721304705,-1.1148062253283442,12.597935018850457,15.507332635274679,15.507332635274679
8.80916345426548,-2.8024489528329894,13.670949027098523,15.566546147220404,15.566546147220404
14.700541747837683,-11.770812255332936,14.481188705252393,17.967507619323335,17.443027685876256
16.182954340941997,-15.192612274163224,8.168131479883964,14.479451374545135,13.501291302306694
17.75295093976532,-13.024712904754505,9.706853625246652,15.344316026117514,14.855060653309062
16.538107272830544,-19.70593068368448,15.209561500521964,Inf,21.85803529773292
17.046047976533387,-16.015617875002206,13.928470952706121,Inf,19.156406369774114
15.74484407874941,-16.070562801827137,14.998994656989623,Inf,19.41497040827999
14.967425603632599,-17.192013942067945,18.27717188260091,Inf,22.265455215790414
18.380576210556526,-12.41060786199121,14.547506140241147,Inf,19.030392019387016
18.186863509988598,-16.215563116237366,10.568208121473699,16.683051924974325,16.683051924974325
19.26878177434284,-15.545157828422287,17.820822217104244,Inf,23.779783043197558
18.002394426542985,-13.800239017754174,19.038732488985673,Inf,23.950149965022334
18.275762160854043,-7.408866746458651,12.779136882582222,17.2929477149534,17.2929477149534
14.706396375057167,-3.6549779575941628,7.6291831422365775,12.998077673459772,12.998077673459772
17.772837205259293,-5.577944348280752,7.204862455035581,14.684575977606514,14.248936750436531
16.975116987489145,-8.923364238497884,9.832033686393231,14.133190320630602,14.133190320630602
18.583981020101923,-2.1588181037197707,12.917338493710773,19.724052993750313,19.368846213337775
15.389753662388266,-7.491326973724561,14.130273248673902,16.967586280195498,16.967586280195498
16.87835504537717,-9.926594274097615,16.57159638929336,Inf,20.254579181135618
15.13329673718951,-7.658644721238579,18.998319678769143,Inf,21.706280345071765
15.02363187708142,-7.468223584005642,14.720956025194496,17.423275977111224,17.423275977111224
14.6669110381645,-3.506951739400968,18.80997184559837,Inf,22.433490505623567
15.031222441460855,-2.0990724889298917,15.317289927159734,Inf,19.83934547064715
16.664442752816313,-6.109339724552552,18.122469840155915,Inf,21.380335384684773
19.676815266304473,0.8365551632350154,12.817196387995693,Inf,21.471236185381144
19.773871567448012,-5.323816496442095,18.419563056511656,Inf,23.47270722682021
19.352815656509215,-4.014826065185133,15.787447807963353,Inf,21.954437927579626
9.168406979134211,9.125848634343434,15.87609827752155,33.8072863904901,26.63916524104659
13.381758812819356,10.15331413623155,6.869069191392647,24.401339142832605,23.198475597858028
12.282270069406358,9.832372331595671,-15.154032538196871,33.4003076954482,33.4003076954482
8.500848191469402,9.702618979826106,5.574225079272168,24.840790351412807,21.27676602239727
10.007692116985858,6.025000081703318,-15.799211395016215,30.1078509367305,24.957709365069327
8.244505981449262,6.004672092009926,-0.010400369047012248,16.935512006186848,16.318230900720458
8.864909683176627,4.882576256738183,-7.919580506258352,Inf,18.319686067812448
8.219534910015575,3.006960950008917,-10.418982899226696,Inf,17.911522072087834
7.699659817731003,6.268972816281931,-9.966914596955592,Inf,20.500874597387345
8.268260530138072,6.382253180666488,-11.191708584190518,Inf,21.374479884795996
10.632288127192176,3.8811128809737454,0.6728809036635752,15.573907260432257,15.046032217422715
11.230936943434699,2.879518260605522,-0.3308003104080086,15.819601760258262,13.971801128046064
10.043322249809236,3.0587932585899402,-17.415584218315594,Inf,23.1698523330013
12.478188404540447,3.6171340422167546,-2.0791411445980756,14.951296017513869,14.951296017513869
10.844245319779695,3.8034087994207333,3.18738151789357,15.43219613861811,15.43219613861811
10.647140430220887,6.329023825899867,2.1039339042509226,19.38683667344259,17.931843611741265
11.655971818916626,8.146340009712958,-17.176670927312536,31.963563497469373,31.963563497469373
11.368444960439447,5.3933879687692965,-7.504177561444676,Inf,18.523199254626224
10.958581012233743,8.614656758589653,-11.145445526342579,Inf,23.402071405492773
11.651622686009418,9.105033529224585,-2.6518703101965997,Inf,20.530567507921795
11.909683605289835,6.969484760198288,-8.278875572036322,Inf,20.323735052705707
11.813127176286375,7.143127329145482,-19.857209295817047,Inf,27.566054264832395
8.266782050721986,2.908065545690441,15.547390605997087,22.577936303913248,20.496021085559107
8.083077126385323,3.244685267180394,7.108661240198977,15.285488160475918,15.285488160475918
11.163003971440695,3.677138073648358,11.52660230162681,19.38761511846779,19.38761511846779
12.10316288459812,5.656883919603352,13.340199957151206,Inf,21.428693074483483
11.632079164308841,4.746400881644011,5.767983664076446,Inf,17.16327741935902
12.669801190304504,6.143556063904406,10.022635289440824,Inf,20.07044716041038
7.083581448812694,19.77109455698384,13.215271902306753,45.36658836236797,45.36658836236797
12.508100924756562,12.095745586982204,-8.146808245811954,36.012742418853776,36.012742418853776
7.720232732517786,13.08978658180068,9.639474937777479,Inf,29.350170951282468
11.520246230314932,11.280361676771129,-0.7233462751274615,Inf,22.69965299223603
7.939553091096229,10.723330134746263,-17.57188255867513,Inf,31.211979096063697
10.411644329845934,10.445906672352638,-16.741808452502696,Inf,28.302595538706402
11.290013510973623,10.809672658766345,-6.534181337554044,Inf,23.494817214837184
9.530193111930085,10.335997483748109,5.226283711701029,Inf,22.027149085766318
9.010127549142275,10.554079757399872,2.9269067955777395,Inf,21.56178980554556
12.155083085913454,11.580272979251642,1.3318523266894715,Inf,23.23257328187251
10.665370335089595,12.561117989016225,9.267474605295956,Inf,25.191275964660647
10.92808311970952,16.082462385809578,-1.0545572041750688,Inf,29.084382956162568
7.009307890985053,17.713859825907825,-1.751199495607743,Inf,29.3213245247677
8.084335139773433,18.679792130746343,-9.809864762672724,Inf,32.807600732873226
8.742555237746153,18.630482105119,-13.234625224339949,Inf,35.02860987663486
9.819644016103446,19.405893666784678,-3.2749439372794775,Inf,31.270007676254963
9.284445428827848,17.692423926039652,4.13832155559345,Inf,32.157017163010195
8.826082206949533,16.92814830432045,6.321433731210071,Inf,29.48506992555932
7.41273477509835,16.81513707479592,10.531832050080645,Inf,29.84026494105505
7.1747365055771795,17.93202459085596,8.371815596822803,Inf,30.06927428899553
12.170132281252926,17.3340102293256,13.080886727904499,Inf,32.770158435284685
12.231869839670424,16.278913890933843,12.411803391642586,Inf,31.539166181976267
12.298563097166486,18.702272983542436,3.9601456813259333,Inf,30.4090743493526
12.751960405999895,15.677786858869823,-6.532582954027246,39.949265048375416,39.949265048375416
13.06095680316956,10.52137412901481,-9.334636124527869,Inf,28.559220398282864
13.177506794865309,17.334513059424026,-14.736690946916884,Inf,35.99176905363051
8.38736325165187,18.61532651239625,15.203458800780503,Inf,33.84143187044849
16.826358513627483,14.861430795349413,12.466840825363562,32.486305242994064,31.115267823912117
16.21096533854245,5.318094487762011,0.45459623695867535,18.25921222523945,18.0743348492717
17.304736432458434,2.878303731387895,-2.9252063971874094,17.289442203963088,16.875482891910014
15.54231882006328,8.972648746597784,-7.371908812737793,Inf,23.08049170596169
15.460792637773537,5.273333822865194,-19.41891608636471,Inf,30.880903551608377
14.112259564499126,3.7721156543050967,-16.724303454653313,Inf,24.11531795612168
13.788880802272836,5.15008949964966,-7.0163235251036316,Inf,18.723885401361528
14.995043652821707,7.370968098288458,-17.455612585664557,Inf,27.182807917125267
14.653520451279974,5.479463936085782,-6.758704844619254,Inf,19.046299080710813
14.691864388163637,2.3424953157090727,-15.378544814046275,Inf,21.988153549850928
15.030727720556207,9.989234555253724,-6.938673476178581,Inf,23.361657269548672
14.721931130113227,12.9432547106546,-9.754227430609408,Inf,27.03653387919845
15.660586723893253,14.273775626249176,-11.477069416871144,Inf,29.1356805320061
16.970345952605626,14.085655463873188,-4.162773796551873,Inf,28.012488119029808
17.100404199739344,9.021232073078906,0.3785697673202826,Inf,21.883548611674588
17.54412469212233,7.17928695861292,-0.4137600570150397,Inf,20.531900450444425
17.306011470420856,5.616699721753964,-8.03064069491569,Inf,22.413976532644753
19.494398987456165,6.773211421660925,-5.434301619372164,Inf,21.999981584904045
17.513969194754395,13.201031147871916,-3.332922465910535,Inf,27.101373010997193
17.42990433388195,12.93900836703969,-18.50803838382688,Inf,34.047925666975225
17.636357282830836,12.18565575329744,-15.671081024310007,Inf,32.222956937286526
17.605931376574027,13.64370667889186,-10.658486954039219,Inf,28.563645892517634
17.97287100583209,13.800655110066813,-1.3483511326696203,Inf,26.923558855316127
14.013148338560939,8.882574456918093,9.999175607176099,Inf,23.627091841291623
13.942716416626311,6.324733524908488,11.04072793011877,21.992527554632588,21.992527554632588
13.763559176024494,5.147439506059719,9.143049034598569,Inf,19.4674353137928
15.432918492576377,2.368584018849276,7.906858495696625,17.13129324013511,17.13129324013511
16.56787824247047,10.094155015077586,11.068469455995775,Inf,25.555565595414674
17.293545644279618,14.32631561247728,8.110703673453663,Inf,29.051481126864292
15.747952032589566,10.080389441294884,5.469049318060062,Inf,23.716171064418056
15.844194422765021,9.62420880429039,8.356573708145714,Inf,24.1795858562242
16.179562361169488,5.471286885453601,7.959949720318846,Inf,20.323010775111268
14.728517925909522,2.5495975869046283,0.7433371418336776,15.021460333241688,14.990235485237548
15.988329492037622,5.607746555643949,2.975230380086593,Inf,18.526917994968898
15.867326516414593,10.968447583591853,5.056559486352398,Inf,24.188489650088975
19.093967525945587,3.5499468431715364,3.4500582173766503,Inf,18.503528007476596
17.432511327843926,3.032309763745946,2.891055062125851,Inf,16.994196638140437
18.963333437712564,6.178008372581274,7.910382886830565,Inf,22.294855378828625
19.170226274510597,9.399031402253417,9.246230880484223,Inf,25.205237645000174
19.918188025009655,14.175511328223493,12.384802709170224,Inf,30.99751177552768
16.99808013164062,7.563792825671058,11.75951064157119,Inf,23.785829592127545
17.843765873349568,7.977344391981013,15.268775364177465,Inf,26.09861340891768
17.63020479760619,18.96256057968941,4.272455957316772,34.64008279086212,34.64008279086212
14.798638162249375,15.549367644559396,-3.312881042889373,Inf,38.504882573095784
13.782581753856817,15.499919757972734,-14.927484258817492,Inf,35.5505681336699
14.375302959286103,15.571204799910731,-13.890841814795811,Inf,31.624282196717367
15.147713257349487,19.828776924176104,0.893219016616726,Inf,33.660465612444845
19.45629786841622,18.76475361904013,-14.613221221390509,Inf,50.89340591901167
15.92340183721302,18.02051269716513,-19.193225106516696,Inf,37.98575467520315
15.598732303889534,18.326577645799148,-7.146911653323782,Inf,33.77114607851973
16.552214230052215,17.35551212818173,1.1830195772968999,Inf,30.519712226780126
19.40297382924019,17.39414626423661,-13.988819255115672,Inf,34.76015765906842
15.727988109754548,15.363552283727316,4.577393296145402,30.557892714131597,30.557892714131597
14.483541669281962,15.322210892095228,6.0421930354700315,Inf,28.547788012814394
18.512555154966478,18.233181669961752,5.734903008556202,Inf,34.03957878487863
16.28459714577719,19.579014279582026,4.591681220860373,Inf,32.83340909810478
19.26353518764249,18.769565728702304,10.44926726429086,Inf,34.39789633600471
8.058398067836432,12.924943228315456,18.14962824003001,38.37173356485105,38.37173356485105
7.485352823755882,13.763429863829401,15.97811000265051,38.74188235592442,38.74188235592442
7.222934278583573,5.905506381882965,19.390763822202864,Inf,25.338756142148014
10.323219207177601,8.544109223533969,16.34836193000828,Inf,26.28993447778439
14.167698220368052,4.4261977319112304,17.90442188733448,Inf,24.84172243676246
9.574675328221254,5.9184645334586605,16.430644835284426,Inf,23.612967054302498
17.90062506309652,14.030864889983548,17.683367261249224,Inf,33.367784979240106
8.839517257841596,15.801193883356063,16.357930187718203,Inf,33.26697324279522
14.241027530468187,19.187328456693052,18.41736624536273,Inf,38.507837153029165
10.061899764933607,18.08600819272084,18.58068455705657,Inf,36.041163731437166
