-3.0,8.0,0.0,0.0,0.0
-7.809623247595248,-18.768335577223336,10.375099615208327,29.108743658635376,29.108743658635376
-9.357662048092896,-19.3355475317341,17.467680024013987,36.39042274965277,36.39042274965277
-8.19617631848093,-19.881548322122455,14.673165331123826,Inf,33.565427940738516
-16.93622459343219,-19.568651286722556,8.199920431756738,Inf,38.52504664021074
-12.215859764316823,-19.884168982257748,-8.562023523097526,Inf,35.91287685719955
-17.626115026774613,-19.789218248936393,6.750069600595356,Inf,33.337049950708845
-17.839654955916426,-19.73215057013956,9.486059780050802,Inf,36.039490368741774
-10.53411839065074,-19.374958011267758,-3.3620086208609123,Inf,31.92592433458914
-12.28153923689356,-19.431890931503773,-18.101557670062583,Inf,39.863924928956756
-15.169132404671268,-19.081280071105553,-12.22583518192085,Inf,34.42605623312481
-16.10850368821695,-19.182583770108536,-19.94634491892228,Inf,37.84702325926444
-10.766633724917103,-19.285232127898595,-19.189898723378445,Inf,35.03273439058851
-9.635491824471849,-19.560961098457994,-14.659384537471798,Inf,32.89882772773223
-8.546396315267941,-18.817997377470626,-11.629770359006777,Inf,30.66985776711196
-11.37163556772137,-19.15948008602399,-6.952072677147054,Inf,31.446008165251833
-9.957485830067379,-19.103094667789122,1.9887656085700378,Inf,28.39643115744146
-9.359239959207173,-18.77863392826879,5.300949867047713,Inf,28.08921241528182
-6.600094850762606,-19.70308916295054,17.08257120270035,Inf,34.190979690613695
-7.246318780369165,-19.361950989030838,5.312592746874813,Inf,28.360000231927874
-5.470990942084448,-19.49756926738268,-4.54561819139939,Inf,28.740660873547444
-6.760230364448194,-1.337712463617482,-9.206973638070926,13.641868274508752,13.641868274508752
-14.648926157597932,11.190234054073713,-16.60046508475319,30.190121385914594,21.260906317796596
-16.680355084797938,-10.947576778080927,-17.8490074666992,30.44887747977908,30.44887747977908
-19.042069849656713,-15.401726308731876,-17.38786479798259,Inf,34.97768184717991
-19.677275327288246,-13.90651262128519,-18.456109014215603,Inf,34.466901695018066
-19.337824237260442,-13.323023804062295,-10.48940545535423,Inf,30.67224602194731
-19.917974345372205,-14.431543086890226,-9.223705220387721,Inf,30.514335949159094
-16.765617967844257,-18.723427179373367,-11.122815267289052,Inf,33.91096558747844
-16.344458230352508,-15.386206054244527,-12.015123264095173,Inf,30.740691988027425
-15.342812914528308,-11.803924501918415,-15.324504129461411,Inf,28.669068043561957
-17.723964883289423,8.76120282285008,-16.452079394493985,Inf,34.111610159306125
-18.218577600780648,12.359050853260278,-19.6978546792794,Inf,35.05862900490385
-18.679564065377,12.449958435905785,-16.626714053951346,Inf,24.89836697929232
-16.257123596836315,16.636096907727406,-18.63620982045194,Inf,28.664663156023312
-17.219192031850543,10.577252774803743,-17.763956993761695,Inf,25.090354772419523
-17.537570356453696,4.362911205380069,-19.21841401570478,Inf,25.2056841265659
-15.597700775593522,-4.261366328166005,-16.48586263151282,Inf,25.465799699171452
-17.333501459728254,8.665057154975244,-17.275580983869425,Inf,24.488235875625165
-19.763053015282832,-2.8162421485397715,-11.37314210464245,Inf,23.31317731016941
-19.822807079945505,-9.31991046662377,-9.760296084697089,Inf,27.51588447770943
-19.791524476489208,5.578535199443479,-14.40384024989445,Inf,24.218037962099903
-16.072713487134873,-9.588972807784035,-10.608635740673042,Inf,26.870808026990645
-17.960363361790215,-9.9141388271833,-14.920464617843807,Inf,28.864436478107113
-19.67307082092102,15.541605253149115,-12.653752654368464,Inf,24.02259450710426
-19.477819096051434,14.19618410161128,-15.947131931888512,Inf,27.50841051618867
-16.321334849917744,14.087421845965252,-13.536026391518936,Inf,20.972910655714514
-15.997452242775596,11.145740245407431,-13.355237445465695,Inf,20.431175715798794
-16.697155719754974,-2.2673284245231073,-13.417911500393913,Inf,22.68801953573155
-17.704785518656266,3.220564745749126,-13.739608033949686,Inf,22.01416537464553
-17.830277636553635,-5.899703463125521,-13.635400531339492,Inf,26.499241803977394
-16.581044738578736,9.738721944366084,-12.403134100635196,Inf,20.025581149177707
-16.68479667604199,3.344421362403409,-10.4806070527584,Inf,19.013198048954024
-19.345615984701013,0.9223407451588628,-10.29054836777183,Inf,21.153783639444622
-18.946490882639058,15.580110405571503,-10.405523297105024,Inf,22.7797049675706
-17.721268920261455,9.693976239232008,-10.498797442761703,Inf,18.747986247183327
-17.175580024113284,14.273880833517993,-10.356727292086418,Inf,19.318680178840413
-16.400947295746484,-0.4759035037102848,-9.749605882111547,Inf,18.80097233191836
-3.295713642054487,-18.47656517166279,-17.523656073888727,60.07068733824672,60.07068733824672
-10.950835610063185,9.609141805838092,-16.868524588620488,34.22095036923926,19.23233202283049
-8.062899149500025,6.100840803653824,-17.54667298106134,38.56705309101107,18.718884804599938
-11.845822206649581,4.067079788561124,-17.065805603775033,Inf,20.835680063898835
-12.332685841494362,-4.65651106769565,-17.246530816527,Inf,24.19450456740026
-10.263782720319297,-10.344532959153412,-19.0421776598086,Inf,30.507847639679625
-13.083077167814734,3.9955708947880026,-18.948795398995692,Inf,22.962181589653277
-14.553782698722983,-17.626373161847457,-19.28520430581561,Inf,37.60368653451404
-14.267662769823488,0.42991762230543173,-17.711437847379443,Inf,24.081480479512617
-14.18112159914843,-0.7362292033340196,-19.257819657578274,Inf,25.920054266529746
-13.679267377820867,-13.235951172633609,-18.82456932005742,Inf,31.45940519654208
-9.159377253350529,4.017289374690556,-17.928244490560097,Inf,19.470756722007266
-9.786484000921307,-15.186127483942595,-19.300302963084004,Inf,31.744549390114912
-10.743306833116328,-17.95004675800825,-17.242444974665936,Inf,33.195818931806414
-10.154658219695518,7.472559151998055,-17.830658935709202,Inf,19.71191690900924
-11.1887865846949,7.163847741746796,-17.491588168645702,Inf,19.93811666466784
-4.012745831777913,4.0777372496889015,-18.315917248830083,Inf,19.371941435017234
-3.8783507711622,-7.7053087716931845,-19.167775466226836,Inf,26.53699152635475
-7.983660995908606,3.525462778285462,-19.775224162036167,Inf,21.714756727753816
-4.195725225733868,3.0285812759203345,-19.04951458496642,Inf,20.487148188228936
-3.1719115110206815,15.528510784407388,-18.796039213896716,Inf,20.486414581010912
-4.336785028104702,10.174001605262013,-17.401935623738733,Inf,17.75286903418505
-4.059146896170169,4.375979514923934,-18.2248534580574,Inf,19.157925691785437
-13.293706335442632,-4.768566803271312,-11.171287828239116,21.27833342542638,21.27833342542638
-13.907926442564413,-6.883906461270195,-12.733933464003435,23.35213463019946,23.35213463019946
-14.100637253263697,-8.12183995296933,-15.233605587564512,Inf,25.669659110724357
-13.524929947670943,-8.95707280967355,-11.155216893724988,Inf,23.303229889750174
-13.660143972379366,16.9093767651215,-15.924870088320695,Inf,21.65719438652126
-13.544443107107043,-3.547472954006654,-16.653281476876856,Inf,23.84011950674214
-13.64429521273852,5.081738403701117,-13.094271404387072,Inf,17.913261579190177
-14.244561363070902,18.38711957466525,-15.62856649394658,Inf,22.13844710492549
-12.331904310041617,7.993371105690869,-15.923465805558,34.19597347714651,18.950772690609295
-12.515441208110722,-7.221519386517121,-16.289848659208104,27.007411707698594,27.007411707698594
-4.352607121774321,-3.50908726215782,-16.388525607744057,Inf,21.52134838981557
-5.549554799270338,-1.2726133481402435,-16.771824019524235,Inf,20.004240677277142
-9.628214361920637,-1.807118989853862,-12.545054778960596,Inf,17.90352063982865
-12.102358651808212,-1.5677129655966304,-14.873181400331372,Inf,21.432705538540343
-10.037411432077388,-18.29819029887482,-9.936378044919074,Inf,32.88801060031592
-12.575536500111069,-6.392440857866877,-12.315137363167752,Inf,21.95022228316276
-11.442055949602805,-14.78827516677665,-13.051798087292603,Inf,28.433179272238284
-12.985068388131111,3.0840810437236783,-10.49206075058712,Inf,16.28346550894267
-8.948236643243233,-16.318117825347677,-13.166035526411255,Inf,38.98979458636721
-9.473750101358984,-17.35876658271185,-11.831546727886577,Inf,29.644893970116513
-6.445069615596166,-2.2017655246603596,-14.452265983654478,Inf,18.848489488989937
-6.861397899796398,-11.284973418494983,-14.789392106332153,Inf,25.10200104637557
-8.415084237706871,6.587557396250858,-15.913813142132183,Inf,17.31738923704098
-8.199570148908393,-8.518796111945504,-14.607344243147722,Inf,22.741520138816064
-5.817324625367926,-4.3570349476217896,-10.519994320360295,Inf,16.933287937997505
-6.8247307239033095,-3.8094223919109567,-10.067079125750329,Inf,16.259747514643905
-8.066525912660518,-9.35070007643568,-9.84662224816371,Inf,21.194613286948222
-8.770185955330012,-15.797283460653215,-11.659935467832065,Inf,28.00896900483995
-6.96452597749758,-9.444536502077803,-11.866112687145467,Inf,22.138128789358397
-7.711445584953411,6.893998295767183,-12.94399855377426,14.399886779666794,14.399886779666794
-7.558551176372044,-1.261867838550934,-12.159451587800838,Inf,16.61074923078661
-3.268415065358141,-4.812438794026113,-12.496964105554076,Inf,17.973912365127724
-4.880366430654481,-15.33659537821947,-13.942876144065366,Inf,28.674622048152923
-4.6913697798988885,7.690412317793918,-11.038832320867336,11.219155613014216,11.219155613014216
-5.808928178968262,2.5574179685100447,-12.864197363940262,14.526471011067338,14.526471011067338
-11.07686387185752,16.339113299851114,-15.220199634710747,36.606952315071695,19.962993138565025
-12.949930234228946,17.3076678253613,-16.48031450845619,Inf,21.974957029695616
-5.878713004256708,15.779917926653162,-16.50617732207058,Inf,19.182351456622044
-7.106549164720075,18.481360507011892,-11.342802585062524,42.555635350073715,16.112119433813582
-10.370686200043338,15.26529037604881,-9.393234381372295,14.161474441179166,14.161474441179166
-10.440147622882039,12.288456471426557,-9.875308202194404,13.815711672879921,13.815711672879921
-8.779757407391582,13.811267480701034,-13.953534011196114,Inf,17.054017134088053
-8.306399929798829,8.540113522857517,-9.716968153486327,11.5329410740751,11.5329410740751
-12.296842879672969,15.436913093742469,-10.552302739711328,Inf,15.984898589992508
-9.016491709107086,16.429641579324567,-12.565771356549051,Inf,16.4595703562195
-10.333871515826543,16.447815376984465,-14.168556621088317,Inf,18.371117680311325
-9.542500029792382,17.349642594604752,-12.407223637542764,Inf,16.927098384537643
-5.323363768307825,16.84445156275808,-9.261194850680106,13.58242589708968,13.58242589708968
-5.900460065877038,13.332774584897031,-9.90583485703012,12.142926471184179,12.142926471184179
-4.484961813631569,9.187906025192135,-14.40946676040114,14.654957714072662,14.654957714072662
-6.2122317436381636,8.708526532001876,-11.924828972886763,12.50433968546714,12.50433968546714
-3.3074217219087814,15.09567313216246,-13.209465712414454,Inf,15.754729124788721
-5.244649613703967,19.44903851159326,-9.931851542017558,Inf,16.05248408660558
-9.350531589056086,1.2955916512819527,-1.7035563428509164,9.390444450782246,9.390444450782246
-11.131412061281845,18.72465795685077,-8.274136760940882,41.957372225445454,16.2528851598062
-16.65168673975037,16.656909997963695,-8.33639019222744,45.470725619378086,18.47411014725415
-15.66535553388749,-12.99396028411933,-8.670489036015114,Inf,26.572887000186387
-16.860925134430556,12.654654193186545,-8.653609009443581,Inf,17.81093526392619
-14.026352330858005,-17.999557314721724,-8.641268775502127,Inf,30.656368404857172
-13.11762935907061,-10.32882865057279,5.592103858486812,46.61066990406186,22.80275525939078
-15.270471103341983,-1.142364534385223,12.669312812072206,52.92852197347307,20.33081140055775
-17.978311518561448,-13.73895483300081,8.089911223527999,41.31744819035672,41.31744819035672
-13.676171404538353,-17.962765152683442,-1.5759109961545903,43.91363145391826,43.91363145391826
-18.071339670798885,-1.76916427991749,-7.621037593578812,24.205458709097808,20.209855346373658
-19.734325058760767,-10.387397934951226,7.625431154319138,45.1295681948843,45.1295681948843
-19.6675998278048,-2.0158671561081647,-2.8265473602772673,20.54608206039206,20.162347777078605
-17.820848701586335,-2.0085311345390338,-1.9108342849482618,18.484753853693736,18.194047646035255
-14.244546239057287,-5.615109204811652,-7.911076059181319,Inf,20.232894806305033
-19.25889493428418,-4.462406421746934,5.513058709708282,Inf,21.618003888679816
-19.29981546350323,-3.852309417216091,-4.854776621754748,Inf,20.866120481163097
-18.059878055026992,-18.752254964737666,6.929749784412948,Inf,40.33188622165862
-16.693441305345715,-15.566497563463733,7.531167482133718,Inf,34.25100595115759
-18.590709762872315,-10.11689219239476,-3.9907957272364847,Inf,26.890968501181707
-19.246356400588837,-8.267908694809325,7.515832655614261,Inf,28.036991774342717
-18.7506881706509,-16.652077300230967,5.667793676266555,Inf,33.203343583931655
-19.23058505344219,-13.19779540747394,-3.513977867459708,Inf,27.514244074665346
-18.386168152583267,-9.860159056234075,7.091918797408461,Inf,26.12230367742795
-14.508673952802322,-11.186013930834049,0.991343372461337,Inf,22.486429029313875
-17.517371999875895,-15.176640057437218,-4.878573280139289,Inf,30.195727462327756
-17.611936626635263,-12.89342459317358,-1.59095809378476,Inf,25.869116064477616
-13.716347355078993,-14.659264496823043,-6.4485425387801065,Inf,27.00703227953064
-15.801730433975392,-16.238551750415063,0.727280463139035,Inf,27.470655109987057
-16.885612324593218,-10.807168535790312,-3.7362716444546074,Inf,24.392488099981147
-14.832619829003573,-14.053828736835277,-6.477083638175385,Inf,26.08443898747312
-15.684873914306277,-11.650177221282494,-4.8783478179464,Inf,24.190226731829362
-16.640173799850917,-7.898033237981696,7.50620883691635,Inf,23.450298402178266
-15.586095444476404,-4.241918441423467,-2.04440804077273,Inf,17.736848137509533
-16.11022212962725,-6.426007497737984,5.035320919403432,Inf,20.261401165999537
-16.371441226001522,-7.094634979955838,-6.113433748192412,Inf,21.791841674747406
-18.20256956369785,-4.240548958049839,0.8547117453898494,Inf,19.86873189141209
-17.15214343677916,-2.861026285030171,-0.8494583878524864,Inf,18.035290425578825
-18.13421967008641,-5.7682778280449565,0.1329480996837873,Inf,20.621949951814017
-15.326445649900338,-4.390301800520113,1.5250960329274221,Inf,17.868182530838343
-15.409567843306942,-1.4802193199873486,-3.899159262281877,Inf,16.210581574276006
-19.625640201452992,-1.402740560569697,4.310853586315204,Inf,20.21416928592249
-13.549545542508517,-14.955483959315226,-4.889372466871951,Inf,27.606937362948454
-13.144914747253651,-4.744649178600673,-0.41704761390921874,Inf,16.638682688025668
-13.872504303787316,-6.214114355956664,8.953973883413688,49.9329853976388,20.912486197878554
-13.880533580614163,-9.367926879517006,18.153588544751358,Inf,55.17204203007304
-19.89166268056607,-13.754367320334824,17.074609225404657,Inf,50.503630661810064
-19.043651066632734,-17.974692582752336,8.518760236440635,Inf,33.69984646012671
-15.559620502411677,-12.538409519586278,14.966404735969967,Inf,28.86179060798635
-18.56074484528497,-12.943222169813735,8.381748673129941,Inf,27.98653724070948
-18.7608146648218,-14.372718935610038,14.851624829763736,Inf,31.537264173466113
-16.579507648058048,-11.225486773119435,17.032016905390932,Inf,30.836361115459717
-18.481026782224195,-11.804639976543996,16.23140346839356,Inf,30.94406699283485
-14.346612846458742,-15.594909769913823,17.473677975631176,Inf,32.99700528826282
-15.760872511485537,-9.93299201454418,19.64796524418864,Inf,31.59442592522523
-18.992006687302094,-10.507707166694491,19.135882831274586,Inf,32.70226573555335
-19.312011876557904,-2.34063113611149,16.141045454871403,Inf,30.730630520050852
-16.927866966089418,-8.30344653962813,15.869799031704204,Inf,28.347741522101806
-17.931491452338093,-8.391049431062596,17.771073861247082,Inf,29.96956815659064
-18.6471780701652,-1.3220321446643197,19.6052636054378,Inf,27.076420111526424
-13.249042000418232,-8.282942465566174,9.576857292132324,Inf,21.775697294362303
-13.667963370454421,-12.711415777940713,9.972967921903361,Inf,25.56673093112665
-19.903966917057872,-0.7932553986217599,2.1294169694451526,20.811038289676155,19.940509053977607
-14.82567947425312,12.001271875939423,-1.9243643221390272,14.621220156267658,13.721657634050322
-17.457312756882402,2.836932237779102,0.766981407960678,Inf,15.772483805384955
-14.89152108940698,1.9880408522813475,-3.173022406959891,13.920372736036297,13.78160911345736
-18.270432041538598,0.8534481839876236,-6.145800579964842,Inf,18.144793484550558
-19.48514484039829,0.09989101734392491,-3.7136198094132844,Inf,18.759729687477247
-18.45853948628171,12.883508135624425,-7.001351433463094,Inf,18.409562356087285
-18.91780467339645,11.65608406469535,-7.586902336652601,Inf,18.445345948904055
-15.020723357148213,14.52380252557171,-8.152959796218404,Inf,16.22635754315584
-16.468240392003494,14.081718376725632,-5.08364681534009,Inf,16.902271794110167
-18.130017065890335,3.3305036282811074,-2.0892773354827376,Inf,16.721263744703858
-18.153790080026813,12.792347934130675,-3.3257629066435896,Inf,17.14349798229992
-19.453654249396966,12.892882518150287,-6.308705370704697,Inf,18.91626332841561
-17.541811905930665,5.367059204978251,-4.443591003834371,Inf,15.593317360212648
-19.066329969403924,5.528960149747924,1.4402845434551104,Inf,17.10463633217178
-19.988897010998983,15.685250809471711,1.357875516092946,Inf,19.397710831878186
-19.33658723607885,11.179864973135256,-1.5155575124459197,Inf,17.292452036015753
-18.663051828514014,11.185312169976676,-2.1475117270566457,Inf,16.637980174098708
-15.974323247819049,17.615765157429365,-1.7626079998105197,Inf,18.447753651705696
-16.403331373097885,13.46765641938083,-2.7725569340700673,Inf,15.899131578053114
-15.192365249389432,11.33481727607224,-2.9640554690340153,14.136718101683808,14.136718101683808
-14.90108040210357,13.228257232365749,1.0414003994225567,13.738837111502061,13.738837111502061
-15.839502878873759,9.819787318122266,0.4991324251361533,13.263633751875698,13.263633751875698
-15.106391615550798,10.38452320214266,-1.8186322447075653,12.977480678757885,12.977480678757885
-13.134560193773792,8.055571804845016,-5.445291002947741,12.080593378149604,11.729425613442372
-14.025069599351516,-0.6093697619570833,-4.337316711768304,15.068604895358177,14.836482378322344
-13.703683238063888,1.7140098999894882,-7.0367506509051925,14.592888521354935,14.592888521354935
-14.649899646410356,11.605384741086276,-1.2568750525129069,12.9259396585812,12.9259396585812
-14.62236893670279,10.361685140576515,1.5724568218388129,12.343458220594416,12.343458220594416
-16.74497990680714,17.566280556224456,6.422703992990925,62.12988173296247,18.673868697390862
-16.917438012550665,15.564447499141245,10.97994969995808,Inf,20.136501357188216
-18.60699939894306,15.135492665618138,13.04054831327867,Inf,22.13134223668071
-19.541185707426827,4.629452961145564,12.87355837082125,Inf,21.711375743572123
-19.609003379597443,10.747318367168752,8.665159142595957,Inf,19.586506841949934
-16.89571495240373,0.8203142040186222,7.639620498419475,Inf,17.60922078451589
-19.53528797622465,0.3016200834304712,12.446805090497712,Inf,22.237915966934505
-18.793573924568186,0.08951671954791962,3.509521383696203,Inf,18.22173899077324
-18.505865641501636,1.0893232709475313,7.897336538025208,Inf,19.04906848302353
-18.19989145612667,5.973196795261721,7.876493397558928,Inf,17.509817307696963
-18.359251075631047,12.43534637820514,12.904569982412852,Inf,20.71432551149797
-19.08934916244401,2.212099023081624,18.608610248223847,Inf,25.338915643921702
-19.960106543007257,2.0320666612901235,13.614889687487093,Inf,22.79183280998493
-17.278017968662684,8.81868857882911,19.203012786541045,Inf,25.80646400131635
-17.572540337105053,1.7916821920808275,15.470985579776347,Inf,22.332176442319216
-16.96022946192274,8.182936299519106,16.18521082083867,Inf,21.952362777344867
-19.04463583819893,5.895598176406676,19.138635454072777,Inf,25.712630774244843
-18.245554533539014,2.738084844577237,15.914797777672547,Inf,22.849720297371533
-17.335636037376183,18.125604162855325,17.806791460073235,Inf,28.085870654723763
-19.28526292379661,15.88800853871006,9.154404546525853,Inf,20.665510565040982
-19.547892695904086,17.063264454783827,12.085931545763657,Inf,23.62218912156444
-17.836413123530885,18.10760832053188,2.4488507396025483,Inf,19.524139725873518
-18.893348279851168,16.955198405360562,3.234750119307968,Inf,19.43447221556116
-17.800237700043063,17.501309510014984,19.378406319071004,Inf,29.41921638074745
-15.734381339427275,7.4291122285038895,7.529471532101908,15.17483806244784,15.116287760087406
-14.509059869836936,4.01035340818585,13.816875803835487,58.262108954320595,18.470619798294823
-15.125097789271518,4.1854766828147305,11.098577760843629,Inf,16.93126030538506
-16.03724046009158,1.9043769614796275,4.6672692443051815,Inf,15.155023301886136
-15.723974312152924,1.018780347385288,9.547682355212402,Inf,17.395876796875697
-15.498922243989997,5.048968846640356,6.151291233102398,14.43563349529991,14.43563349529991
-15.426917766417354,5.911252992938998,5.568760201338545,13.901652590918662,13.901652590918662
-13.195766336180856,1.9162917358166425,6.831349994144027,13.805179692745527,13.79729861646978
-14.298005908936826,1.3397429627183044,2.3408582447330133,13.938743626459775,13.411440561917614
-15.669530205717965,6.7307422477196255,18.972165322373407,Inf,24.399986487218875
-13.904795589283259,2.64995981601583,13.962588863992444,Inf,18.703446328668324
-14.725802370231973,6.177248350133759,19.752721627176975,Inf,24.576350215320012
-13.240849217993267,18.476821499008544,12.502266304364525,Inf,20.228883983854153
-14.562133942709643,9.859627622073567,11.627375742471902,Inf,16.68049210993085
-15.378739612503685,14.284611136519885,3.425780731454182,Inf,15.05126963127883
-16.06186510754153,13.937061465110204,6.837576891894351,Inf,16.259227215195622
-16.36099301710413,10.410055997403845,6.5588908923688365,Inf,15.78616241156422
-14.70957034074245,9.40414361003026,10.487126159981948,Inf,15.978868822054821
-16.348118070898092,10.831819257902985,9.810967480950701,Inf,17.13426446462122
-15.496119081999735,17.6928932926237,4.333269410868439,Inf,17.753509598348867
-14.739283208242036,18.515608537039128,3.6171424085588733,Inf,17.197274898646988
-13.172811998651257,14.489787477161897,12.128611534699125,Inf,17.994437650232072
-13.203329830511139,9.533923413365642,3.013278470434795,10.958138742261113,10.958138742261113
-14.745734855404447,13.292644781602775,13.357588358272082,Inf,18.860332082978076
-15.684491500950726,14.592205735731632,15.279316452279737,Inf,21.323410854394638
-14.548872482585473,11.276909573688656,18.520252169060967,Inf,22.374035779524377
-14.652286722216825,9.084215074649215,19.635746162128342,Inf,23.528999685861876
-11.141052367327555,-18.739599724142593,10.693687925702235,32.455494955137105,32.455494955137105
-12.190973551939708,8.215527622181913,-3.363699091191748,9.789531069691886,9.789531069691886
-12.02796430458064,-5.546275532510112,-7.109662745420833,Inf,17.804052444953612
-12.598668204320624,-4.248713119857674,-5.892341591575834,Inf,16.73851070885209
-12.404627182483736,-17.075778137630095,-4.762088495212282,Inf,29.359366329638785
-10.632004503460601,14.812882260751785,-4.054993044053523,13.103295360704738,12.086599839804247
-9.515971976263309,2.5330271633680823,-4.391237442252578,9.572285467230957,9.572285467230957
-9.685265357248456,-17.98291621552684,-7.63806187450907,Inf,29.875249340401293
-11.312150779491725,-6.903673945004094,-3.953451300768698,Inf,17.670607530299918
-10.418554605044195,17.228516797319912,-4.950883613961654,13.94090812651542,13.680713007019179
-10.822433957371604,16.709595999931054,-7.358133180910595,14.096989920066136,14.096989920066136
-9.56154598841315,-13.290675379511088,2.9271610622449558,Inf,22.584138139534907
-11.686387171496477,16.074343032086148,11.962904650538473,Inf,18.238338387485108
-10.0810223087608,-11.687304042841102,5.107022368628726,Inf,22.001245049894845
-11.70962024250314,-7.854861810241713,1.1050948343959632,Inf,18.133933708379146
-11.709857702418471,-8.135881211466627,1.6418639569882671,Inf,18.431142540455404
-12.12924470044495,-13.957990121271955,1.4397712869955654,Inf,24.023295670447133
-12.461242439598763,-16.861033525611457,0.6649904550817283,Inf,27.046236100522364
-11.786604997494763,-7.001753031517115,-1.2974567387125262,Inf,17.578613943054243
-12.924052999602278,12.40067213340587,4.176201675836104,11.867271495478706,11.867271495478706
-10.67433893521577,3.335147246193067,-2.2702489608972165,9.263388130253624,9.263388130253624
-11.518418930197116,0.2836524155909359,-1.027403538372404,11.614152759649222,11.580871751306393
-10.784682730825335,-16.819099458128683,-2.619917678287731,Inf,27.159912581601834
-11.53678069194882,-16.10275663328519,-1.0544815583877138,Inf,26.467245734153195
-9.943411610644723,-17.2392966172201,4.997132992524929,Inf,26.774608729840033
-10.919068184617355,-0.2382072405442841,2.5087287119110613,11.798504529109811,11.798504529109811
-9.913707392428073,-13.673874296136113,0.18748040793250098,Inf,22.995754860706946
-11.53933519494779,14.682616847171928,4.003791817058271,13.128872634146191,12.189182412732842
-10.563727992311245,7.3825460472735145,-3.1453116417331373,8.214877713577497,8.214877713577497
-10.785977530967283,-13.143971912219685,5.794722665426704,Inf,23.75271546135945
-11.803607382507826,-16.703983510538674,12.471947994444683,Inf,32.13443799507174
-11.469106374429154,-18.500819544931222,17.017598948582773,Inf,34.82827208919282
-11.333649294034505,10.689776144977277,8.961612694055159,12.716892080990156,12.716892080990156
-12.012647777071654,-6.190055919689046,6.920977087212783,Inf,18.483037606512056
-12.08106423218946,2.8375524993694157,5.619649018557116,12.366925033540943,12.011864562392194
-11.983747574809822,9.877442367789982,8.186202328989005,12.380484192612778,12.380484192612778
-11.49003044073357,6.8252116956145485,5.51078733013383,10.377691310489531,10.377691310489531
-11.103626062128242,-12.37784556755563,19.13463770503526,Inf,31.019596054882776
-11.226043195340099,-9.51266084301479,14.212422908025566,Inf,24.479302434555667
-12.616354695430783,-12.716105939885303,19.031280686087648,Inf,30.499171028949583
-13.093054921165423,-12.15767840491802,10.19446324785833,Inf,24.861100698203884
-12.64550941004214,3.2475254067497694,10.467307669926285,Inf,15.0337523705598
-11.299733375338912,9.544353446481686,12.617825880647672,Inf,15.975066427334541
-11.078142752663931,-14.7540310445022,12.923453879975582,Inf,27.6476667807849
-10.881757132486847,3.6201027554945497,9.211708956425575,12.989358586043696,12.989358586043696
-9.57754456096458,8.214511728473308,12.567866269082053,Inf,15.589928981196527
-10.731357907863206,0.9285436974188244,11.553071273252115,Inf,16.134566454784807
-9.574129600753336,-5.074618577321051,7.9010158173081635,Inf,16.65757092913579
-10.162846602490196,-7.543300702335198,8.971735555261038,Inf,19.374307316343902
-9.926960402747618,0.7965651899341424,19.042872713079177,Inf,22.424727071437786
-9.81336896534966,13.525075142437487,5.136433612279816,10.714531451502808,10.714531451502808
-9.391044591807471,1.6339078722737455,19.964424392506366,Inf,23.146384640558022
-9.549087562589422,-15.218283884216026,16.505889323014394,Inf,30.645907820653527
-9.37654251109505,-5.9253754958827365,2.9669807524827974,Inf,15.817423242843805
-9.507171506050947,8.814927885037207,19.66425255585692,Inf,21.491836851886745
-9.381657207828873,13.402627140512394,11.481355460601492,Inf,16.732468701359426
-9.423990082490423,10.680505108135094,12.767759533152336,14.7510461681122,14.7510461681122
-10.621897745327091,19.607914860805487,7.041677742381395,Inf,17.00925610049839
-14.592203371534556,19.297984724491208,1.5404483729356322,Inf,18.233827434934327
-14.791399450729008,18.984436867262666,-6.7969120701053765,Inf,17.996973284432926
-8.67684575869653,-13.08644448807704,-0.15278684341797089,41.103423917750575,22.213962280305882
-3.3799821175463585,-18.01018822585717,16.060563983234914,36.355881923323324,36.355881923323324
-4.198979402034988,-16.700850803578014,-0.8678922751937108,42.85563424954494,24.976304132011144
-8.543505110567944,-17.27159177930588,2.068688493027693,37.58077354031608,37.58077354031608
-4.984505491023272,-14.68336195920247,-3.1876406862769358,Inf,23.714990470044192
-8.155879370252626,-16.96892290768637,-6.373437650538456,Inf,28.420065457712063
-6.125422044091069,-14.486696475446,9.088410759370362,Inf,27.55599340309611
-8.041737182590731,-14.482126172197534,12.465808776309515,Inf,27.8557868956897
-6.635959715308779,-16.824354393946138,0.9388763035046637,Inf,25.840323767252773
-5.798404772448622,-13.872768130942337,11.21041950093792,Inf,25.87728520943051
-4.387742138423345,-15.656657805401943,5.651938253867648,Inf,25.42893062474152
-5.374786043740611,-13.176169356947769,10.142143201557339,Inf,24.804232362274448
-5.136161851889378,-13.41296854141051,12.410370003865566,Inf,25.59375505870223
-3.1255252669601674,-14.767207270747225,-8.818075307366566,Inf,26.071879028297424
-3.207883807321437,-16.686441879201457,4.279869200453241,Inf,26.48770759473703
-3.1102728721352157,-13.845534985415204,-0.751266415688832,Inf,21.89694959379388
-7.710347844820644,-14.520832637183911,18.32089477458004,Inf,33.72037120583164
-5.43498584816362,-17.3876846425129,19.335827975613988,Inf,34.73781421610825
-6.414056927285765,-17.75280070602993,16.45450301696765,Inf,32.429696390254804
-3.657407290741066,-17.324592645238354,18.27569410021154,Inf,32.71277325980332
-5.800487292800911,5.335355282034886,-0.9641610974854053,3.9840516025803456,3.9840516025803456
-8.117886099744966,16.332725545020665,-2.1655828348049155,10.477045776849971,10.477045776849971
-8.663200991831959,17.869907188227344,-7.917207991025776,14.84542811402828,14.248291327377185
-8.471271940037752,12.400804615930745,-5.1874049491565355,8.729895074740334,8.729895074740334
-9.029172525659881,-5.629322997755679,-7.971977386982703,Inf,17.29220302377973
-9.178132405810828,15.267504230953605,-9.068980808266831,13.436813534271465,13.436813534271465
-8.445414031409957,-4.440629357557553,-5.654612294169334,14.72736517625216,14.72736517625216
-5.926609602767039,1.9640861461308212,-1.135577762895732,6.803443001445768,6.803443001445768
-6.462395044545417,-9.682666342116137,-8.833208569619808,Inf,20.89140736514421
-4.627114018725287,-0.7596500906502079,-6.099448331101636,11.380260194094685,11.291508678889038
-6.092352959539813,-0.31292197509162634,-2.1339736023155425,9.12256334183082,9.12256334183082
-7.875626162558778,-1.8494739696615596,-3.3215623838531982,11.526185471484355,11.526185471484355
-6.006766834853652,-12.705408809467258,-3.704788860475034,Inf,22.44702462544044
-7.760683519497915,0.4719248866913972,-3.2806969653241858,9.492049044475207,9.492049044475207
-3.388740953745071,-2.5351226215104106,-8.485231994189837,14.044102772803193,13.655405584569133
-3.265135887109789,-11.601509328710824,-4.821116163939676,Inf,20.99455521642686
-7.885051402500611,15.881128496940647,-4.017455735794755,10.663200569093418,10.663200569093418
-3.436627112534829,4.118984051660711,-7.271550230836201,8.253991203426281,8.253991203426281
-6.474994685846056,5.044401860502681,-7.665990171237622,8.920681237123663,8.920681237123663
-4.869596488437127,18.17991569188051,-6.678729262685552,12.669070000719511,12.669070000719511
-6.680440108377983,5.447712186115361,-8.366909822743311,9.490257765634182,9.490257765634182
-8.09703783409435,11.493503319100054,-9.039041258470037,11.577670200121746,11.577670200121746
-7.935882047936174,12.189087005843085,-7.854066051154671,11.003636518855796,11.003636518855796
-7.6960306300639125,13.104226109210131,-8.116181949701309,11.528482397873821,11.528482397873821
-3.4848080337776466,7.868377473272794,-8.586013834447872,8.600697465001756,8.600697465001756
-3.710898468146393,19.601276128747102,-4.527109319446154,12.565326040670122,12.565326040670122
-6.370993195813801,13.842944242683487,-6.585174196332506,9.426988476993833,9.426988476993833
-5.141071321699746,3.94093332957139,-1.8984485459633582,4.96631810512173,4.96631810512173
-5.864969305853602,15.711079748390958,-1.618052325146742,8.383727890171604,8.383727890171604
-3.910051658744365,-9.587157626436538,18.658492174637402,45.18637732760082,45.18637732760082
-4.041624177588599,4.730273558297728,13.949373561946842,14.656587384364975,14.656587384364975
-6.067169146704519,-2.124320401782178,13.000598259476028,43.66705587580668,16.973216580808536
-4.67829467514389,-2.128596892572947,11.154912765202258,15.362240810628808,15.189021802398624
-5.747266171655285,-12.244415073615711,6.646813733342512,Inf,22.99782566055226
-5.392554797516107,-5.666190204928059,10.625508207261987,Inf,17.639885335722354
-6.975438572125974,-9.830410117712294,3.163572359591022,Inf,18.585444687362425
-7.788431979584214,-7.741000384848542,5.726316187808777,Inf,17.651168984118407
-8.910506766162891,-9.420215854872822,4.851912277190635,Inf,19.08794644498159
-7.044400589847166,-7.942016858773773,8.04037195804274,Inf,18.817049411555725
-7.637564477198673,2.3922938793384745,5.287232492710192,8.99489853460561,8.99489853460561
-7.398718269200373,-5.1521794523099285,1.4080773916494778,14.027237129336484,14.027237129336484
-8.414234318912612,2.734376840095017,2.3435616138830966,7.907781076906796,7.907781076906796
-7.891694903321298,-7.05649364912226,8.41117279287846,Inf,18.18358845861055
-8.788695333372543,-3.850122874442235,6.906488898195022,14.943753992708146,14.943753992708146
-9.142156677569249,0.5137646454033558,9.351744177732098,13.661808885742833,13.661808885742833
-7.615652737227894,-4.026013148225482,7.346140013557907,14.97750981560088,14.97750981560088
-6.861692895365223,0.4050973858136153,0.3727504667476751,8.52843248478582,8.52843248478582
-4.907031085931406,-3.1395559071358115,-0.4568149027313062,11.332898989288394,11.332898989288394
-5.687332901317328,-1.2020797061430954,1.8457777531770425,9.762526545666162,9.762526545666162
-6.174732190246619,-11.639472055387294,3.252844196063556,Inf,20.565799520495602
-6.773659196027664,-10.335846899584853,9.568257936675721,Inf,21.719969541654734
-4.686744764751296,-3.295258503188503,7.451243326829005,14.077557540560306,14.077557540560306
-5.525690754305028,-7.610052713403146,4.024906618044064,Inf,16.532818183044924
-5.22640907535644,-9.603493074764984,2.8573198690319046,Inf,18.237160155206173
-5.68186343822398,-1.9731739577256668,9.01809046227126,13.899514003045848,13.899514003045848
-6.937505038427636,0.42835351596359317,5.11412334129103,9.949273036599289,9.949273036599289
-6.110959224789774,4.5397498796366165,-0.47271263473049174,4.677056278131924,4.677056278131924
-9.021605116678444,2.6250126567297016,11.296381865809835,14.414046152834663,14.343200502747571
-4.047957925495256,2.895648641707382,0.09731283252329348,5.211726047087061,5.211726047087061
-7.416188666934449,-1.9736042788658352,17.945047143661903,Inf,22.60898092440652
-8.462425124599795,-12.494088924693925,18.23947828872783,Inf,33.976614460704276
-7.962984486377476,-0.25109049962388497,16.775615753489078,Inf,20.692155024204965
-9.03975723502171,-4.71631451256683,17.36350794567865,Inf,22.854516976393533
-4.631098504792739,-2.7509244183855586,15.8056841977683,Inf,20.054702205872488
-6.855955605889923,-3.6827139992229547,18.180904421532624,Inf,22.88035532593807
-4.051976020557868,-7.43486442054996,14.511235147987158,Inf,21.245411580822964
-6.273875135456954,-2.8063560148419064,16.98108451139553,Inf,21.016998318858704
-4.383917763830114,-5.5654997747538015,14.726133534466626,Inf,20.11949300485965
-4.171365758664933,15.366539491240971,8.615980907860461,11.445966261129108,11.445966261129108
-8.169404470778652,7.244505024774046,1.3263158008843945,5.390049057640717,5.390049057640717
-8.944722556714284,18.420680516161383,3.8797153098881765,13.6531428957962,13.6531428957962
-8.625455756150568,5.728872169628048,5.94620291264043,8.49476916487971,8.49476916487971
-8.668824645374649,5.39396371979425,4.187474559039444,7.514116124758668,7.514116124758668
-8.928615230607662,16.843142080344727,3.0622128442551073,11.876292524000839,11.876292524000839
-9.287015177438214,4.825415621248304,1.881800115691128,7.29011093842665,7.29011093842665
-4.496797438464082,16.976003363909705,7.404891530130975,11.836074049723983,11.836074049723983
-6.239678661254935,7.293769023934374,0.36847582505188115,3.336173624587431,3.336173624587431
-4.150310725695272,5.926497106969375,-0.0823603778680777,2.372638245687388,2.372638245687388
-4.744137687500185,5.440090422306341,7.261922920351758,7.894978012639201,7.894978012639201
-6.139843512519896,8.51733617187329,1.9788796832600575,3.7472948641201445,3.7472948641201445
-6.334781459187457,5.297490856786524,3.0435919812564265,5.261917445006267,5.261917445006267
-8.056355771463464,15.924265422200811,7.915304734712059,13.419440885934403,13.419440885934403
-4.061007227847648,19.841590532740966,-0.08186584201730085,12.531555783126368,11.930009892247398
-7.2361205979800225,18.68558898124816,2.184113787632185,12.096786647974293,12.096786647974293
-7.328862894949255,18.59572240361983,2.7023722075617584,12.223296907584235,12.223296907584235
-5.358657378348992,18.774972988428843,3.8070985785593514,11.915547336977905,11.915547336977905
-5.855595209958651,11.327802258056838,11.566789776998867,13.152135647400385,12.441626727300648
-6.990495517813757,9.910219516540877,11.823979732881007,13.185020390298934,12.660996228804422
-7.448970615322379,7.763852131779387,15.2845372839937,Inf,16.674404581473766
-7.4344122708123805,14.722488509671372,18.727721622624486,Inf,21.232698929513745
-6.7593156125557385,19.76842494701806,14.350871553973207,Inf,19.124706440019573
-8.801618435333136,10.322554736241063,11.135426606367183,13.579223109061866,12.96779472207568
-7.883632399379552,11.699031955516304,12.470434015532675,14.692697414725949,14.692697414725949
-7.127912183076273,14.330534948248072,15.016388242698753,Inf,17.188723067526457
-6.914452573716181,15.214868474999335,19.57004334546245,Inf,21.40167864527547
-4.295742909291009,18.792281823537913,19.710123497631074,Inf,30.749627526510125
-4.343012426298589,16.37307232024152,19.48310499996755,Inf,22.27774017977457
-4.582590765069181,9.393639576947884,14.754701711650277,Inf,16.368370623727554
-5.12839355340839,15.49078478963932,17.972571298132898,Inf,20.826331546910154
-4.689644542618776,14.564548527964902,14.368560442462282,Inf,16.87850471032941
-4.968038155723367,13.27005628715228,18.53012628070617,Inf,19.725043748309602
-5.201277796685888,19.676261730226855,17.043505339512812,Inf,20.967394338333037
-3.855974496243295,-2.5354770422417694,10.600430316328087,15.085054925123277,14.973505354516071
-3.587268357334807,-5.6356185359513145,11.829042142901542,Inf,18.1217938853654
-3.452334920545937,6.970296639669797,3.47664409291637,3.6540320249596743,3.6540320249596743
-3.3703935391927615,-0.17403054262553397,-0.07887038406176217,8.182798251401097,8.182798251401097
-3.471819977259667,15.094123639574512,1.8907729472938755,7.356916925093663,7.356916925093663
-3.1672381624022634,10.856974689628991,-0.4318675542421957,2.8942671895579184,2.8942671895579184
-3.6438882569825353,2.08203910618467,5.981033895661145,8.438579245895312,8.438579245895312
-3.8252762313421655,8.442084461110788,3.7549507289200434,3.869906265711239,3.869906265711239
-3.6740758986005773,6.176393058289289,18.23249282650167,Inf,19.192164963906922
-3.2863643743881994,3.8785044271634987,16.177052599511306,Inf,17.06248536463403
-3.081266035515135,18.52470653717446,5.037359797123688,11.903027824435247,11.903027824435247
17.961329654097575,5.63986605003576,-4.627869730160867,21.595479882810277,21.595479882810277
15.822527779683341,4.772366161591961,-0.3653085796407929,19.138437056414023,19.138437056414023
16.504247057040693,-8.16881622687415,-0.6876141869465542,35.30316728977046,35.30316728977046
12.654762458479723,-19.804879115761665,-18.61650214923244,76.11364274902421,76.11364274902421
13.172602669980805,-19.976434385983055,-7.746344148093494,Inf,49.0295488906024
7.649987705139196,-18.52968069825981,-5.317097989132966,47.50632439327751,47.50632439327751
6.326939877751769,-14.232864093278446,-11.902459961651255,55.48003625159595,55.48003625159595
-1.026658670041563,4.326865686519163,-6.156559716293373,7.435672076529384,7.435672076529384
5.605891330604482,-3.2040490273182165,-13.478238683918988,44.64785140776924,20.25260377159988
3.7003462586257285,-16.59058808024244,-16.84521613580764,Inf,61.55364267907378
0.8371212064372742,-6.8520412657629315,-19.579214233788854,Inf,28.812447142188653
-0.7417357874628117,-11.330960357765854,-18.536914319212983,Inf,27.897558093967294
-0.2778789680874283,-17.206845915010767,-17.968255705140432,Inf,33.81909225751641
-1.3784903069814476,-19.639124665167785,-18.315812743883413,Inf,34.649441306655525
-1.705044485604823,-17.856258181533875,-15.044748514647281,Inf,31.519435479859837
0.3555196837872572,-10.159739275984085,-18.42539667966662,Inf,26.74162804802998
3.656301894301013,-19.759717377173686,-16.03965865496218,Inf,35.32229435952449
-2.3300567280135454,0.6437622023990563,-14.228771189626892,Inf,16.109218022998178
1.8522418483026648,0.8361045253749211,-16.30098680540452,Inf,18.921163502724344
-0.5342015740114618,-3.2821767063942175,-14.88582674925425,Inf,20.16390267759197
0.7975763321512659,-2.862486068815386,-16.894140214440696,Inf,21.511074883085
5.6508841142758754,1.2673661713563789,-15.06066158696898,Inf,19.38038216155703
5.395717677752081,-16.725254799886635,-16.42415970806466,Inf,35.388901434692805
4.733656777954209,-6.347647066986877,-17.314888581239273,Inf,25.269628659458704
5.326757347970144,-1.9610845208682122,-14.06586093565843,Inf,20.171992847174785
6.057041454453298,-16.01515065516577,-13.635163131718704,Inf,29.97923575765911
-1.8284101585724777,-15.26427675031929,-5.938634939089926,Inf,33.387820247838754
-2.0207782691567466,-16.047889038456155,-13.24996234180408,Inf,35.7849617049379
-2.4133631376404274,1.9602212920077093,-5.337320173116211,8.081463746138404,8.081463746138404
-2.5820591464824894,-2.9215876112011685,-7.155616582350133,13.29363396042359,13.29363396042359
-1.5898089138224414,-7.283830228354482,-5.794094801727558,Inf,17.373361998488242
5.390535928160311,-13.753596032149957,-9.044088023044639,Inf,41.390268478976964
3.533829693222188,-17.7475114840587,-13.029149677301062,Inf,34.30313636680975
-0.08086964512620654,-15.917133555256653,-12.335840415815511,Inf,33.636482856648286
-0.42488885837509827,-17.981557194505307,-10.408729223986661,Inf,29.938460049489017
1.8965794822706812,-15.387392177398782,-11.444536826455343,Inf,29.416092892629077
-1.7439595044924516,-12.423907480933671,-13.141738641103577,Inf,25.76327399048071
3.0106048712349747,-12.583507139744716,-12.75849171556505,Inf,26.060201912809802
5.921908801783104,-8.131096714661217,-11.61860916251813,Inf,23.574366945675447
5.451135155583209,-10.772297109772824,-10.92788033934287,Inf,24.04762418411992
4.507206537889246,-9.856390386273315,-7.739401046995962,Inf,22.29313559428067
1.2255894566608987,-10.89076907314686,-6.161559936153411,Inf,21.705176102431466
2.6345996592319594,-17.64079443428532,-8.371745562157509,Inf,29.68724803891868
-1.1530333278642146,-11.864232787307554,-5.339603959627883,Inf,21.996934474410455
6.149782523260903,-13.901471073304332,-5.576707442548052,Inf,26.207030675356513
0.5021752803502899,0.5421950615583242,-6.129442636036435,10.55275502801429,10.55275502801429
-0.3154858530981457,-4.35644285373856,-6.993189452568336,14.940271084283152,14.940271084283152
3.382568686574345,-3.9117703304150524,-9.181222297147702,Inf,16.672218483864647
3.524590472455138,-5.313430343754337,-10.443751408335498,Inf,18.429086830544318
2.706474101166549,4.320514262942645,-8.73557036118699,11.764737565797613,11.764737565797613
-0.0872712855605755,3.818424191614163,-12.15052597372229,13.524070298316431,13.370486668346505
2.483437727617357,-3.2147869832000993,-10.730246393341867,Inf,16.814361066629594
4.122210293786075,1.8112362913515838,-12.32025165320315,Inf,15.851748427990632
-0.2384897848057861,5.419110057387044,-9.374659515494317,10.911189920751198,10.185677121563959
-1.2145217692867831,5.171184240521622,-9.875483561918337,10.605793689755616,10.605793689755616
-2.944165420868579,5.636639004737702,-18.29608711762819,Inf,18.578596752505348
11.939807131544072,-6.517651088875827,-16.773517735701013,52.51914812590053,52.51914812590053
12.682536825254857,-16.10082129461422,-12.651790867089403,Inf,49.85775118205388
12.914467439076404,-7.753859550683915,-18.202686422333194,Inf,50.81921853508591
7.125750702546007,-7.483895104608704,-19.34492774153209,Inf,27.671841970666854
11.284793731231233,-15.716847532001887,-19.956029984958708,Inf,36.915899009548404
9.526000518899238,-16.464070859367297,-14.099479695424266,Inf,32.05707083573594
15.91093743745158,-9.153122332823003,-12.759539568175047,Inf,34.35369311336385
14.441286843825466,-15.303186767728159,-19.173008006075047,Inf,42.86575086187445
16.054717877139353,-6.654095089572154,-6.235105634233964,Inf,27.36555687143864
8.148038473722199,-12.541783589230064,-8.134697662590531,Inf,26.277357521667618
15.067557876562333,-15.386372347255195,-10.434262525668174,Inf,34.104198041830614
9.250600996301568,-15.046062888251077,-6.894110483920501,Inf,28.03628616791336
16.009511297318817,-15.663317712312779,-6.360231047298601,Inf,34.14637378834753
12.4192362125833,-18.43001637160033,-8.085902401317604,Inf,32.60120360260802
6.589399439248957,-10.196859271213548,-6.673213705533145,Inf,23.53147287250833
8.411368695764612,-11.085293645430792,-8.099053934886014,Inf,25.10681736201214
6.918864859789224,-9.959303471692635,-11.504411591372747,Inf,24.884625296401733
6.736229029393321,-10.2237999249179,-7.292583299491282,Inf,23.976411382908363
7.400577205864227,-8.379255403858021,-12.531736698252995,Inf,23.551808740161583
10.542446683115827,0.7381889299127842,-10.002941720874663,37.43754573871565,18.918942177656
7.342868691565762,-6.335961479202741,-10.519401300297364,Inf,22.320394695356512
14.938941127922973,5.3306307684867775,-10.226651527415207,Inf,21.30929148853075
7.568026097304134,4.061138800818487,-19.575951772367894,Inf,27.218324192672437
12.24714496186295,2.435699482935078,-17.651209220252476,Inf,29.913178089450525
10.907112808963983,-1.1119766359378787,-18.41333846041886,Inf,27.791497978140058
9.232274948599219,-0.3945238751166613,-12.975090137916734,Inf,20.863703951106956
9.555152683085613,-0.26814448372258326,-19.282342740118203,Inf,25.332163221719778
7.818355196982843,0.3129324190910765,-11.083195421679122,Inf,18.67150120715551
13.070949961738194,3.5383063101807792,-11.875321259811749,Inf,21.121872064751336
16.450769628665533,-0.9165404806022153,-11.116825940424606,Inf,27.396238716657642
14.074172774675695,-3.271806616710961,-17.306058629765218,Inf,28.20080560149675
13.130001121619415,-3.5398783964260616,-15.573790864511183,Inf,26.50628933822966
14.362197342717437,1.371820196370443,-19.299523510953893,Inf,29.778534700689793
15.366485564755607,-3.2817005993601285,-15.685242039583622,Inf,28.219940698984704
15.39158947170744,1.84040986790243,-13.493735549580892,Inf,24.42149096354264
14.999414090511692,3.225818006586305,-16.18807536369082,Inf,25.85647561693765
14.472573902494467,2.1208083021799595,-10.484155706705423,Inf,21.4073076519912
15.817958105185461,-1.7157120406901072,-10.708072963091286,Inf,24.18401320781045
13.8092676197547,4.331101489083977,-11.053723634958263,Inf,20.941892715424803
14.449403412880969,5.144802420703023,-12.662284781131499,Inf,22.56231782548958
15.016687022139351,4.07424402900066,-7.373989262350458,Inf,20.095953947718765
6.35476922555803,-1.6025154431099793,-6.9931453715507175,Inf,15.371180444754753
13.38208044395229,-6.287525143453614,-9.571018166300389,Inf,24.20168705527231
12.041742097950667,-1.133696838601157,-7.926685186749918,Inf,19.458056480211255
6.715772212058813,1.478333995272692,-5.722284943291935,13.129704345896016,13.129704345896016
12.524849270853423,-14.434293349844625,-3.600729977612744,42.0782160269696,42.0782160269696
1.1834837971948247,0.3764268816063421,-2.327361834890553,9.002056258621757,9.002056258621757
9.472610205568373,-12.520904187297273,-0.5543905017584265,Inf,24.815656269543076
6.667282996438672,-14.107142651234605,-1.363023195639535,Inf,35.47332122098441
1.620869538677514,-13.83993096942163,-2.9449209864607084,Inf,23.927297131445215
0.8955484346380587,-15.60158339492233,-2.7343244586401454,Inf,24.99370263393167
0.3410637113925752,-13.98120740053046,-3.026186255623287,Inf,23.329364797868283
2.7861597059223513,-14.278377137050322,-4.713772887198484,Inf,25.69441260871466
3.038100773743338,-14.971209638993894,-3.962464847855447,Inf,25.904998408306337
4.4467650996165204,-19.658995585252104,-2.0461284891096483,Inf,30.178653196565154
2.965514909535152,-12.366284916667656,-5.181562420973478,Inf,23.783603509284134
6.323657780043746,-10.402549869634816,-4.642685546872505,Inf,22.6220081374044
5.245822770382034,-0.8827794640981246,-0.8789573731767959,13.232224288402437,12.412157650144746
1.3183772749723204,-13.667665045498465,-2.6723039976154013,Inf,23.39080023812394
-1.8287743821107227,-11.889236060549617,-2.120740904408997,Inf,20.46598138656096
5.553961715419,-3.4234091516150045,-1.318152185351174,14.880690048013289,14.732054983582117
1.7505938603225246,-0.25305582748710975,-4.734890721240594,11.496562633284977,11.496562633284977
0.8513690395404439,0.16229042923438186,-2.432361025877494,9.065269712182284,9.065269712182284
7.203154119545534,-6.094380244835067,-2.794209139155683,Inf,17.85223829420128
7.533839225495775,-10.711469256431272,-4.420498525916967,Inf,22.758528211215165
10.755130579114738,-17.51297508668367,-2.3420585642348186,Inf,30.566031795471464
11.082356605257509,-6.6462429773137455,-1.887165211611162,Inf,21.30514206745542
8.84912905778311,-5.146727997759983,-5.181024445953444,Inf,18.475596344391747
9.901622180451575,-0.04517809435836284,-1.8098131242157507,Inf,15.58018084035364
7.367770170685457,-0.235418346689098,-4.118332950650556,14.068799029329114,13.963123507862772
9.91662598658597,-3.0627617429829783,-3.186625271854197,Inf,17.30910175085948
-0.6554169574164348,-2.7745745500114722,-0.40510010206309843,11.754913628612531,11.487431268421782
-1.72461937657447,4.74775712663493,-4.080702503429645,5.371760639069853,5.371760639069853
7.8502008851254175,4.57683452514604,-5.212378475065913,12.593708820123062,12.593708820123062
3.064841048841778,1.79222354724196,-2.998389705104696,9.182000123002137,9.182000123002137
-2.895379958236262,1.5681772287216305,-1.1798834543358012,6.539985816505185,6.539985816505185
2.4981282647626735,3.084144511414088,-1.560776227277021,7.538638606013391,7.538638606013391
11.56482980501692,4.505414289812329,-0.6705930003984051,15.202968660976637,15.202968660976637
10.871656346890425,2.9018068600450952,-1.4519727475997186,15.008669952638183,15.008669952638183
5.219839021952666,5.193183654626772,-1.9082002961557443,8.892985995362803,8.892985995362803
9.270979666847072,5.147076249895299,-0.9531024261586474,12.830595703644164,12.830595703644164
12.728370048002205,-8.984125702691115,-1.1575802530581996,36.10203592046335,23.95920792426883
14.227483184864923,-10.447530314484625,-1.4018711511314592,37.25584586925299,37.25584586925299
15.608050188581174,-18.918939175394325,-4.085249930271155,Inf,35.91077499728308
16.482794500698432,4.363027980987972,-0.3750422560778972,Inf,19.91535702232891
12.737981516166847,-4.3879236236672625,-1.9928229811158005,Inf,21.182185185096294
16.0654092249002,4.903003963847532,-4.4006386983191526,Inf,20.45354465060852
13.537803315857076,0.4585479804549841,-4.95414097952505,Inf,19.620499842940752
14.588980832774403,-4.915816327793037,-4.96356517019052,Inf,22.609881639829766
15.779889261581943,-5.0244619756026765,-0.4592400910915444,Inf,23.74051932415576
14.468572140585877,3.1025941345253045,-2.4525286050279576,Inf,18.39066582514758
16.42482461654638,3.9096939447340695,-1.6996937163974657,Inf,20.128952442535798
16.780624697791552,2.3464257325338878,-12.746210343325304,30.435630765580747,30.435630765580747
16.977740845899987,-14.648332329801041,-4.643531572483033,42.909586135545844,42.909586135545844
19.90388728208326,0.6241453852902445,-6.733132100993036,Inf,27.371561043497206
17.162336346861586,-13.102870489547147,-13.44484231764361,Inf,51.84746052667124
17.822923890015765,-17.415825831540126,-11.682363100499433,Inf,50.52000688212921
18.992440564445765,-14.83413859087893,-17.136708528754987,Inf,41.46927726296221
17.662169677644172,-17.984834883747993,-13.672161600614308,Inf,38.99991130665799
18.464588692341685,-13.90222875369405,-11.272090483003767,Inf,33.51346713178881
19.62501869795333,-8.5666852364057,-6.771391472959758,Inf,34.439586922780194
19.589831123665192,-7.50953391235738,-16.083080140310155,Inf,43.81115845187729
16.78566594840803,-1.5274031261445487,-18.951506223380726,Inf,37.75083906060355
19.292099230538,-6.133400687938888,-11.720152153904193,Inf,35.79231413095714
18.801595069445803,-11.441832890067651,-12.406668832813965,Inf,35.6454095192805
19.377444939648036,-8.281224658411759,-15.392564017807713,Inf,32.792940124143904
17.16217446116407,-1.6386157412903728,-11.509922612762873,Inf,30.12719864091402
17.487444659996505,-5.646725515345707,-9.475697870492938,Inf,31.049160750128003
19.91747129575721,-12.30000254232733,-13.829875882571159,Inf,34.05049851175079
17.183745909704633,-0.054542233430865394,-3.126584115975845,Inf,22.17712849311805
16.94179655801736,-4.928940450775698,-1.231064032916656,Inf,24.919068849195785
16.7532514527148,-0.9789670837233366,-3.532172047849656,Inf,22.35583243350449
18.774993638702426,0.3291999214921333,-3.2204369251353526,Inf,23.506229152529873
18.71472722880314,-18.987581542720484,-2.6809106059577026,Inf,46.98743238008225
19.23142339402731,-1.111077583230724,-4.561195000104332,Inf,24.7890692109993
17.557061968194205,-6.670422813917369,-2.4962532087596685,Inf,27.71452150163101
18.610660989246163,0.01174029747623706,-1.4811624282760576,Inf,23.2697552099116
17.55862918344367,0.9635079424087323,-4.5100355214353005,Inf,22.612902743632304
19.829269731238924,4.311550507747064,-8.120017883573167,Inf,25.772646510688254
11.612018338154641,-12.17993329496208,5.104160238538931,37.44209613800001,37.44209613800001
5.759909889009094,-19.698466744342404,9.25389235612494,42.816240547762504,42.816240547762504
1.2362070510854473,-19.78359246146864,19.102007612122677,42.161443426845636,42.161443426845636
10.662941693878125,-6.278642933120242,7.961166915232141,34.42126427104326,23.09318654870453
10.46954258184342,-9.644483300196933,0.3382280846942898,36.60314432934202,22.980584764335724
-2.4185086342768614,4.267816652806804,3.8689538643537773,5.407044363603354,5.407044363603354
9.44068907462534,-9.774128956492518,1.9533919149159829,36.71955329348401,22.974389472214632
-3.0,-7.0,0.0,15.163185620491717,15.009431131371116
-0.08473772982222627,-2.030056762196555,1.4923964523678706,12.531489697687281,11.445426809964978
6.340454573545003,-2.341138142281409,1.6337688613155592,14.914428845621693,14.914428845621693
-1.3358996863562567,-15.35378744286163,-0.24396834442621085,Inf,23.684600705292127
0.9318963705510868,-5.8663615273933,1.4930177328728007,Inf,15.31864239764857
9.232494974297438,-10.315607374738054,0.8080092151696405,Inf,22.977267447418544
9.46644054598017,-12.609646619117578,0.457527898245651,Inf,25.4775222322817
6.82627954482146,-12.415542764370473,1.1959536699468813,Inf,24.134751229632077
3.2096386709036366,-18.152658313054246,1.9126648180494783,Inf,29.44191463652982
3.9589497315451716,-0.9655187320654264,1.4381148154707972,13.868558450875312,12.78526792679399
-2.791663356150657,-1.620020029330334,-0.1473266667602573,9.623403486741367,9.623403486741367
-0.2389536941451098,-18.340909612273855,4.175156869655268,38.90348819288362,38.90348819288362
2.9138230864100123,-4.909104414585261,5.208307895778024,Inf,16.756417159972038
8.410902895881627,-10.196576955501273,6.887702591377376,Inf,24.58906035506891
5.914835754381727,-13.742099957271794,3.3004394386325515,Inf,24.907503025640242
5.095493671709804,-11.22888457685229,2.816435492041009,Inf,22.33106101550733
2.3110362722946043,-16.392878680601306,3.1879749065214895,Inf,28.026855848409713
1.2269649085867051,-9.813609479210488,6.279638761744835,Inf,20.677000112432594
3.3303828575178045,-6.3818735084685585,5.153577642764475,Inf,18.003986827731474
4.621995643767029,-7.960388503149902,3.4770144385070907,Inf,19.27235993595532
7.4769412502804045,-16.62295625746622,5.739032869614196,Inf,28.91200907004162
6.17880040568955,-11.042589784809573,5.13355380140208,Inf,23.634665583757766
6.7441864065164765,-9.38565295366331,5.945995204113554,Inf,22.15920557330965
6.5558141584674985,-13.74989064120876,7.251869646278468,Inf,27.440107770838893
4.733716459789903,-12.624689294070217,7.66941143364166,Inf,25.05697693308938
1.533681971764807,4.2535552492386515,6.156907152141908,8.514553785825107,8.514553785825107
0.7376227925840979,-2.334645739003598,3.076447250402012,12.767869178258803,12.767869178258803
3.2608320258188073,-4.221543043659404,5.505974422392583,Inf,16.369658259969885
2.830236379179773,-1.3468108978911886,3.6750425239670825,12.934282132456389,12.934282132456389
7.710700836519422,-2.8318237560659014,5.788637049727548,Inf,17.921667082298008
6.313155164961852,1.554342008589778,7.194298917860156,14.100724012247085,14.100724012247085
8.749515050650125,4.638356575620037,7.739345331450345,14.93616880062189,14.517210509392626
10.759287424852502,2.267960632115546,5.313648458925144,Inf,17.37703162914819
11.440050139542759,-10.443643504499258,3.320203908704311,Inf,24.635567217776163
11.353554782927972,-4.990266601738345,5.305154598235788,Inf,21.669288469128425
10.630526181112863,-4.241412754523628,6.070101857233034,Inf,21.371735439756613
10.74170781269645,5.2818541182012595,7.123945090837971,Inf,15.841945799483003
10.554118769110524,3.1481960276210756,0.8815364311659835,Inf,15.025042444005484
3.3692702796303564,-12.679877914619118,9.464628459264716,44.2413380284936,44.2413380284936
3.067005990114133,-12.237619509021869,10.021150540053576,44.293000368731114,44.293000368731114
1.3344000003372543,-18.801678005772303,9.513634806175595,38.29331738273784,38.29331738273784
-2.1632707422467945,-12.414613787321427,8.618708993481768,Inf,23.611367797918646
-1.6178565395157385,-18.131596411858393,9.287941986881478,Inf,29.393170266116005
-0.9608195608936683,-16.02707926016616,9.795748505992066,Inf,29.86327609794413
-1.3961269231071256,-15.882323772414155,17.785593460332493,Inf,33.20723203378665
-2.3954090198741085,-12.885041582921541,12.4297695797042,Inf,25.493058135652646
-1.0970778123972806,-14.427119141377327,13.83828408008715,Inf,27.477465160450237
0.2738168025637293,-18.36847761739291,16.700458313364052,Inf,35.21665375363908
3.007072375560096,-18.579386936413307,13.333202524216787,Inf,34.773642482030404
-0.5579029665895234,-18.957885315066,9.614962488261991,Inf,30.421957273637574
1.1605337310034898,-18.662175277840483,16.13294032971656,Inf,32.7970476312701
1.7861574975998629,-13.939297815974285,9.887552799611726,Inf,28.934619752677992
-0.6512075398883681,-17.756881675854608,9.823534387209499,Inf,29.57544386066059
-0.6429009401564656,2.366073400692432,18.554938154689438,34.698387426731884,20.849485514304327
2.8727414043513093,-8.56908197097102,12.62544036777168,Inf,23.290885812409655
-2.8853052431789123,-2.2461444355727807,16.23820682324731,Inf,20.75376258175795
1.6245943298526484,-6.584654247260779,10.97057272709683,Inf,20.9957756907513
-1.571880659255946,-6.722592943326511,8.33378012273861,Inf,17.784710842515565
0.5269883545423397,-2.894992275243542,10.529631914672485,Inf,16.366807107078436
-1.0191453574251952,-11.165334017435349,16.438075910726468,Inf,25.764843101599674
-1.2173401308842102,3.3201681338378464,14.640582447701753,Inf,16.3434682881293
-2.6447873071275296,-0.5535379036668431,12.30212799513172,Inf,15.123787013125288
-2.510012481958821,4.7758884840406,17.190426758721728,Inf,18.24160355336131
2.9621538286113562,-0.022767365720987698,9.07371473848114,14.035495876848788,13.884398611212893
3.1100358342565286,-10.727532588505904,15.643604323564169,Inf,26.071112122907408
2.388989319060208,2.000701710970194,18.571994690111325,Inf,21.83915805033199
5.418005756557154,-12.337158423851253,12.599209185612978,43.68011944000816,43.68011944000816
4.177564439821964,-17.036398281625715,9.945763967147052,Inf,34.78335580820119
11.160319432235141,-18.09714606652915,8.34226150438953,Inf,32.84759678218728
5.405119802566389,-16.513390239930736,12.879832487936042,Inf,31.576062428013678
3.920102461343493,-15.400912507027051,16.97890867088813,Inf,31.459334864912282
4.409927776325759,-17.713592724080847,11.411384021310536,Inf,30.620631103962452
4.278980708099695,-13.297824510323366,18.642388364438972,Inf,31.071771249009128
6.389596257842783,-13.466998842399374,16.951077372057185,Inf,30.711734364481927
7.9887639105981805,-15.437884975592873,16.666231862020034,Inf,32.491129961471955
8.624626796475773,-15.541092162683565,12.114431082605265,Inf,30.72396402650731
7.843267440835557,-12.565812857148613,13.762397883775314,Inf,28.821287206525962
11.109582382910375,-4.442185237077263,9.107641353132479,Inf,22.014315632979
4.841419083112584,-7.6073519576270066,9.011082618220215,Inf,21.402608656434637
3.5024939575676406,-7.98766227247703,8.014110492407546,Inf,20.766720769464506
6.884720209870359,2.000910360557924,8.272392463753555,14.69381727946347,14.673533649597044
8.965603731585354,-7.078798089454406,8.570795082625846,Inf,22.653685551844994
8.310622065457718,-0.4613078852692176,11.13530412387351,Inf,18.155159981432842
7.658559010061296,-7.2315108065584965,12.73529299164516,Inf,23.38586265725967
7.542868300192467,-10.110389440266347,19.089415376779414,Inf,30.231729435244212
6.585960886376732,-10.582676059664085,11.406427265559422,Inf,25.90369436756109
5.618987701023563,-11.351319149705583,18.1453618848386,Inf,30.054926468356165
5.6814431414538475,-10.330740013821194,16.287032809215503,Inf,28.135124449783085
6.217416285265365,2.6781524604501143,11.327317193001623,Inf,15.66664446317311
6.305327874887176,3.9934275592668627,10.144341803634333,14.738371435772532,14.627248058614231
3.4386927776218634,4.968734395773442,11.717845230391575,14.43608903373147,14.43608903373147
4.686749405405848,-4.817915429292503,16.05606277060388,Inf,22.528521406312528
7.724613980110693,-6.846704690931675,16.98710248839582,Inf,26.298328032453337
6.474668581050437,1.1920903896818729,12.182167632536512,Inf,16.88651171787696
6.770518935639771,-1.5444968415706768,18.895781664261698,Inf,24.14247826090501
9.273419052700966,-12.153660460932745,18.126436265827408,Inf,32.46033689626441
8.789745619423684,-11.124305121208637,9.532078690022594,Inf,27.162841592376502
8.35516054780296,-4.884259551819747,13.511627664644415,Inf,22.545119775056754
11.021685973476963,4.9559939915604545,18.793861436315282,Inf,24.637096491396868
9.114281776266768,-9.801794154151988,18.429219447745893,Inf,29.540912835880274
14.402985261982337,-2.648943036247182,3.9085346583036866,27.81925886036879,23.297370118581327
11.977393802546423,-14.242435635370825,9.53096058566026,42.33943995352334,42.33943995352334
15.74167881109203,-19.981693466594468,0.468348572940414,Inf,47.088992731872395
12.962329192970053,-3.85880800013096,4.76340503064721,Inf,22.394212788036047
14.682363004979784,-18.97480247081333,5.454869853197863,Inf,44.90669664464799
13.102503797275773,-12.293738953580524,3.3672682178505937,Inf,28.25862779002037
11.92893909566233,-18.01022674498857,0.1785297872308078,Inf,31.41957614899176
12.1273557136617,-11.050138954553015,4.229769110524533,Inf,27.062224334936165
13.334957578476377,-11.922811052711602,4.003955674454449,Inf,28.270119147214707
15.617641814286927,-4.8558207116386765,1.4450135581784807,Inf,24.52824495000378
12.627210623936868,-6.6365853869591085,8.000534708971003,Inf,24.83964300088402
12.3895829376793,-11.106517407406526,8.957269762682863,Inf,29.02322034298022
12.182878072274008,-17.345594419500266,9.36879372167158,Inf,33.31526852125887
12.01721342760905,-5.004309543048739,8.07600309981824,Inf,22.837404909702734
12.693651542819367,-4.389036689268906,7.590789036544898,Inf,22.829509081672718
15.620185004834603,-16.710525721711118,8.610738297600982,Inf,34.97616915788894
15.451920486917047,-12.809898630760408,9.503324768928543,Inf,31.337570680575823
17.464560838673833,-6.904772307192246,5.12759322737714,Inf,32.90283104909517
18.771927513091455,-10.155570314694504,4.1808308340986144,Inf,32.848602178058464
19.700811812578735,-17.38926310368815,2.6558991178939735,Inf,36.62571097506846
16.254467077884655,-18.292116116614608,3.446992025855611,Inf,34.97921656280643
16.677976439258785,-8.191458329473269,1.618656997771577,Inf,28.423354314545207
19.28195141481865,-9.026773344632426,1.616176997338119,Inf,29.44931006394852
19.928324152486155,-17.72743530556931,6.563682034225991,Inf,37.41989206969987
19.74137551832817,-9.208622591249673,5.113689989382042,Inf,31.605206672434797
19.70120559756736,-5.663140331045833,8.996892123025422,Inf,30.089418158928048
15.567049570733708,-9.260968273958472,10.175202688130298,Inf,29.954938906973197
15.066351570257225,-16.258679617218537,10.61476864037786,Inf,35.343905169682095
14.088474008987035,-19.05918778866451,19.023163097545172,Inf,40.45025761452169
14.319458051743624,-17.744817891571067,17.362715425155457,Inf,39.0972153102786
13.397239408974613,-11.154420031381633,14.245921821887649,Inf,32.061670561051955
11.916463789017754,-9.516137053934282,9.72080149009993,Inf,27.911448086385683
13.39937424609927,-13.504060405154528,10.131321152881306,Inf,32.044504855873726
15.266730099113119,-14.390744694821542,11.138844778513793,Inf,32.64186035507325
11.984153838012919,-5.179110490857308,12.289484420299203,Inf,24.244875021229337
14.669216464166801,-3.121539933394164,16.407122408923115,Inf,26.83275327149599
11.832668335971313,-8.927355050224488,19.462024411726304,Inf,30.535545487975618
12.567933905716615,-16.121434876036858,16.701092809497013,Inf,35.62456540117826
13.268219617786613,-11.950186380347665,18.563939271028943,Inf,32.524665052235825
16.38116683580477,-13.903306434100893,11.35938187437386,Inf,34.381824747909185
18.05136924287857,-16.995683695114884,17.400764092712848,Inf,40.169340722933896
18.591400072284287,-16.893514095283628,16.802619985763286,Inf,40.21355446428277
16.7671722084365,-16.287212507073594,13.913947645467815,Inf,37.23664565226074
16.60427323925589,-15.064138270176963,11.036003467460844,Inf,34.29706678813779
16.084374423917147,-10.386451942557446,19.490016992610542,Inf,36.61546636791068
19.51286641281734,5.363212399835362,14.313780083887323,38.12995443817752,38.12995443817752
18.428731370604964,-2.2741071708928047,13.78493702521326,Inf,45.86194473795726
16.65700959796547,0.39336470222663067,6.152549689764541,Inf,24.05024288576466
16.03284297434754,-0.581906377796308,3.1020678089430405,Inf,22.00207853343463
15.848188202280653,-1.031911843024787,5.268855813561757,Inf,23.32070981548978
12.992885088063758,-2.013243755090599,14.15115144197648,Inf,23.936805681664826
15.90262025532872,-2.0933664052977363,12.317888989998487,Inf,26.01013028649384
13.336263221639157,0.9699497968088799,1.9019432524627078,Inf,18.667397304224835
12.041629246691905,2.4331402957858046,6.985266280779463,Inf,18.826425683940002
12.99872649472809,4.7041161702756185,3.10601562379917,Inf,16.952284164066725
19.791637935964474,0.2161307825375225,12.120252327394738,Inf,30.89622726177509
16.925050618951126,0.8970053317447402,16.287744975125626,Inf,43.65628536835963
13.26022839745626,3.9177115107097826,15.44574598926048,Inf,23.483727948700704
16.09531966492103,0.5509588293373113,18.253755745668315,Inf,31.389649316191786
16.52500772830691,5.1699255637769,17.351789201994762,Inf,30.143291852826074
18.796132594455308,2.832765133583539,16.567735219047066,Inf,41.593649644886405
18.495996851988664,0.8242955712111026,14.339311761607988,Inf,29.31092010394437
19.473670917870876,-2.3623734608535685,19.830770673713005,Inf,32.78090288055471
17.75803129008129,0.08922167432245232,14.990525111488438,Inf,29.21236511792835
3.4543117979947624,7.762993312562429,-16.469541795697822,29.130722765951795,19.090903302209835
19.711570203411213,5.99600300409638,-18.784516610883077,38.075722283281635,38.075722283281635
8.292382577847455,10.431844004456366,-18.944213748205225,Inf,24.639345742873616
3.4625463988913125,10.368221171226324,-17.350941181121684,Inf,20.079360144810725
15.469633803153528,9.791403966043177,-19.337985601139913,Inf,31.75889214560653
12.639098750621173,8.684692472981741,-17.819304252831365,Inf,24.87806882828504
10.82282410950181,6.669662810048969,-19.36863807152762,Inf,25.435977781763413
7.622819251902744,10.877544769869054,-19.476330595046292,Inf,26.18021964022246
17.117605633604825,12.989588687976543,-19.825137518404404,Inf,31.314582712200256
8.49763422960691,13.123920639005632,-19.321284279470852,Inf,26.823457789770327
-2.121308016463246,11.203771833735921,-18.315751901829334,Inf,18.810054833698697
11.357018658655136,15.906142613171632,-17.79006395130334,Inf,27.719385306940048
11.765918902668577,15.1914897352749,-18.539812702632908,Inf,27.835238841266097
12.816102621943983,19.625851479793567,-17.870038188558162,Inf,27.80042503122786
19.818060366732496,12.82435344295368,-19.237993091804768,Inf,33.59964496092238
19.991395271841235,17.020529165391658,-18.925190079219085,Inf,32.24591099197625
19.743008089606818,19.488980995679384,-19.768080051168297,Inf,33.89197719062087
1.8325656869038198,18.7445796565747,6.481100834935063,13.446350848736435,13.446350848736435
1.1952967311975797,11.515212677808691,-3.161875407718764,6.320972308669035,6.320972308669035
1.3019791011582598,6.034884741307607,-2.5769248393713795,5.386023003526564,5.386023003526564
-0.8743022482940965,8.225022874464607,-12.968467362075975,13.714192876171532,13.714192876171532
-2.974332876733534,7.9817496148425064,-2.7102060574733855,2.7103890406619864,2.7103890406619864
-2.849326303490596,10.498983500516328,-9.811916743079658,10.246063379471538,10.246063379471538
-0.05527853642671943,6.288570160656022,-14.258385418629462,Inf,14.944651975558513
-0.36868903884569093,6.17640181696278,-7.21477045613061,7.893175561339211,7.893175561339211
-0.5206386571879307,10.869228456756534,-6.830521139511667,7.812536313042527,7.812536313042527
1.6795404021665945,10.762493502280002,-4.17432873993989,6.852334576969872,6.852334576969872
-2.801753368002977,9.30665327354749,1.565754762141573,2.048958876976194,2.048958876976194
-2.6016204508946927,10.198096479934044,12.750461063727556,13.510303537341496,13.116533643458382
-1.6934103907783715,8.53841441507263,0.7491082869282479,1.5994466902114943,1.5994466902114943
0.11436055079016683,7.84634765257465,-1.0307271428578346,3.2840903043630254,3.2840903043630254
-2.2921646447205646,6.849636129661867,14.431751999013144,Inf,15.602470466145771
-1.9223883293131117,6.67147662967804,3.16702763161139,3.599484029368967,3.599484029368967
-0.9821880806697152,7.70606009620402,13.00350948425362,13.523385471826451,13.523385471826451
1.1331719248118048,10.7033686519401,0.36431796022843344,4.952175259872166,4.952175259872166
1.3514438253947674,10.30086177126232,6.323799273868865,8.013704855571298,8.013704855571298
-2.529942590237546,12.872633597451781,-14.705793042834738,37.19487393562042,15.694571980573079
-1.889285866706338,19.00062699165609,-15.722124803642572,Inf,19.977959159129643
-2.798076365291287,17.779112421449447,-16.01702285660882,Inf,19.585183052498255
1.2138399284156094,13.613953089038652,-2.428132778448415,7.427566560995055,7.427566560995055
-0.5299797460840949,15.102451181080248,4.225210889270244,8.625440272426147,8.625440272426147
0.8362175316076588,12.021094831623444,0.13074128442622168,5.559034257690462,5.559034257690462
0.31817889355449935,11.787749309211062,-14.608570047960328,Inf,15.689422770396519
-2.8267195808150802,11.709181082314153,-10.649535176877354,11.482417420463635,11.482417420463635
-1.2616597550215118,14.068906508082392,-2.7152935226782233,6.872137362237093,6.872137362237093
-0.6705855904479208,14.432941263371418,-10.383238293572683,12.846851780669125,12.846851780669125
-1.4937279012200655,13.096120632971385,11.791872757415778,13.445306309406647,13.445306309406647
0.2452488738051457,12.192025390456216,4.8591611451826395,7.191395147119634,7.191395147119634
-0.2061764148642169,12.119983550317535,10.151320444239467,11.449160207132541,11.449160207132541
0.012982754781294403,18.251685349956915,-0.543311455933928,11.6606444003965,10.94460696967177
1.1563805397751814,16.829575195468735,-3.5549536670006,10.835388802189907,10.63687369121677
-2.0553819032951814,16.041269006646424,-11.529021971626161,14.966650538476568,14.966650538476568
-0.8793032628707849,16.55278700200838,-9.402516684303901,14.016002731109797,14.016002731109797
-1.8213314052521952,15.615979866195424,18.173223534303716,Inf,20.313978113242296
-2.268520867801705,19.018046890321443,0.7084162824740936,11.183479424071262,11.183479424071262
-1.9347959313955059,19.73002003406222,6.197340679490271,13.84819796478323,13.84819796478323
-0.18691816663345406,19.536803919389,16.27681069399432,Inf,21.035295801114582
0.15544119656017585,19.81096518887849,13.176459071428923,Inf,19.144806387407215
1.6876031192800696,16.40076459718845,-9.328415367109022,14.203687463199158,14.203687463199158
6.298228774786104,6.80906826775443,0.27034800584349483,9.378084281098847,9.378084281098847
12.305578539527929,6.461438752504229,8.433976646123924,28.76388866449777,17.9070078012942
19.42881125126135,5.859859920717465,6.166775260633326,Inf,26.678731642826676
6.159046042298417,5.753012737674233,7.4170427076685,12.776399936703616,12.019914368036961
14.030269848842877,5.671726835497914,4.2393577042193265,Inf,18.14341614533706
8.508880214722197,6.605768057443548,-13.505510730596981,Inf,19.616019801180308
3.9953995140297565,6.060386225111031,-16.24213360225264,Inf,18.44991505604985
14.054276313543596,6.130865225922673,14.231149138072333,Inf,22.389918587178133
10.062362224786312,6.161269832081491,10.458064316414344,Inf,16.863994153101444
3.1808116781634155,12.7107093514758,12.684427109227713,22.204582118635134,15.057250735349886
7.569260487254475,19.04604344114651,-3.667366051727008,16.200058639941886,15.879470203298116
6.48572227836258,7.252306629560962,8.625009163607888,12.904696058500313,12.86327280634039
5.183346105805953,6.988897130608784,8.04493122739644,11.819847048818026,11.626279035502813
2.0173479989014425,7.040358051503688,3.694284166067927,6.304159667319214,6.304159667319214
4.612034219347763,15.427741245397286,-14.441292791379494,Inf,19.58209530753989
5.286588108988404,19.484877696206972,-16.22707938356409,Inf,22.5736344030319
3.6435360915656574,18.21247735802846,-14.918815762259996,Inf,20.159033531179645
4.247762480277473,19.940577603895377,10.552983324573326,Inf,17.83953582779067
3.3288260302008688,10.299891566677879,-2.819585828545197,7.3002468714117486,7.3002468714117486
2.4098311196026216,8.96792009953339,-1.908374824325925,5.81764871162076,5.81764871162076
2.540401805196126,9.986355086254505,6.713855825396841,8.928466762884025,8.928466762884025
2.937177965442519,7.793103703812232,5.049344806953737,7.796715414212774,7.796715414212774
2.2270480347987913,16.07065452649912,6.169369727829206,11.652803276541162,11.652803276541162
2.1756477810853525,17.739664912479107,-7.662545504903546,14.064416318049027,13.926558141922591
3.402448191036605,18.837856326524246,-2.0993801416164892,13.100947339512333,13.100947339512333
3.152846196966152,18.469078376460182,-0.24186812829917415,12.42067385345018,12.42067385345018
2.7498805280731915,12.361298617584154,0.8362304740934761,7.265076264201174,7.265076264201174
1.8924762262497197,11.618625382484737,8.06011054678251,10.305596038662916,10.259588608191596
4.790693771067929,14.481177571365656,12.51078293652074,Inf,16.234547100702123
5.056051944750315,8.934380113383646,-0.908569782203152,8.160792742248443,8.160792742248443
4.988286767187784,8.452817313681198,-3.7313349656235495,8.82839904060084,8.82839904060084
4.392260475628518,9.145723354595372,-14.136806766117695,Inf,16.78409456030114
6.391734940356741,11.397266763735338,-7.175584732108327,12.737191763800517,12.475078745944185
5.880461612399923,7.5065378527273126,-3.26264966242098,9.47369970812857,9.47369970812857
4.648030242221168,7.408398912059511,6.231291001748673,9.882881461479537,9.882881461479537
4.79050744249756,10.707779592470025,-0.5835751694531339,8.268291027256435,8.268291027256435
6.078288870366755,15.173351981893532,-2.5817373672726944,12.44976954346567,12.240122472083165
5.167276920011847,17.304071183900874,-7.832288505440319,14.753069789560602,14.753069789560602
4.773485949452827,16.30036238091705,-6.366785857048658,13.101278109370067,13.101278109370067
6.142105573432417,19.6690061855412,3.3856348128318174,Inf,15.419933195972899
6.061984060013337,16.169823468282473,5.6625506655378,14.021165673519786,14.021165673519786
5.696585557344012,15.768507404994835,11.03208485723102,Inf,16.16988513109711
7.150200928408328,18.19391952988738,8.721473826895043,Inf,17.122082705824887
17.796643859568206,18.640393208724802,-6.77559069723733,26.89702004037243,25.641537867815682
13.51607351493837,11.175345073193547,11.817116001355117,34.69110072267848,21.565274284198324
13.233559118496167,15.972301589442061,11.32980204362785,38.74905088605512,23.163826221442214
10.469732125459252,12.346496512439451,-5.232453090075291,15.86002239946555,15.110692446862473
11.324345329437058,10.18104836751954,-14.307375005371776,Inf,21.15893227939097
11.707603868785164,10.325397787177568,-16.178557158123965,Inf,22.752366959544137
12.947098853772154,7.291839273701761,-0.28383781070642655,Inf,16.067453690145147
9.266594662899674,11.745571427412251,-8.411792827630888,Inf,15.583957737673185
9.652704380133244,8.509906706219006,-11.579564367097523,Inf,17.958281603090715
11.431168422936587,9.802511318614371,10.74889112452614,Inf,18.377082345801625
10.06995541606205,7.394744705741054,7.093689963726781,Inf,15.052075755895295
7.678970689018811,10.092676196649009,-9.27267483490299,14.942440365448892,14.753913652936138
11.079438399630057,14.888453830575926,-4.033102007695009,Inf,16.388674527936075
8.309418555481358,13.236397516818279,-5.262223562933324,13.57685807488346,13.57685807488346
7.70369423077306,17.01025274617197,-7.736835203784738,Inf,15.9897344063224
10.050385616921844,16.501467583320178,-7.691901116972009,Inf,18.003480022236413
11.391318862243594,15.614947866742227,-5.902645860557456,Inf,17.522203685503484
11.062111665449386,16.550924164177886,-10.048648335622898,Inf,20.01683232625581
10.274143145749743,16.55153217464823,-11.637688975170528,Inf,20.58256745113313
11.934294821389287,16.644427256185693,-4.492114812392813,Inf,18.366313264035583
9.229159846646048,18.172679695132423,-9.571640673151833,Inf,18.64393727484991
9.312854255384408,17.933403915520437,-6.089905987466535,Inf,17.309887722803293
12.437368105973647,14.558285282414388,0.24818538411133062,Inf,16.87019184587657
10.876125754813863,15.383615146648289,-3.4579647386345087,Inf,16.422390599918625
8.404370040366416,14.997598249990396,2.957917781485193,13.786058319390175,13.786058319390175
10.693599970583996,12.919222971013156,2.169584977090704,14.930691371194179,14.930691371194179
8.978190002601032,14.977137175675452,6.20782406476107,Inf,15.89574645693775
10.69490256100373,16.453121951112102,-1.9653276590406605,Inf,16.621738248369866
8.607585171824823,17.694524562340362,-2.285929362128485,Inf,15.479833465552513
10.21261339892213,15.463440513856838,-1.8456667684060264,Inf,15.590068066066614
8.233902040159549,15.611454825754606,6.67698036939391,Inf,15.911021363609734
13.953308467734075,13.95278090247615,-9.944610367759372,Inf,20.94513091774723
16.46831909020294,8.923646570755757,6.356876653166566,Inf,23.106596413531733
13.365141323695042,10.099464693209459,-15.397091633828275,Inf,23.299536972363164
18.067200406148693,13.535477957856024,-12.988653241509347,Inf,27.070827515032125
18.22876650720079,10.8907754542685,3.2079104093258337,Inf,22.80288634883309
16.278080312706322,7.006720335898269,-14.663443211735387,Inf,25.419212124161234
14.693689601812743,13.281240304195293,-10.37792216419021,Inf,21.557005782279482
14.627202873071852,7.490569400531317,-3.9218414382187987,Inf,18.2452600864128
15.28976232254064,11.530223222418918,-4.854156246547978,Inf,20.013967034992337
19.419620353643182,10.61236166016436,-2.872077790582182,Inf,23.788748249914203
19.4993892641492,9.721789959987603,-8.506759515414624,Inf,25.067844403913064
19.50559273628454,9.229898729333605,-2.779389293599621,Inf,23.3474051779153
18.890294679760828,10.945153349194896,-5.943360433238327,Inf,23.676614793150772
18.995439541834152,8.280342221970702,3.2895598139322324,Inf,23.161728405813825
16.355130729504438,11.978055084930936,4.128029635257633,Inf,20.99486757271548
16.797615256330744,11.221236806470802,4.726617509846285,Inf,21.76300979155323
17.972848330221566,7.1085091596486905,9.356411760849312,Inf,24.620508448296512
16.75623582663438,11.558736829794228,7.822312725564366,Inf,23.330679886774462
13.656218485610282,8.742486985944371,11.57568272152951,Inf,20.80046250629514
19.17511116157251,12.543703948702586,10.92023875336973,Inf,30.583870405731474
18.281049513210704,11.754439759624773,9.12147292304575,Inf,29.08993442211918
18.51595758175931,10.088944441831124,9.690334077396152,Inf,24.610741669176946
13.574886284557138,14.92507264117311,-4.50934755608416,Inf,19.15750287304455
19.731559608551763,17.819404484627952,-7.7939805346934055,Inf,26.26763603434951
15.283916519707688,18.54062671477537,-6.535354588944662,Inf,22.43119779317135
16.957137413754538,15.481200262723064,-15.311664918540409,Inf,27.282664241429828
15.43892403145692,16.385300826164396,-6.258749553864407,Inf,21.434243418251675
13.555327244176695,15.953220163746735,-9.000822662584813,Inf,20.568124519019854
16.311652074455637,14.350830669915979,-6.426363813732783,Inf,21.401225565873407
19.10433378495533,17.599249971216807,11.706198870929985,Inf,35.10821291156412
18.589496257902532,17.507711446257304,5.761972931584225,Inf,24.74418493277199
16.03653148508549,18.57911781102289,10.401570800911173,Inf,25.052171385981467
19.586084501766678,14.2861687323267,1.8812688591612137,Inf,23.932243905926967
8.498222754569305,17.32921093436361,12.058540865724822,Inf,19.909455656398436
18.295612370171312,15.353951165107759,11.960683858320902,Inf,32.24715178250776
14.160173471840942,17.62795860646723,12.621646136969524,Inf,26.045001364785108
19.418303346654028,19.047905476329063,5.026840052596,Inf,37.53114326837988
17.809964471799134,19.52116476745715,19.724415700700476,62.89987178341676,62.89987178341676
15.965743345622656,11.535869489938673,15.621737197221762,Inf,38.293345913298054
13.647218437104982,8.49570641214197,18.413948980570154,Inf,31.96147284304373
3.2641409560415013,7.9896017973294065,18.045965346018782,Inf,20.121723694602224
4.855768693339435,10.615008689991761,14.180746369255658,Inf,16.62245614285737
14.703193182991825,9.755350649535892,14.27860563532704,Inf,23.19031978923623
17.624101772923375,10.986713443239697,19.017843331893957,Inf,29.85755697046701
15.323224100939086,8.356523639578029,19.828567993467978,Inf,28.361044976590758
9.093869405377841,8.08330983194854,19.339327098842304,Inf,23.762620839617558
15.037516397110892,6.842702481867615,19.290377609258712,Inf,27.592731870830306
2.7848869539530625,16.840355994447343,15.22475282317614,Inf,18.996881200334634
11.258702408315287,12.8070243835557,14.973606349015334,Inf,22.597008211440446
9.878273264511037,13.039845203887843,13.488531977106781,Inf,20.0197412372367
15.376731726521314,15.451302032716363,13.542722257222252,Inf,25.81225542464393
11.217522286729782,16.196465502385294,17.59817933232732,Inf,29.937474652003004
9.931331804952812,13.361733536263529,15.553690573620564,Inf,22.763902325717055
8.359456227104907,11.55715601782638,18.16137985504404,Inf,22.8540364920809
2.440036984136647,11.743351013362727,16.57393244316954,Inf,18.405757242303203
8.773733720546957,12.830474691630556,16.12143681428467,Inf,21.5239884504389
2.3466870728332694,17.413819669856075,17.143937647362186,Inf,20.58362834691811
7.567036165486218,14.139725589020308,15.975621841458896,Inf,20.7920960032203
8.420636548976805,17.554314171519643,16.48917037232934,Inf,22.53969527579525
9.939382308598546,17.763135993354325,18.749475066200233,Inf,24.963895543116735
6.171833167396645,17.903628591397194,18.43452849731524,Inf,23.213907994483066
15.425115389003643,15.646245493859894,16.22257666921395,Inf,30.507657272316003
18.598500511050048,14.106101972203305,17.727243490363676,Inf,34.497725057436746
18.007956015343332,18.745940614847328,18.772770056355874,Inf,32.3569669782311
