-3.0,8.0,7.0,0.0,0.0
-13.423483718542863,-7.554485829577926,-4.835368362584855,22.151004187876975,22.151004187876975
-4.9477581686726335,-14.760705876634228,-8.169698516099162,30.61835321322201,30.61835321322201
-19.484794548043247,-17.066835852507587,-12.008810906573055,35.5182241629671,35.5182241629671
-19.824503870639354,-19.952265875273252,-12.402454222579351,Inf,38.45012864646799
-19.572247718123464,-15.710399501663286,-11.477068803993822,Inf,34.73267568973658
-17.044995260084484,-9.366924550619444,-19.391021122790868,45.11159002884404,45.100446173671166
-7.104375805792564,-13.806227729154896,-16.30360224568325,36.10460429290098,36.10460429290098
-4.899081203582165,-15.421410256465471,-18.172328427089496,Inf,38.55220401759978
-5.120753578941635,-13.533968028890326,-18.939085376997895,Inf,36.81143672649059
-17.055204772000412,-14.968372025862076,-16.304898942764538,Inf,38.30229029775212
-15.496352237225528,-17.038725702556174,-16.88958953013497,Inf,39.15840343284846
-17.447237183804525,-14.308636177865628,-16.87349652693107,Inf,38.405617480080636
-10.71370340127297,-19.883227093445814,-16.54427192682111,Inf,39.47851685935525
-5.195094616418077,-12.86800917775098,-19.92754694149543,Inf,36.81740383145354
-11.061456762256645,-12.99923012089847,-19.605362585346153,Inf,38.500491057168176
-12.257289721631075,-11.4918966050329,-18.658950446541354,Inf,36.672149474187606
-8.13201818022761,-11.450520864644886,-16.751552051699825,Inf,33.02246766031665
-6.971094796623634,-18.777834462571754,-10.862880626630114,35.860913948821405,35.860913948821405
-14.099011423901677,-10.802079066508945,-15.454437958778717,39.97841764439565,39.97841764439565
-14.170252278856967,-17.355801350584983,-14.629920598011976,41.451020856315175,41.451020856315175
-16.52183340491436,-19.486568568824268,-14.896113667996156,Inf,40.311006485400114
-17.8410008364503,-17.894354135385385,-15.057713331423006,Inf,39.07123796717024
-14.094675175573661,-19.652061297812587,-16.246350971448145,Inf,38.94943301909796
-19.402151881464835,-12.281631815416434,-11.23571805138952,Inf,32.10363491109523
-11.164928890101828,-15.633748638432232,-13.415417959406142,Inf,36.60935012700994
-13.732816747560168,-15.869020932723359,-13.371845667538702,Inf,35.05318863277861
-19.0909218041216,-19.5158458889697,-14.179635920363198,Inf,38.37955098101938
-13.309450275587222,-15.46597150693441,-10.936081728112352,Inf,32.142165923003425
-18.39278812253272,-14.275676613941233,-13.415053155391208,Inf,34.597451952820975
-18.83807123099219,-14.14039205521652,-11.179665280391626,Inf,33.32958417351042
-15.756876216877824,-14.519847192022777,-13.209017786626482,Inf,33.7581840570421
-16.76881708880756,-14.411395747798794,-9.668619736576085,Inf,31.18254823244601
-8.085295285153462,-10.598685686638287,-8.832098270771995,Inf,29.13654466737989
-17.522801034983946,-10.26869429643134,-9.493408205162455,Inf,28.923645123099572
-19.447861253589345,-10.730727391904109,-8.681463026558403,Inf,29.972390210268834
-6.165043713519829,-11.62785938349387,-12.197133466109573,31.362166178748645,31.362166178748645
-4.2675744839483,-16.689362468119022,-16.083984963917636,38.02000498115694,38.02000498115694
-4.664332562306122,-15.991157960034013,-11.131458271092658,Inf,30.476203747813322
-3.344307386529117,-16.89413410684339,-10.259304699452674,Inf,30.74237441850971
-17.593750792502068,-7.780011533290541,-19.97214301744072,43.43199681472844,43.43199681472844
-12.211023674303467,-8.137551744952933,-11.719610167481118,Inf,29.16547568962466
-18.48767812084762,-8.432945350792576,-16.420023865520477,Inf,35.040426070453876
-12.514994675402118,-8.883219690470368,-18.33740210124261,Inf,34.2918784704487
-19.094760761061636,-8.629095805974387,-18.563993888866595,Inf,36.0113385229059
-17.35729794762573,-8.410128738279328,-19.832099258231352,Inf,35.95148250102559
-8.185442975965493,-8.172668228413134,-10.920215010824847,Inf,27.31879504487404
-8.7411952360954,-7.673946512573515,-8.769690372205412,Inf,24.21670672220345
-8.57905064547011,-12.20516485261137,16.945107293587427,26.08083122251363,26.08083122251363
-11.119072600059363,-8.186183074006168,6.546353192133061,24.23269907321943,18.33358793873157
-12.133286833601415,-8.982688504263425,15.222359216184607,24.622236226141077,21.75793631321396
-10.380031094404387,-13.822133466909916,-2.1370224727615366,29.622756413577118,29.622756413577118
-18.38714450935308,-13.424108094821197,-2.8824309980830094,30.08223097397594,30.08223097397594
-19.95282601482718,-14.603153922732757,-4.003177446923365,31.795099502089492,31.795099502089492
-18.89939040003412,-19.412239728684835,-5.2926280036141105,Inf,36.55750439850939
-11.619861578856625,-16.848213934072795,-4.734993639485081,Inf,31.61866018015307
-11.77819502496483,-17.951148727265327,-5.903522705064361,Inf,32.62107300954051
-17.76217876093095,-18.694806921117593,-6.034760237523917,Inf,34.18679725267742
-11.611094716862969,-13.440580819077086,-4.120064659367344,Inf,28.351208015708288
-13.618916067470357,-14.22228352452061,-7.4304595607621415,Inf,29.308672679121
-19.06862753326017,-19.100163999348318,3.526348617853543,38.67027416837329,38.67027416837329
-19.74985627734627,-16.66221127323876,-3.7068676309965554,Inf,33.69083060796069
-19.938541102130863,-14.4427289963531,1.7301110463819214,Inf,31.66560563361525
-19.343578715410068,-16.015803899680392,-3.6652303916350277,Inf,32.7549181991083
-17.203737516738418,-19.14965038474069,7.402889040575211,Inf,35.14277071260818
-17.803638603717573,-18.242612514818532,10.003128205272667,Inf,34.937241077724494
-12.403491203358561,-19.008936556063745,0.6991476916111665,Inf,35.34218356928747
-18.169047430234542,-15.415612240318035,-3.4607115948309257,Inf,31.43579630275452
-15.44029598567171,-15.73449117481081,9.414925166229544,Inf,27.033314894905935
-15.746467130600328,-14.346480787151403,2.1466797698390323,Inf,27.486462517383806
-11.803438368636456,-16.527303696440867,6.969649536566145,Inf,28.81558131025529
-10.79077682928193,-16.982116628646963,9.661342792196727,Inf,27.245772347875203
-11.413617235665061,-14.613390917369244,7.9593510282362985,Inf,24.562668328126158
-11.657683919855621,-17.48202854463073,12.322855128195187,Inf,31.17175072362211
-17.590087972809805,-15.814930700989063,11.023219087736837,Inf,29.890952324634714
-18.172860251141838,-16.592582339266748,13.960167457615967,Inf,30.692415731879212
-12.465382129318519,-14.74462940077708,10.088559065229479,Inf,25.120077113492002
-11.253576606130737,-14.871130426269472,14.828368721963244,Inf,27.34571967216016
-19.11452891475112,-11.669652948395548,6.431922434053867,32.00591164918217,32.00591164918217
-14.730941598832192,-10.253331572202633,-5.324473923502575,Inf,25.189497021657367
-14.991339397780203,-10.647787545349816,6.240020133548228,Inf,22.310283793326768
-14.920616897055305,-9.007769351768342,2.129353675506273,Inf,21.77469132314078
-17.418754432331454,-8.511549460313352,5.429245680436587,Inf,22.733939008828273
-13.840837019859809,-8.286313139570094,-7.9587182433931325,Inf,25.385980148794708
-11.113560622132708,-9.850556289125993,-2.163880377009839,Inf,23.67421537794464
-12.80002355449338,-13.050891064426642,-6.705897966601819,Inf,27.990358097457452
-11.442582648984558,-13.21791666741591,-5.636892512800626,Inf,27.97009197825043
-12.362076832202744,-8.593408887770213,1.3815856640164341,Inf,20.542535055748864
-13.968784425264085,-9.34812861431805,-0.9080344170993655,Inf,23.25804687539838
-17.144786345067615,-12.256711912678409,11.480439072004216,Inf,29.38334550652402
-17.389875627713156,-11.441831706059746,8.605839952060556,Inf,25.709350835188058
-19.554785341014238,-12.142191047981976,9.695038806064336,Inf,28.231986642855556
-19.5756752035227,-13.052334882378682,7.417918691050119,Inf,28.242527766734767
-18.307968342210764,-12.724228602727257,11.137639062647704,Inf,27.008004174991353
-19.263868264205932,-9.128405562818802,9.484861948633416,Inf,24.98123214030652
-15.23792774522625,-13.266772361342278,7.437930855409487,Inf,25.620546703757007
-11.076878247657866,-10.249177464773096,12.202249984266771,Inf,21.007795845743786
-15.60168730321501,-13.15732147112814,9.484674918292058,Inf,24.878059412148193
-12.45837903774862,-8.691577995262056,12.47572401734773,Inf,20.297866453680065
-8.911041098307395,-9.118035532310271,14.95851127245377,Inf,20.81216552208336
-10.226170311482008,-13.514837313144934,9.290945237735826,Inf,24.132419804786323
-9.982633188896308,-14.584153650211418,-2.2788221098081607,Inf,29.16855245064414
-9.776535720972843,-14.425804824402606,-6.116679897512753,Inf,29.692222702552122
-9.208676739811361,-18.64842612232959,-4.813646219300605,Inf,33.92762747909591
-8.615064666104786,-12.2114721452406,4.346624080017698,Inf,21.743357426617493
-10.126748593620123,-12.48165500212492,12.678221906541651,Inf,22.86518966459215
-8.741328874488499,-16.160873888527007,11.30521881324933,Inf,26.251300530920822
-8.601679667387074,-9.96613703544039,12.483716625876482,Inf,20.10538608313032
-14.912638680399306,-17.716739103466253,17.04786351906143,33.96787170574095,33.96787170574095
-15.480294212316075,-13.142074886882806,17.564261752797933,Inf,30.44558493270346
-18.589422299897578,-15.40080908855062,19.551086536668507,Inf,34.771787699631346
-15.282330751498163,-15.98572593262281,15.950451472600463,Inf,32.26734782187594
-19.88222427742531,-19.029383897691716,16.597201827461717,Inf,34.6690823607585
-15.947860145669797,-16.01524331745514,19.254807066357948,Inf,30.413376886707514
-16.32499310708587,-10.88024998223072,19.17683352993074,Inf,28.51239244946177
-10.031910005165559,-8.463559250400774,17.371889295766188,Inf,22.108627225571354
-9.608878790518531,-12.971812476773588,17.446318225787067,Inf,26.39011111915202
-14.631851905813429,-8.842037798567715,16.29164684259589,Inf,22.541460117886054
-10.397269230124602,-19.374789267946664,19.413176129727752,Inf,33.13460526533209
-9.998517523330506,-19.979967401984062,19.91666229378555,Inf,33.83112271786321
-12.561572729582355,-7.930902752594342,11.210634944245356,23.075313626294466,19.413942548322787
-19.580808828851957,-7.733011300749295,6.428238012965544,Inf,24.559712200425004
-17.808800794414815,-8.025526989988192,8.869657465334413,Inf,23.132538856637453
-17.10960113724095,-8.027247648207165,-7.317823018196172,Inf,26.620181570656648
-17.15115958875991,-8.173518738912833,1.2374910423476067,Inf,22.49748390985686
-11.09704732763225,-7.5629188857451535,7.791728637975357,Inf,17.63793467107658
-14.4175302032642,-7.613276819860362,18.188572663593774,Inf,23.43750108369194
-16.008315886745166,-7.732829917507464,18.61416900608841,Inf,24.138740690861198
-3.271938988699592,-7.979025794196168,-5.357610476709969,23.087922029964417,20.50272190547902
-4.326414467449409,-8.002246031197764,4.166273505858342,18.56609876237418,16.776773251364567
-4.687565680992085,-13.846540504714655,-0.40297132618515974,Inf,25.993359793695195
-7.10507810304593,-16.27449815428564,-8.042552911937175,Inf,32.61245524831292
-5.60732585111869,-18.135569989963987,3.5551080358847287,Inf,31.90166961396808
-5.997127736161749,-19.755866261761874,-0.4282374321894693,Inf,32.04610479537455
-8.372436779817596,-15.487053846459213,2.3883257813383274,Inf,25.188800326680393
-8.105781979128297,-13.693180855980787,0.4706403351591426,Inf,24.5438874194861
-6.979627984070458,-14.05967376177835,-3.0157894362314863,Inf,26.53966220802731
-7.098456006946732,-15.562693949282966,-5.440535433835079,Inf,28.997492751471675
-4.862197712361045,-11.875880398255187,-7.903314514712623,Inf,25.421564011347062
-5.61593669625033,-11.272922301990196,2.998798930423632,Inf,20.481255365126604
-5.367687099812919,-14.937722755412501,3.274888586190656,Inf,23.837780877115385
-3.729765597139316,-19.085976804000513,1.9862603521875855,Inf,29.677690948869063
-3.882263361649649,-8.826609490357544,-7.970831285140161,Inf,22.956364081323557
-3.896237027746867,-13.34578312477884,-6.3492767388169735,Inf,25.77495242211622
-7.7922077476751905,-17.362579408245367,17.00587879133394,Inf,31.29827694043098
-7.835075292940479,-13.05370359767081,19.28543974336621,Inf,26.93909387977657
-5.963874293406768,-8.032425805055352,6.429185642312582,Inf,16.373971859678715
-3.5576247895341524,-16.31353491892761,14.947070704164247,Inf,27.0593575002726
-4.550573500601356,-14.726385700242774,7.111523833883268,Inf,22.899189199724734
-6.327766163278881,-16.73798389607996,11.750449977539851,Inf,27.229476503194057
-6.310163814786325,-19.137563867412652,11.253196096452747,Inf,27.898300521492395
-7.700568576826008,-18.252763633941846,4.532709657115667,Inf,27.856305470790957
-7.400067507653247,-12.320336378126147,12.592261550795449,Inf,21.918619764579983
-7.557902281220219,-16.225978704645343,10.301565831813654,Inf,25.46817638615569
-4.618459362063474,-14.808300152903984,5.829543054863677,Inf,23.031823572576172
-4.8961921825970744,-16.46564565238455,12.46408325700419,Inf,25.373688346114005
-4.2088275832570154,-10.441133380308125,8.705040186757795,Inf,18.595794637855867
-4.084574108688175,-16.40581990294068,8.833860868958379,Inf,24.56316583524082
-4.093199670239871,-9.3515580177091,11.80735340032222,Inf,18.184367519123366
-5.332760274902899,-17.095714833727147,16.160568147716575,Inf,29.347476259436814
-7.489687310467472,-10.55917739787283,16.504429069521727,Inf,22.76757254964194
-11.45038103937364,2.210417233351734,-4.637725399189261,17.938912783063486,16.267900907740806
-15.557427553477572,0.27655849393295284,-16.362799381652202,34.89494919998967,34.37206886697112
-19.309849617801547,10.690992920038703,-8.865991270762299,25.33162282373368,25.33162282373368
-18.40848666366261,1.188858358334251,-13.023143554971144,Inf,37.43759300124799
-18.057542351927562,8.135040539034726,-13.03771860012656,Inf,27.111704984478642
-19.317427224295454,-1.6336550189513162,-17.652804261574737,Inf,33.07810801347882
-19.281121857181294,-2.4077183834831573,-15.57639351798998,Inf,33.16942319171915
-16.323750796426964,2.072176409821928,-15.375079189387533,Inf,27.797642443310863
-16.2962782254936,-5.1884634600821045,-16.446685586293306,Inf,32.154075729035924
-17.645457481136297,7.091236449999563,-6.054468817750198,Inf,21.37185076170637
-18.97220728774556,-2.600644082053016,-12.00535381347187,Inf,30.170703942626645
-18.900546661819764,-6.404438836813959,-7.388046609703611,Inf,27.386793776190743
-18.842375662145507,9.840135870337406,-12.265110146299358,Inf,26.89197012988045
-19.69316055362335,2.0365790106832975,-12.585535796485186,Inf,29.952975416566332
-19.816015523915993,4.9628283261668855,-6.934560580593878,Inf,24.33114146132725
-15.921690310625518,3.0886970243977174,-6.1911728771920504,Inf,20.542350717895378
-17.895706130062294,12.465672244475115,-10.107279435449703,25.672858332174123,25.672858332174123
-15.952450228134634,15.030089609367955,-10.322291344381558,Inf,26.877305712925395
-17.94734396270129,19.228566442476676,-13.341787823618976,Inf,30.9137610350846
-17.928897554964422,13.532273872312892,-6.9242734307497145,Inf,22.207590888652476
-10.727354111497682,3.5313168267661794,-17.083288620855264,28.503324026387727,28.439166087821434
-6.985058062491074,-6.161686433966009,-18.77570146047873,32.63349052564695,32.63349052564695
-11.308824624408542,3.401431647903152,-19.962890669589157,Inf,31.323566051855764
-14.210835079997448,-2.4110685583576057,-19.81496015778785,Inf,34.09518937148018
-11.07558865964962,-2.4267433411900825,-19.786308679181417,Inf,30.959772856510114
-4.380033201340332,1.572763789553271,-14.51522164581359,26.24882220505912,23.726952995169814
-10.077612740209592,-5.157696653161183,-9.048021146165937,Inf,23.338242054350985
-7.916891796422325,-6.532132819878953,-14.566541059626736,Inf,30.092825117599137
-12.629763636409166,-5.298000338976925,-18.616022675291497,Inf,32.90080600656964
-12.18205787326788,-5.698610826479866,-15.726753378158396,Inf,29.168763848495608
-12.919757716800948,-7.149518521962817,-5.435009850368333,Inf,22.926847014987455
-14.334168739517255,-7.041308089012519,-13.931406846033463,Inf,29.18161166605779
-13.065487812265113,-5.608139985266982,-6.157802274524009,Inf,21.584469549181122
-8.845151656990229,-6.724861310807588,-9.276509940667177,Inf,24.19653599318658
-11.27591526503453,-6.329936099903977,-5.988866781171778,Inf,21.872902398072775
-6.950441374693366,3.209655889523386,-6.257195116270067,14.960034584764028,14.960034584764028
-11.424532938585132,-4.693795852287792,-15.656084830824533,Inf,29.64828757621134
-14.241038261027423,-3.935485742825886,-15.076960295255128,Inf,30.766298249625777
-10.545979025915688,-2.969122736659493,-6.358620443040683,Inf,19.785858968401918
-10.833840036588489,1.552453255995836,-10.991286327967824,Inf,21.303434724787785
-8.652707709430354,-1.9912313514977313,-11.291779766422065,Inf,22.39602687683516
-6.969554534278997,1.9873190856653622,-7.764383193339546,Inf,16.900675838214955
-4.2657917515454535,-1.3292703876122118,-10.508565706464523,22.678984626798858,20.083450149702486
-4.167289283456617,-5.955542164231371,-10.632251589957677,Inf,22.89499573485662
-4.315453960051245,2.936862404642355,-14.743127229884063,Inf,23.6035266521385
-3.4975376038388895,0.8020858359487448,-4.806335838171645,13.94762752693773,13.94762752693773
-7.143282422783175,5.537885393366217,-6.2246658780976105,14.25868218021783,14.25868218021783
-14.422952616187272,9.08360582837231,-6.711306544769293,19.754157285044098,19.13611690227407
-14.423732478714344,13.488649747103722,-7.554218507173216,Inf,19.687349637241617
-14.44797370498451,4.80630441308417,-12.920325605865708,Inf,24.194757091823227
-5.448849132621323,7.619064816034804,-12.284609287161219,22.273292307460284,20.515455687820978
-8.096565645894787,6.068874255455576,-8.80638131238344,19.455261236614422,17.06152942164193
-6.293823774573353,6.19787880502799,-11.562963465594498,22.098017031689633,19.70428521671714
-9.339523808324373,4.165281627963733,-9.498681408559282,20.70261318072025,18.43321149668756
-14.339189992288386,5.456343863502315,-10.724320076823304,Inf,22.74600347012224
-8.424705956081313,5.893725696081631,-19.534885225993868,Inf,27.961688230926804
-10.440213544163877,5.9528808130149,-14.874708517993964,Inf,23.52503063521795
-9.986713802664449,5.375453101214134,-18.717559709486835,Inf,27.437394378257913
-12.04582750609215,6.471179949414747,-12.60918290130462,Inf,22.362264390687898
-5.062552231752955,5.901997421548231,-14.913993974616373,Inf,23.20107774661288
-6.039734409995887,6.999839747143319,-16.418499664806223,Inf,24.362648635535113
-6.804156631411029,3.825639653717925,-8.604693914372143,Inf,17.210177602672406
-12.83301379806347,19.69342814562146,-13.94160833222955,29.59295857302019,29.59295857302019
-9.862364400338812,8.928237955971117,-15.046759677068247,26.48690616801072,24.093174353038226
-13.878204803637031,10.467563974849348,-17.702140765821355,Inf,30.165223833848927
-13.504537225463595,14.966801986951879,-19.394790691180184,Inf,31.257808970862513
-10.729768486515203,17.195498826944785,-15.812581351106045,Inf,27.46367556761139
-11.694046380032201,15.554099686984571,-17.503809300834554,Inf,29.04278909304178
-11.271633547443143,14.455083217997107,-19.391249105848047,Inf,30.427134588057932
-8.567784485736896,14.732695459443889,-14.607377885882178,Inf,25.705271607227004
-8.400001262952692,8.500639367891552,-17.1929266188976,Inf,28.067949468661848
-8.924636472355036,12.502044204974403,-19.48245904278111,Inf,29.86611585935207
-4.718362045299971,11.094829338444132,-19.12699207044536,Inf,26.599539780331448
-5.0493396924770995,8.03385476997569,-18.126308421615562,Inf,25.829444655747945
-4.783793274922088,13.495323728248536,-15.883276084485,Inf,25.757342237461746
-6.933072848387241,7.802981047533262,-15.702379137504634,Inf,23.795432203566204
-9.257846346961554,13.04370471248572,-10.668044615871253,21.363932904955306,21.31647512443113
-13.918727875888761,8.342130347030185,-8.732838143553492,Inf,20.536184882733398
-10.275874522034742,8.991627919447176,-11.366391075991515,Inf,21.19977782193107
-12.086952216860434,16.161786294566447,-6.35470833131917,Inf,18.126769947677687
-5.029237972954554,8.308890994408749,-10.990966046678015,Inf,18.688775232545556
-7.0429123393123305,15.264796106888987,-7.017052744563239,Inf,17.088209656139874
-6.578597667928738,16.078216410780755,-10.298768952045032,Inf,20.431739194057045
-8.29301473912916,16.90937047639639,-8.131752811868624,Inf,18.863903621725953
-4.597814525001116,15.864731879158917,-10.924640147630331,Inf,20.315470914469046
-3.202998218286119,10.273996006248886,-10.618938379361138,Inf,17.918694631508856
-14.874025517560376,18.507757313715246,-5.966916121800407,Inf,22.891692431312038
-13.432358292717925,9.579108605031585,-5.08847603396501,Inf,17.24349134819196
-8.785361199300468,6.166328203481868,-6.019279202589249,Inf,15.499039921659879
-12.242344242341465,7.588278263603936,-4.795798573797674,Inf,16.29451853332428
-9.521991700774084,19.913736329547724,15.980269464163129,20.85661181396976,17.409188349176496
-19.605778536516254,19.728155272246198,12.410726233531037,26.874407200531248,22.63997202054116
-15.65706212996755,5.164713950626229,-2.5454500025208127,18.388577878398316,17.977974015849767
-16.05399841024992,-2.318866302320508,-3.1677412910065854,22.04225417025835,20.859488293363622
-17.63145678451312,6.300850806345881,-4.162250275841988,Inf,20.110861547504093
-16.36140173977533,3.2404913987686257,-4.561017255681508,Inf,20.004301030221708
-17.627183823809087,-1.9650591596013172,-4.272981374351756,Inf,22.212976943964087
-14.789532611493863,15.328843750904674,-4.309556180731571,Inf,18.312689606090206
-14.830159795880942,10.730386578576379,-2.783893556321093,Inf,16.871898742227614
-14.38800491460226,-2.0754183986024373,-3.3893383921191074,Inf,18.49329190531249
-13.648419781705003,-3.9510024375489117,-3.3106423767953963,Inf,19.738339971234137
-15.700483324720587,18.47566304782078,-2.788943699785147,Inf,20.67340995206699
-12.618848798072646,13.083652857483912,15.247523880642248,13.800710777148971,13.800710777148971
-19.078286501283266,10.032879598942912,12.156920171056044,26.851060585161186,17.07640997522569
-15.971155828521315,-4.375798683210617,17.77668851015018,27.843229941464127,21.387823680221885
-13.411117561661445,9.766266192194824,0.3246312038495276,13.48874239488475,13.48874239488475
-18.979190194081728,1.2609391100327443,6.729130017006586,17.50037717043974,17.50037717043974
-13.429580266794074,-3.450687043493943,2.7502558659034477,Inf,16.297181555590186
-16.73247261257007,1.1650567548392488,-2.3784183313266283,Inf,19.983905934304936
-18.399779295525907,-6.1906462324363165,2.5483113906816435,Inf,21.713205446641908
-19.28862523223789,-2.9567712631135095,-0.42903783467369294,Inf,21.286434791629773
-15.809755037853748,-1.7043061430588864,2.119879055109344,Inf,16.79553465720805
-13.90721301742321,-6.755291762381921,1.8440012622830793,Inf,19.756927615513277
-16.470590503385907,0.23563944486355126,-0.06590856842293391,Inf,17.32623528403086
-13.836025544654369,-1.518160915959406,2.383703514529607,15.17967171028012,15.17967171028012
-14.915582403113392,-2.164474133997505,3.905973250528973,Inf,16.063659801685073
-18.30796390351944,-6.467341060400003,4.672198626472294,Inf,21.988146090040324
-17.044320246791614,-7.547667191979732,9.93690281796151,Inf,22.142473485704866
-15.522717201566687,-7.128040319354687,10.813575022630786,Inf,20.838654057777273
-19.937483240534295,-5.417861595289164,3.9690565092857426,Inf,22.047638201689033
-17.507943873112602,0.47307340247412455,13.424829896693268,Inf,17.834956994472627
-16.435441348717823,-0.1684223486982006,8.81153764104873,Inf,16.830312224773742
-15.329089186637077,-6.305155118588184,12.069368913507581,Inf,20.347552087282608
-16.694341475199074,-4.762479712043364,5.329457160513087,Inf,19.389441337999852
-17.17498775163863,-1.8398685357701154,4.234444354615199,Inf,17.62716671707628
-14.239210754953806,-5.6142516638738105,9.521614007507367,Inf,18.71038961994516
-13.579003090840676,-5.65560523608494,3.2670439958700044,Inf,18.341977235678833
-19.69404417293484,9.187933774975452,9.440786452572716,Inf,17.01249762674361
-13.964673794139708,4.7937446090647455,4.451426862996833,11.932227223525937,11.932227223525937
-16.89390706805609,4.429381875829126,-1.7266877739934294,Inf,18.455960111579564
-17.797458159824835,2.7212755102084607,9.317542079569225,Inf,16.488382679611657
-17.253284126241066,1.3119330255337687,7.344589625642676,Inf,16.09089726830461
-17.302637669871217,1.3331197765558045,5.674485130823967,Inf,16.02354930640629
-17.838510779235996,5.722629827321146,5.3085056012468,15.331859799151715,15.331859799151715
-18.836171496147482,7.6059179503569325,0.4527912541785106,Inf,18.43392066376033
-17.43444713001064,7.136592453621375,-1.94250801392986,Inf,18.513974622490387
-15.39917755634801,5.362099005824554,0.8051975654446437,Inf,15.478921195478726
-19.58846634676899,5.859851207928077,7.051205958971138,Inf,17.093683772131214
-17.536808735534606,5.3450092559265805,12.691539956164107,Inf,16.208647935577748
-19.027818353232597,7.291831572063401,11.903985571727791,Inf,16.815696234498272
-19.572669391159046,5.327681731701162,13.554918416301014,Inf,18.56496908678114
-18.2073325123596,2.490729163418706,10.381761961477068,Inf,17.395724360388026
-19.084104923176923,9.886469525552783,11.045921031492185,Inf,16.765594471769663
-16.012282824930864,3.102425344718469,16.50672604563959,Inf,17.437515059979635
-13.673849885372586,1.5310268926699138,12.19754510739358,13.672533391775762,13.672533391775762
-12.658661746778996,0.6327166234732289,15.26985250421675,14.880745274400383,14.880745274400383
-13.128536376997655,-1.034733767244127,12.507863165304691,14.650624836513405,14.650624836513405
-13.055956679760499,-6.443954072264431,9.936884424982857,Inf,18.320086393840228
-12.772782574954302,1.768838613628965,-1.8215207507196673,Inf,15.067033354650823
-13.048614396051281,8.022528874004394,0.20294767984551498,13.55177830984982,13.55177830984982
-15.268795272967397,9.953405194963565,19.755111935005047,Inf,17.926153408351837
-19.35249335915521,-1.6703821149673033,19.662381976741216,Inf,23.211769258332346
-18.4722545647723,0.18535938506261118,18.59148768254498,Inf,21.22088567407868
-17.0867320304787,7.117726880140765,19.290918832850387,Inf,19.27522530859589
-17.045323044184055,15.033202874625047,10.709485844309317,21.262568891557798,16.807366426800606
-12.708690453791354,10.300336828978924,-1.0251051986997695,15.101325305408247,14.671278160961283
-18.180604518019024,13.125657197524703,-1.3022550092905334,Inf,18.83098776045397
-13.122024145387252,11.422317444265673,0.3373322717719702,13.247185457933771,13.247185457933771
-19.366044749178826,10.940388217039747,-2.3201348743427985,Inf,20.05028627398138
-15.914348870691946,11.009461954726607,1.3614912987847632,Inf,15.553791508611132
-19.43371701023508,13.02195482477358,1.3878426407952205,Inf,19.608020664301144
-17.842765750333037,18.07574534829139,-0.45191770213057936,Inf,21.44330769323745
-17.376405025624855,16.108521977725978,-0.7620234156272865,Inf,19.671269247157902
-14.897313387211177,13.922510745438942,-2.307657199373658,Inf,17.178672448125194
-15.21069766378674,14.779724745656182,-1.5978436244763117,Inf,17.58398842958973
-15.85479446714496,13.189098448684717,9.054102603297505,14.387937857652268,14.387937857652268
-18.660888261967116,17.732204598399406,6.030811901786279,Inf,20.524244771322664
-19.019086206493512,17.725232824167932,3.1167333947765385,Inf,21.704231366071234
-13.324691221565459,19.63316732861471,9.052923425715733,Inf,16.93567961953846
-16.711752711285357,11.875163440145855,18.272698855104153,Inf,18.50630237026821
-18.703496015125857,15.82468965188788,19.844912541231736,Inf,21.90454918624787
-16.989691608675813,14.270594243065958,12.090693625167106,Inf,17.20141862949538
-17.386970842557893,10.401890607897979,12.05034170789002,Inf,15.596234772463156
-17.913543641664404,18.865227843061504,12.740323931908996,Inf,21.46219546879444
-19.307127248164928,16.37405250922111,18.962824686697473,Inf,22.129171533711116
-14.362437839704318,13.40163371869913,12.702966657040363,15.082356267482417,14.524385304580209
-15.247724563231744,12.94900054470412,15.513770458971628,Inf,16.15155744298793
-11.419991853435763,5.404065564687901,6.0978579600412814,8.85714393383243,8.85714393383243
-10.269010286635112,1.897534785016603,-0.40431712891869154,13.186116230230418,12.254385560517001
-11.451103875521316,-7.447958399016699,-0.6747259009075961,Inf,20.827464049998845
-11.45331250591795,-5.298185150373982,14.188486642787375,Inf,17.337107407427602
-12.342929885601892,0.8310129045734982,17.55513497505258,Inf,15.85402888100862
-12.094888821730594,-0.3850151357227176,6.0526516518137115,13.184587651481449,12.998809827680397
-11.652826644033132,3.233990339167807,13.164946822155855,12.170511021395038,11.816510481086988
-10.53148206865484,-5.538385612521912,2.1438530415555874,Inf,17.34708827550765
-10.173681127740064,-5.545892482255761,7.990294117859349,Inf,15.410732636846578
-10.06597723826375,-6.606549516638669,0.43237093795348613,Inf,18.409005279984836
-11.284319117954702,-1.1121035354254438,17.011382660424545,Inf,16.351750994328256
-9.888535599030028,4.10108333329034,15.641544062241778,12.742535149663158,11.942547314908929
-10.334034115883837,-4.545929073697135,17.69628658900143,Inf,18.35349871195871
-12.31328586399183,9.518256383965298,15.297389585624792,13.516941086725346,12.996090342476798
-12.363058801972784,11.743112773838476,14.479033868059695,12.908756930242136,12.858154195648106
-12.449053947837081,18.542895912550165,4.742859937691726,14.886740307077302,14.886740307077302
-12.531377778185586,7.8745341935517565,8.81609073796848,9.703663719833484,9.703663719833484
-9.585704915398736,19.398116692885658,12.802599582060942,15.155941444691278,14.415115674776107
-12.330973702294923,17.6597967333944,-2.4261609678639147,Inf,17.18760384024507
-11.847049791939082,7.851137710529052,14.024683515018602,11.810280845990876,11.387011994444597
-11.383970870658935,18.83164576268824,5.136277920200509,15.082301303205162,14.343006774480399
-10.835003196683353,8.22809129115197,9.34116063931457,8.180484940895223,8.180484940895223
-10.32832638826286,11.016931800320691,6.537240241817965,7.938538387794615,7.938538387794615
-12.036082725288804,16.261088798323726,18.774575526134534,Inf,17.07675349130068
-9.9398880023747,8.863303609116091,17.3307035029476,12.574110167062246,12.574110167062246
-10.218025661462677,7.447243084881762,16.052580305660186,12.07663937676513,11.86539980379805
-10.61819504564082,13.665762809717037,19.331832853336444,Inf,15.7448286524084
-9.805688565427868,19.824185525749897,3.3538789800698154,14.7601159396289,14.271619326138136
-14.440586027734765,19.83608630486409,9.073373854235847,Inf,17.986177602887146
-5.573390045097009,7.708240248567144,7.291537326546287,2.6062336981802496,2.6062336981802496
-9.501748785970774,6.689437049447111,-1.036048466640473,11.870069161875753,11.555900606964826
-8.147678736541524,-0.12209497521484991,-1.2295100158188177,13.840292496008828,12.720520060110196
-4.558644122328257,2.1329049198777206,-2.071907937207733,11.086762704501552,11.086762704501552
-3.263588779734164,-2.9203435214583173,-1.2385349035642506,13.979140094863961,13.979140094863961
-3.757980409435497,0.8583027200292825,-2.5316175563429937,12.233305375349504,12.233305375349504
-3.9032526341493146,-2.858948067448843,-2.272671012467633,14.793270023891875,14.793270023891875
-8.725288248207947,-1.5862847656232582,11.472132519625234,12.95377633807199,12.209086903191302
-9.405320861930697,-5.361052915454341,16.85843639175495,Inf,18.09896740936878
-9.27247196968648,1.0202369405841623,3.487159567297997,11.14355678375449,10.636334781524189
-8.98496228503383,1.1897480743710602,1.202760927928928,12.125569883192538,10.833975985061414
-9.12961741927587,3.2915286878019216,4.662241638520044,8.075086746354613,8.075086746354613
-9.194371178145877,-2.5592997412813645,5.921331250102728,12.353876906279304,12.353876906279304
-8.92484224902879,4.078590478945692,13.657417807302735,9.736653437844211,9.736653437844211
-6.9748664689556605,6.359702027244907,17.667015853506022,13.431747956476245,12.810219509089118
-3.9578389736865383,2.215829987332665,4.482410477893808,6.380621853453769,6.380621853453769
-7.120993868182177,0.2904533828377964,-0.3861064247496131,12.27365765200948,11.454418828557493
-7.745047815066881,2.7221590854003708,1.8863492992845643,8.747600069505939,8.747600069505939
-3.3141212748785094,5.3612225172680965,0.9934747110150184,6.568117296906347,6.568117296906347
-5.933609360042995,2.288610554765633,1.3406647938583305,8.558861387354101,8.558861387354101
-7.1952476172787705,-5.108974208104593,14.561570195325821,18.468204764923165,16.40060471229542
-7.976247850556062,-2.254117592374236,9.593186425385145,12.050092786891696,12.050092786891696
-7.387489082069001,-6.574583839097636,12.087724632795513,Inf,16.661889398387775
-8.26514014234891,2.787078674271992,15.16926841602433,11.976023960371872,11.552258720907496
-7.663247318308679,1.0714423234395838,11.158949467466826,9.329932888401714,9.329932888401714
-7.969397643249643,-1.9973500539869278,8.318441126816776,11.372804275151612,11.372804275151612
-8.486736142448308,-2.1971288865321696,19.146582798334222,Inf,16.871805500380116
-6.119297814353013,6.206356163437327,16.621727814502663,12.07228491498929,11.045420186232654
-4.366952885586839,-0.6041954287248359,7.3580647564678685,8.719458098811414,8.719458098811414
-4.05965597668037,-5.8346864781445,6.800734801683372,13.98852677238009,13.98852677238009
-5.503089755178294,2.6978919478985475,6.834711507535964,5.865588495997534,5.865588495997534
-4.338242104533929,-1.6552006367090684,18.4558367476004,15.19719354101682,15.19719354101682
-7.0483800829675936,1.72503514791795,15.044464938835631,12.495496072720588,11.233337004822573
-4.788372709314999,-6.005424382672908,17.17023397515061,Inf,17.96411295287646
-6.697780934180075,-4.045062758366438,9.62460772647735,13.260062520320645,13.260062520320645
-6.827275995253679,4.517724833216494,9.247887280967532,5.641567079187992,5.641567079187992
-4.6723785868179135,3.6076947253440217,12.77891028528947,7.448825400614666,7.448825400614666
-5.522430070822022,4.362128577615174,15.258440878930259,9.370091125425503,9.370091125425503
-3.905008803451892,-0.7250341055522647,8.28900837938301,8.86604780494078,8.86604780494078
-3.091094289549325,-1.613230267978647,13.018963426459734,11.686759183668816,11.686759183668816
-4.318671029604602,-5.951641664671987,10.30254483265221,14.482351933372302,14.482351933372302
-3.052835819593966,7.039998829592342,18.721219689106377,12.039948949877054,12.039948949877054
-3.6060546410397265,6.430049888651741,2.819095177271702,4.506884812901362,4.506884812901362
-8.736866612692573,17.96246325226427,7.119235197152626,11.749372039636343,11.749372039636343
-4.0874592989797165,12.228421062360582,6.987266381103279,4.366036480906024,4.366036480906024
-4.721447525483926,11.32367960879705,-3.462603441699102,12.677404073524528,12.547497393055806
-5.113538008456224,10.560767484588027,5.725052201256542,3.556692974215399,3.556692974215399
-8.363676544328191,10.277860201078113,-4.289047980126934,14.638834720896794,13.816934595773457
-8.964378301464748,17.894357062385566,7.076485193616797,11.842341029925215,11.842341029925215
-8.56088998518369,11.382287301215843,-0.9167741410271724,12.082528057569498,10.584308795243857
-7.767167999873612,18.37075224303596,4.87219088655948,11.832095200481628,11.832095200481628
-4.6840457189474005,13.669442774503082,-1.952417117169169,11.850778868407968,11.75323180164435
-4.304464143157372,17.829507382563037,-3.2297299421795778,14.546517594965643,14.546517594965643
-7.133678743533665,14.639915647029255,-4.466272912890519,14.569479525581112,14.569479525581112
-8.29985161122555,18.320419128058475,3.249824134944923,12.302637290494985,12.28676799653238
-8.534630449585103,18.099628574735924,0.5209716006077585,Inf,13.244675384562566
-7.717362693243102,11.792510081454893,-0.18442048286041057,9.394282365997045,9.394282365997045
-4.598991253414679,14.815532369797353,6.715420077140042,7.006371403568837,7.006371403568837
-4.368563711898101,14.741413078531409,3.8387768056096334,7.570531620280723,7.570531620280723
-5.602958380467102,12.551754897142857,4.550706776123441,5.787305268485111,5.787305268485111
-7.541856659758803,18.713359993939484,2.055214051460954,12.82109841339457,12.71205709401315
-6.312634817805884,18.975500613779616,0.38692909871221204,13.368993684706318,13.368993684706318
-3.7348360711871997,16.72474553408142,-3.526857231507954,14.47477952305638,13.903550110748515
-3.4270606025303962,13.235784803256479,-4.207265649532488,13.007588346818427,13.007588346818427
-3.073280110060672,19.44248791626731,1.826389422100334,13.293856538783519,12.845715713797269
-3.8099762416524285,16.77535176203186,-3.9860328514025483,14.804139421943633,14.31179128713585
-7.455123642952062,17.321910377328244,10.68812186427013,11.50614347188582,11.11783592660824
-8.77909556379203,11.222596991067473,13.200781626398395,9.068228585592546,9.068228585592546
-7.772512674493068,9.19118064646911,13.380467324856262,8.056435430404564,8.056435430404564
-7.660167977122985,19.10464114550885,16.50346781262204,Inf,16.168812236963284
-9.510563066865565,18.24147323051654,11.14479418766038,13.468337745779554,12.891477273914013
-5.915747491766865,19.89290200778455,10.628865600065769,13.046367738997514,13.046367738997514
-7.065876711051766,16.600900985505696,10.590776995560223,10.767195728053757,10.313150944458929
-5.618612567190171,9.205636030565188,7.704363511425811,2.967628341196279,2.967628341196279
-4.77087165410591,7.82256138964425,7.756675981658532,1.9339155661454523,1.9339155661454523
-5.395432110017975,11.400021199598331,9.053303900180907,4.638350575142134,4.638350575142134
-4.890852698748969,8.063610729889987,19.530671401410224,13.443056238095817,13.443056238095817
-7.3578300267893315,12.509772368702563,14.103015261379667,9.475312932209274,9.475312932209274
-6.923938411401576,16.626401249627783,16.14175227756285,13.576889624647032,13.576889624647032
-3.082943302787207,14.50094904769064,10.820699782388203,7.541018826344908,7.541018826344908
-4.077838497499755,12.156535378862557,17.197112838383717,12.922672554225795,12.922672554225795
-4.1652434854422005,19.31556209114362,19.235267300614126,Inf,17.2958544970441
-0.317364518756591,10.180095704231569,5.89570581137351,3.6288863387917285,3.6288863387917285
18.201165878001007,3.7756502355274613,6.3403361742197895,23.228646183667493,23.10277362774879
-2.862745207073239,3.8604802482517186,-14.056940107607385,25.734330449451356,22.78008859913499
-2.9952924872650826,-9.614632495662159,-8.756830690564614,26.870307604031986,24.201138563204733
-2.93906497260096,9.230470102030601,-18.5501119656833,29.212468579914507,29.212468579914507
1.8183622046485581,-12.838759478089408,-4.930673643105417,27.147593438780323,24.75614441340534
-2.7488838448168167,-18.939937681700656,-17.710091575451425,41.136077596548674,41.136077596548674
14.496307336644321,-17.91369268550911,-19.09347905281801,52.40407543464494,52.40407543464494
11.272087493612641,-16.405178553959807,-18.635477021849482,Inf,50.236816317445125
3.565003711426094,-19.756369252297354,-17.778648578978498,Inf,41.330724697355535
13.11699851319326,-18.700099371653565,-18.11969409878823,Inf,44.460271634234346
10.967957983550633,-14.257040535919625,-17.793422241857364,Inf,41.157675520696635
3.19382037020749,-14.919145398757507,-18.493595863735266,Inf,36.56149872978255
-1.0007224566457324,-15.051969793011732,-18.802585640332808,Inf,35.698718006692445
4.744601384221092,-13.372866950597464,-19.014091895370242,Inf,36.87887448427448
18.88795060567378,-17.84699298178813,-19.943175050702038,Inf,49.00854395436225
15.680768450161516,-17.65392032753188,-19.14291407499754,Inf,43.71587222398957
15.096463262698123,-15.826596404934019,-17.429678420212234,50.940104273182044,50.940104273182044
10.764704877388802,-14.560942913722403,-14.152516330205529,45.36284680802133,45.36284680802133
0.5628822072829642,-18.56090322728904,-5.153924283498439,Inf,32.4321872215324
-2.289112457430072,-17.973923581109716,-6.43420569664511,Inf,32.59310820356913
-2.6522905179934213,-16.311904958745657,-9.995451668983035,Inf,30.05941643460238
-2.6393085778612217,-16.213300323714932,-8.87557046261536,Inf,29.479332664926623
10.030384512948416,-19.719880355655253,-16.32342723147845,Inf,51.00790801837805
1.0004389013991428,-15.16465914504634,-11.84591397545339,Inf,33.402412503090986
8.790918073072895,-19.292800356690805,-14.947717166398018,Inf,40.801148388546515
7.089894985992061,-15.702352858543316,-16.250032836977184,Inf,37.473992630474
-0.5236153782277171,-19.622966675424234,-12.19836713210368,Inf,34.297995697278594
6.748329139058384,-19.665760757941122,-17.15544422207495,Inf,40.74262113345115
3.911024324400813,-17.585378152114046,-7.752902035903277,Inf,31.941463385962805
-1.4171135975692621,-18.49572085469303,-5.539197839529377,Inf,31.2114901270535
3.4503968697864096,-17.02739459719168,-10.65210695971385,Inf,32.03233850823167
8.02201917053835,-16.633520289040398,-9.6165483437749,Inf,35.798777812791585
7.068788896692453,-16.91022400524225,-8.034751944593221,Inf,33.968258618386905
9.171694000529165,-18.178221691365852,-7.207434859478177,Inf,32.55498848036997
4.900737251787632,-16.42171889405099,-10.944810167579329,Inf,34.34015475168356
7.343187350339228,-16.174040847881077,-9.282854641347917,Inf,32.109914088241645
9.363073990671378,-18.276457071863106,-1.5048974878735777,Inf,37.05855571906567
4.7418574611292,-16.10344115675975,-2.225305799280566,Inf,28.404643100612518
9.226631998667205,-17.34005252911034,5.517844290445353,Inf,29.97340557702299
0.9213657007321956,-19.00184508333578,-3.318847153304656,Inf,31.332097197236966
-2.5141310219687725,-18.680780567794145,2.351265818581041,Inf,28.53835544258485
2.1300416993875544,-17.131391844224872,-0.41688848120578825,Inf,28.14181302832348
8.165743960281155,-17.54040062981658,4.487206319637114,Inf,29.396736498948467
5.662821793772615,-19.433174924384964,3.0373824448776254,Inf,30.395007079641484
1.7393300791526585,-16.29366399656229,0.2975291942988889,Inf,27.607771350890026
6.681128151213763,-15.094728467557461,-2.5964972952926573,Inf,28.22187553582291
3.692291561345293,-15.021484030407066,-1.0942262970002758,Inf,25.86487532323745
4.301597388443199,-15.231000865268696,0.5605792541138577,Inf,26.283801707662157
15.086824874112558,-17.795520968952196,5.2312336932427606,Inf,37.54976538884287
9.832267096727783,-18.201464716095188,-3.6216993431737095,Inf,32.16243999184471
9.660177696473902,-19.59337741412923,-4.322195006486034,Inf,33.73015485588967
10.759420835887894,-19.00358486751732,0.6631795772706184,Inf,31.837640136810315
10.482326354160342,-19.89085416355256,-0.5438329486762754,Inf,32.573052841824875
11.04604076049485,-19.217171360124823,-0.45961979779516327,Inf,32.35719542083466
12.060968356468265,-19.838079636911683,5.211982699963926,Inf,32.85438841777864
9.51848441047991,-17.74688817642331,-1.2324921012302497,Inf,36.999403222815545
14.331606129157237,-17.250894674868995,-5.112981249781443,Inf,38.15875791857421
11.511417544763045,-15.399728467707448,-5.153514147656821,Inf,31.7513061964953
10.369303828224908,-16.483495852192664,-1.5205408529320934,Inf,30.11905333249036
10.756130170336178,-14.583517282297684,2.178873111983812,Inf,29.610654589782328
11.066956785213673,-15.542741737780652,2.0230597389709715,Inf,29.009432685948383
4.557552383203209,-14.435323084746274,4.274310160140111,Inf,29.473463611506027
14.228511977805091,-14.057470617006027,-6.463507818712939,Inf,40.98281283102617
2.457299449459704,-14.087144819918622,-14.217870561780819,Inf,33.548246064168254
7.511298405491278,-13.971224892618404,2.4931030418835505,Inf,26.029339288810874
14.07649803607633,-13.849077826633733,-7.167425523405226,Inf,34.55838396899886
3.92346906926365,-13.335070430967875,-7.359829885306901,Inf,27.713578726136134
6.000811254899723,-13.953262703228413,-4.671767273936576,Inf,26.69543338272474
10.570271777052433,-13.063441107491682,-7.912193592759804,Inf,30.18156098185723
14.845917336453482,-14.018885892265072,-11.036891283716983,Inf,34.792977109712204
16.49147373658227,-13.511290929939292,-12.692879042883272,47.49749620071319,47.49749620071319
15.191549407591005,-17.949969159433348,1.5408479464256857,Inf,40.65029090373661
18.893275396919606,-19.413028972835953,-0.5868419736554031,Inf,39.46897572182543
15.337750395998839,-16.81652845141067,-5.30068937878684,Inf,38.082524649641336
15.98550929642856,-19.81155351386868,-3.9684800331352292,Inf,38.44519506877478
17.0069402412122,-16.89758629975642,-4.66413030282812,Inf,37.18792165609507
15.998927854063965,-17.4068018719555,-3.4847502464531033,Inf,35.555032563416255
16.378154114703953,-17.883756627501953,0.5879438673795789,Inf,34.544683365251025
17.570879820405416,-18.436456479328697,-3.478848942238777,Inf,37.434196319016344
18.252335095813635,-17.121504735258483,-2.2258786788628697,Inf,35.77324493653167
16.942581375703597,-16.535534929059914,-11.692677999070815,Inf,39.230817802543996
16.19043741985883,-14.806742436946765,-14.198128530254337,Inf,38.31744488777078
17.746231244434057,-15.969897103196242,-5.13429677849901,Inf,37.08366575877571
18.991847343396806,-14.311860440320192,-0.8775236271283688,Inf,33.73799578430295
18.959334629697615,-14.496279215861545,-16.520328063126748,Inf,41.648079658656556
16.10194166656693,-16.33902037974628,6.0441487535370975,Inf,32.456736679041974
16.30448971232859,-13.116396674674009,-2.7652640444582204,Inf,37.281160002749864
17.910843713028406,-12.969919446219604,-14.767376947291115,Inf,42.03672312854788
5.831188803384741,4.229829861875096,0.38822191592395683,12.487593097801462,11.877934604525827
-1.9445976185154557,9.272710780118025,-1.5947274265993094,8.752314348457228,8.752314348457228
-2.8152342997938185,-5.58176913652022,-14.419227095784644,27.378409362352045,27.378409362352045
-2.739809574120933,-11.452460224750114,-7.352187261445309,Inf,24.54329674173965
-2.079997995421216,-8.177902466936988,-17.36082395738883,Inf,30.142395785591667
-2.7277553465809206,4.71755582193132,-9.125194824904517,Inf,16.700114588084013
-2.477603237204633,7.358042719655078,-17.358214931747398,Inf,26.237780886252214
-2.281916573597762,0.0005600271712751237,-10.982119304200939,Inf,20.10145238498427
-2.694048594398506,-1.9934287349637003,-8.011035754034292,Inf,18.2755135992836
-2.5654828701113885,-4.834450794843139,-2.8762563829982284,Inf,16.48648887583451
-2.4936209138186882,5.345413185408113,-2.7134506538317,10.253449782406339,10.253449782406339
-2.416310731789018,9.500378344563948,-6.72351602375481,13.907779240729045,13.907779240729045
18.486120081851553,7.215681636302278,0.018846544821737865,28.39817645659341,28.39817645659341
4.817739372034016,6.146940616758645,-4.67423209887345,14.72594828055415,14.592868249717363
-1.702830022729298,-2.7733729651690275,-8.076157735041338,20.352808943448906,19.114504357038413
0.13114501322621663,-0.9430620159465235,-18.526509839651908,31.831560108195305,31.831560108195305
7.169633336641592,-3.3974114169237097,-12.715935752316732,28.493899254833686,28.493899254833686
11.750171856496301,-5.906360638778514,-17.925232619510723,35.870411518788494,35.870411518788494
-0.2163443953182025,-1.780503131668727,-15.036461127593839,Inf,26.72454432089939
8.553019585548238,-5.79417102489078,-14.700759430589212,Inf,31.829403918140834
-1.2393497604671495,-11.846651194901359,-15.579912446104709,Inf,33.77059094828094
-1.4443514466780698,-12.260537672432497,-18.016895421869208,Inf,33.18036470504256
3.7562032192520505,-8.861815398602824,-16.912073013977384,Inf,35.057853262742505
0.7853580262260884,-12.358276603706067,-18.553542677108048,Inf,33.93718470678118
5.458920105876921,-11.09133286414222,-17.73333315583144,Inf,35.95561640584478
2.846179530368609,-12.126581258334985,-16.490632830809897,Inf,32.60666084263016
7.071156060958312,-2.7573510372616,-16.547902677779884,Inf,30.81980956560536
3.638481635093001,-2.7079557376757357,-17.232618374529398,Inf,29.552513694020163
2.8691963013071557,-7.271343929491847,-19.725468361253302,Inf,34.57672127349546
0.7665672676134605,-7.328393726539275,-18.769956515100866,Inf,32.57846579504999
3.3065358544448102,-4.6315780780707705,-17.281371945425235,Inf,29.10947015030694
4.6927662436115725,-4.3655694803612555,-17.708009759271263,Inf,31.573700554353923
4.5548457426363775,-5.678863186772816,-18.939999815956803,Inf,31.434578769010585
7.643836828571526,-2.4796307323020557,-18.104981622455448,Inf,30.962954143058997
10.762622610942891,-3.6815317159396415,-16.466445707638904,Inf,31.504307043157496
8.676775909518462,-6.457069161973035,-14.85563671295166,Inf,31.61758154912987
8.627814520378383,-4.666461874026577,-16.06760268230934,Inf,31.173878368599766
9.283545480311723,-4.336581727778848,-13.30193792632902,Inf,30.415584540857413
-1.612845374322216,-1.9722311431448176,-14.240847537165457,Inf,26.083145362375937
-0.9719976544518261,-9.391127618053492,-14.327038060247093,Inf,28.482314097150095
1.319438112105857,-7.797411231779687,-13.192778786344492,Inf,26.95436097658797
10.592771804445277,-6.88650526585854,-14.683446040336356,Inf,33.43893802507047
1.0274699078110956,-1.1850140684493908,-16.511079404521656,Inf,28.21523417633377
15.587811020594103,-11.29378614194052,-18.486085059421704,Inf,41.527999027050825
18.847801092324445,-12.186360812706738,-19.474486188116007,Inf,45.04952733190342
17.37115209650866,-12.648448827642964,-18.492401031886814,Inf,43.11646720976836
14.253889054932145,-12.645899611764024,-17.621511205110014,Inf,39.90440904468962
13.69770208220612,-7.948043505340845,-19.210048321558997,Inf,38.970749290047834
11.897494916844007,-3.7015936063490003,-19.32965337541706,Inf,36.629405552786224
18.299365217681462,-5.340717247642308,-13.273700136549573,Inf,36.179225472601615
13.963387289528974,-10.156394869600529,-17.224887791956256,Inf,38.778615257434126
17.792480128484556,-3.8749155126412838,-16.822353744647963,Inf,38.06391601078163
16.028093323130115,-7.857189386895493,-13.28805724408574,Inf,34.74976646026699
14.359491246401646,-2.8798753952900036,-16.57372459448741,Inf,34.33621282335646
16.12268640297637,-5.325764549506209,-16.611802281855866,Inf,35.0102988087039
19.052721676857296,-9.98425023386412,-15.636992135651502,Inf,41.443738139670735
19.253001736793884,-10.29863977360253,-18.30700687401743,Inf,41.12602286173718
18.582298828587838,-9.245988383532895,-6.555613694501261,39.73667270483393,39.73667270483393
5.78979141768275,-1.290678256286128,-9.574837829194562,24.467885780677342,22.587952244402306
13.072008709381421,-1.4495483166144112,-7.570548445500851,Inf,27.51941075600545
8.922163151212956,-9.22031377495288,-9.100352643157033,Inf,30.190862877425026
3.7424524197958142,-10.219849810445787,-10.586832087907592,Inf,28.910403772369964
4.498345619790058,-2.3315340971829883,-12.571818392797676,Inf,25.28109388901811
3.7578543321687903,-8.649159308936172,-12.007569771184547,Inf,27.35676869942901
18.01512583113699,-7.637469783409889,-7.751492092112047,Inf,33.223747781499206
18.515345483084957,-12.769918701361522,-7.910719893468201,Inf,38.38297302258944
9.803533097302903,-11.343452198516939,-8.291051114789472,Inf,29.770648731010223
13.505649454724526,-10.806110545545051,-11.199209788370013,Inf,33.18201052965361
15.60182582350884,-10.566015742422472,-9.343601580979781,Inf,32.75037266573243
10.538052587756948,-1.633347755359491,-8.113228706814688,Inf,24.416239636437354
13.464089222352172,-4.861095264218243,-9.360717108056793,Inf,27.27322618973478
6.652584949841014,-9.229505213553262,-5.763297567025782,Inf,24.293854412712438
-1.308587608701206,-8.7561225371911,-6.212495303202443,Inf,21.892333404544715
2.296218188644268,-4.809405872371739,-5.837659983405459,Inf,20.007415061807112
3.202429424215147,-5.0933659501424255,-6.9695676915951665,Inf,21.165353013758732
0.35624702374676787,-6.3980864360526635,-7.1017756458547066,Inf,21.257808311234037
17.861349533722674,-7.369745639939076,-6.557680566683501,Inf,32.507959953591794
14.908021725281877,-8.067327599230554,-6.137909760450464,Inf,28.627113443726977
11.820304814174392,-6.912415316640201,-6.520117355061155,Inf,25.845491323203284
3.077847715851725,4.22996682107355,-10.859628985850476,23.518824407322835,20.061325194836925
19.778708873808604,3.1064949842872096,-15.083490727971203,44.928060239005234,44.928060239005234
15.888417592023174,-0.019375396626237773,-14.450123552822802,Inf,33.152895769328346
17.688401742373905,-0.2687567299348643,-17.75010141659161,Inf,36.92012125929848
3.7012808303337508,-0.314111410835185,-15.1805647541447,Inf,25.534943332268938
13.782557636868049,6.57021358966329,-16.409945798720067,Inf,32.23548197881133
10.092140242980172,2.323632858777014,-19.806907450344802,Inf,38.06224675293177
-1.3306722977619678,1.8411628873207349,-17.396314467173923,Inf,26.455822364879104
3.3398591870178684,4.974220393376605,-19.721827312222075,Inf,29.861832121078407
14.970949350176369,4.366080713722916,-17.545126468184797,Inf,32.38564513220504
19.391902488418545,1.4113266367248656,-17.042837600809708,Inf,36.22356675170691
12.550368965587431,6.705264653553442,-18.818318076679795,Inf,31.24595300159741
12.012277638308007,5.846258198088286,-15.065572184113325,Inf,27.389708058564377
4.340130587129522,6.612429427276982,-13.019290792970715,Inf,22.132834106457004
6.0052878597594805,4.807408824701458,-11.007391563473394,Inf,21.307249492068696
-0.4215374780889931,1.9355215001336745,-11.44964043814733,Inf,19.85771461723414
10.419482586282385,4.645977263020331,-13.229145660974337,Inf,25.149003686828713
13.749118703546799,2.1511023189118887,-6.545567756561832,24.68120316489051,22.558328415161114
1.615022506553558,4.263447245689605,-7.591919300075762,Inf,16.49945763784683
6.274089540452607,2.8172391998263535,-10.554333284662238,Inf,21.638506222017533
0.22084206423414088,3.9612189264391695,-9.085633092255332,Inf,17.316665199929478
-0.2750821516297819,-0.9087739859756923,-9.308585627524923,Inf,19.6093343870425
-1.2313133601911304,3.1806952042052643,-9.46901195880459,Inf,17.458797299586557
5.885246092553331,3.4934908389097075,-4.926491985121304,Inf,16.602864289392087
6.90562130611605,0.40677394862770555,-4.676933753872206,Inf,17.797238808418996
0.3081360049815096,3.984580415475669,-5.340316426243987,13.88116916282497,13.88116916282497
0.9698075324513837,6.543837664907535,-8.554871407331559,Inf,16.776285316464527
7.239987645976331,6.085609794628148,-8.791165963242191,Inf,19.502996805945727
11.122911244028735,6.389321470636133,-9.703654133216926,Inf,22.73523690771194
-0.2302990763842061,6.356659216268341,-5.028382204633619,13.049952943415784,13.049952943415784
16.925364936749283,4.171552051390783,-8.238431112179576,Inf,27.13436279151516
15.182881235931532,0.14932464698131298,-6.360014412011079,Inf,24.216970436568943
17.753065408425584,3.603674441820619,-6.4328107426719505,Inf,25.46810026442899
16.729808277428475,3.9768202449408996,-5.354789827608055,Inf,23.720456878154902
15.666943198202574,5.502156238329718,-5.357708303520612,Inf,22.741223885161084
16.43060275735924,4.738430783783201,-5.737964642350946,Inf,23.612313427470053
17.643584445509156,5.228915423221672,-5.641798062536214,Inf,24.572729594512527
10.337378316353167,-1.7871048335542667,-2.638506855645659,21.908205636633618,19.24740231083436
5.284823872066244,-4.521769685617212,-4.619010950580957,22.74848577352366,20.972839772531287
0.39124165706891034,-9.759287614018328,-3.552760197736305,23.484471070928215,21.408292622280857
8.378102664416094,-5.490584729019856,-4.003562822248323,Inf,22.376700841474182
-0.0856356052830165,-8.772707666430408,-2.6127054431053054,Inf,20.16621838581613
1.8236317171246696,-6.010406760847982,-0.7136640597915118,Inf,16.887050719612528
3.4313599685561442,-12.349173117980836,-0.8390305453831282,Inf,23.167755418518485
3.845567665820493,-4.944422375821942,-2.567307363190892,Inf,18.712847334149806
10.034988350145841,5.797768118096762,-4.053727074828251,18.910396833350568,17.289401093012614
6.162139691708113,6.1713433946025305,0.22717709312032497,11.544996948793894,11.544996948793894
5.580152787869459,-1.367924567953498,-1.3062343738311455,19.658459945109414,16.044500906976754
4.610166590982779,-3.3175905005811472,-3.5870693225664496,Inf,18.826317913715236
5.845510132694827,-4.381738037024325,-1.8121827618258202,Inf,18.886941059336458
1.0387777652055696,-4.299007981624099,-0.059124194616686054,14.893735906926107,14.893735906926107
-1.4919370111343895,-0.00513460219914208,-3.0288833546323417,14.592375091064973,13.455624707097353
4.28128048295018,0.337189928948753,-0.05742520069564705,14.233058439032526,13.766242258529957
-0.8283977406853893,1.2891139749983154,-2.3973822116421672,12.339906980202262,12.339906980202262
8.872930141987759,4.210646780919216,-2.849008410301302,Inf,16.08984384695206
8.609347042776278,-3.8125381953571136,-2.468744276113945,Inf,20.428619222915934
8.124196630102531,1.3908731256127638,-2.296003264127357,Inf,16.084866714517226
8.485961131757549,6.368989553307465,-2.322368012531726,14.897041702379958,14.897041702379958
8.71490056899485,4.913323641968912,-0.8879751622341487,14.497213552613005,14.497213552613005
13.271654941979172,-2.3685806115058767,-4.426922267208031,Inf,23.345017982564144
15.90570976625795,-10.624446923971806,-1.2121204069417786,Inf,28.9677987375631
12.938339724944953,-6.986798551301812,-0.48102833005524204,Inf,23.74730448688601
11.309617342932139,1.4619112004549777,0.12875898500517735,Inf,17.315386915187787
18.451813321538282,4.534594241474458,-3.524296833070075,Inf,27.43793148426372
16.60605132238895,5.2295652698661925,-1.443489002366583,Inf,22.41421201204105
10.593593645664356,-0.8230064747560206,-0.393733349277376,Inf,17.902920107932225
10.55052820256492,-2.1512069758377876,-3.9711091559774303,Inf,20.645197766134263
12.138213634832908,0.9448614412099303,-3.418310777677121,Inf,19.943867340218894
11.233370960664885,6.500981848202798,-0.5554156815824207,Inf,16.32861154943457
16.255912142793612,6.2090160295400665,-1.2164104136017961,Inf,21.40286794827803
11.34278678529311,6.153201673047253,-3.708133004712721,Inf,18.050848084228704
16.24840292213237,5.981672917826817,-4.5354410583793925,Inf,22.681797335632716
14.930790042433784,6.653703381912699,-0.16218377098044812,Inf,20.05001761013302
7.751072768634426,8.115356886906675,-10.64009559918973,23.7468160736312,21.659247259582877
18.743658372395615,9.608431154875863,-13.801501521110051,Inf,40.448115626005965
3.8463920119510746,9.359224023707782,-12.249091052335448,Inf,20.902751527983092
-1.545704995297008,7.76606230966161,-11.317452746569021,Inf,18.599166260919752
18.613030512521547,7.506432866460607,-14.028452565821485,Inf,31.456114501715142
4.39560831838282,9.218456755938853,-15.75357375423665,Inf,24.452801243529397
16.631382255309205,8.748558503233532,-11.487033767738435,Inf,27.808738030445117
19.34108683413976,7.296862686170485,-11.584564235512431,Inf,30.190655909765418
16.636521483288156,10.000208521273226,-3.5475184731860665,26.752398631271955,23.903615906176796
11.060668229336752,8.118904863841252,-10.443678120089901,Inf,23.452305544661876
10.280480875927331,7.482387423702271,-1.1569243007037429,Inf,15.661639712073232
15.210742982153093,7.8584185768888375,-10.05326672689752,Inf,25.47653687793862
0.3852384232809136,8.999997901385584,-5.455921814953246,13.270204387019017,13.270204387019017
2.6539024413984613,10.054645008919792,-8.298786731086105,Inf,16.759503211665443
4.1779917434524805,8.331475387670562,-8.574142073173734,Inf,18.08420876321012
5.998047479180109,9.8311229957549,-10.09988785099619,Inf,20.602381073678636
10.493315377855676,9.124809958947367,-4.729144160516601,Inf,18.75936926662112
19.37083089014409,-10.106290149660424,3.2195401968081754,35.682129834532205,35.682129834532205
1.8777063845885351,-3.834299960572885,2.2062582901518297,13.992207018692145,13.992207018692145
16.26708684606791,-9.160058844798957,1.054729821736995,31.781490818492138,31.781490818492138
11.594228423347168,-4.548774617370741,4.826934775037628,28.341153849249935,21.314680292214746
5.117605142576238,-11.988769081799662,1.5774702869639796,Inf,22.78923407128237
11.590691476560657,-12.347627966475194,3.4239631002984154,Inf,26.802150518407814
7.463238694672498,-11.19266154310334,4.0810388894208955,Inf,22.472432293444314
8.00531606106519,-10.123189866152833,1.1128058226182702,Inf,22.68475140691714
11.511230572449556,-8.61268829618055,1.077162561463787,Inf,23.86329851650438
11.010371022576866,-10.717478734332548,1.3573177776650596,Inf,24.6344258708459
9.600870871233802,-7.508780809321793,3.946854771547386,Inf,20.86902950446177
9.854378267116076,-5.655592560274547,1.2601241896433812,Inf,20.756823159382122
2.0243586389869783,-4.208625452015449,5.1074529826899635,14.086015491867158,13.907494689397454
-0.6103959172876401,-5.413615236813731,4.380902753227147,14.201508471865463,14.201508471865463
7.357835185530472,-8.618151072428066,6.201227974508949,Inf,20.210937348182703
4.798187668116746,-4.238147864568322,4.917476669092178,14.977941941303087,14.977941941303087
15.195170731036129,-12.432081647823292,3.0389084506920767,Inf,31.31836519625773
15.53405207494933,-7.298719716162747,5.19857753846841,Inf,24.507705582318312
18.82487277927339,-9.279069757019611,2.272662278746207,Inf,29.335983463654983
12.735125329000986,-10.597736009969152,1.869536956822877,Inf,26.298457803244958
12.385424551925361,-11.399745633883285,3.291653345111996,Inf,26.78760047597211
15.445603026861427,-12.050982364827485,2.6879698433103556,Inf,29.370855216256814
17.45445800979119,-8.939551823981766,4.670718481782767,Inf,26.942639054373906
16.33109859751663,-10.269930775818876,4.029789337020475,Inf,27.604162032890958
13.708054433094041,-9.89106496469379,4.106922140784466,Inf,25.023324193248108
15.63877310931764,-7.180244315818607,2.8705898800897316,Inf,24.476037076817214
13.932363751790447,-6.0763423856442955,6.188116586804497,Inf,22.312802192219724
14.594264829149246,2.185445424328165,3.123918606487752,23.20953641978947,20.736772677761337
13.40132707663382,-0.8277772336725242,1.3910810570232357,22.963745752053597,20.416333790215546
11.51898111465816,9.555807263903702,1.3944700743505045,Inf,15.943585137163442
7.401718946319484,0.2908086651199504,1.9355567056489775,14.289100657531783,14.289100657531783
13.071746586586805,-0.7427192898647021,1.1452246990340313,Inf,20.106489947910255
11.227363769697725,0.46901205918414846,1.1559348098483184,Inf,17.381866045251908
0.9678051636339973,8.795626942231447,0.9198525514258264,7.303745138226566,7.303745138226566
4.0737557803635305,4.014624388276538,2.491859779634858,9.286795348946832,9.286795348946832
16.823849736593594,7.80321769031989,0.836862880578046,Inf,22.438864814144225
16.031365517768037,-1.2683361826079391,0.7558155281134376,Inf,23.137463322470598
18.970131003332007,3.759436534430975,1.9488678656102998,Inf,23.272741087047866
14.997647633867395,4.101628593613551,1.8120680512946024,Inf,19.623255805102573
13.67624460197063,1.7647442883348603,6.280299845286805,Inf,18.087102421016443
12.184691269400375,-3.682548179539495,5.601176039306779,Inf,21.409731140218238
10.351014507563711,-3.75115915981133,5.121297356334374,Inf,17.952460212633298
12.863472620936129,5.840919979701464,3.592739989280691,Inf,16.61495125173453
11.146098597476808,4.445763834963465,3.449495464536774,Inf,15.423966867949382
3.281896774762476,9.851124256621155,3.3136061451761556,7.5152104265353366,7.5152104265353366
-2.843844109341454,0.4980932557712414,3.1542188035977503,8.431667834532703,8.431667834532703
-2.305312471276988,2.726688886358364,4.479062116029596,5.886045249457131,5.886045249457131
5.180703161200242,7.330969563087066,3.871385845856892,8.784061273846634,8.784061273846634
10.620981630272858,-1.9258662718644892,3.9814419220082797,Inf,17.12615869585089
1.5607920191233688,7.26986494745762,3.682907374006792,5.6865652661399215,5.6865652661399215
3.372936930934376,3.1330620962834104,5.6138310550845105,8.137743792240489,8.137743792240489
11.69064569961531,0.7531075295283145,5.408255169696581,Inf,16.791686497450826
0.16036293484209807,8.947447556953662,4.032102906495744,4.437788177767414,4.437788177767414
16.377295052803092,8.164231602503335,5.298390756813937,Inf,19.89586052662426
13.743697369733908,5.831527163322363,3.433845031615917,Inf,17.48834983120271
18.48545858052698,-1.0470743040301471,5.790107591909521,Inf,24.21931120432668
16.170685116247235,2.326603750208271,3.5292077988443467,Inf,20.87774200134734
16.43383334191472,10.074219758556417,4.566246998034458,Inf,20.27799666508936
19.73435366519857,6.196410304758153,2.977525185719621,27.646704789884822,27.646704789884822
19.390649268774673,7.608463264670668,5.375082302233505,Inf,22.960997337500707
16.767200359255185,7.228266126659122,15.364350293329409,32.99643223898917,23.705045420779953
1.8192394518430248,-13.582032711897849,8.588388446726974,27.97131976180243,23.705671135414313
12.77442945881429,-15.310344221827688,7.754708812933018,39.69303209575424,39.59168666902277
10.630176444623245,-17.460316164414664,13.842106695047853,33.95839848989382,33.95839848989382
9.731027014580064,-15.014243212356835,16.943798307729637,29.90719700829402,29.90719700829402
4.8019781286324985,-15.939694280242476,15.395936891929395,Inf,27.181800961508017
3.352510836547058,-17.416409074782226,8.097513661811462,Inf,27.04197354852686
-2.6215016455762097,-16.999227864079664,9.77492289622731,Inf,25.427548139156304
-1.8302357178329203,-17.399402517832456,15.134490107534681,Inf,27.182069760059083
0.13902142842611198,-16.589211808471376,15.132278664732013,Inf,26.964527205326764
1.0391686758791074,-15.952740423378042,15.078692532139833,Inf,25.943421511748117
4.848025702952199,-17.82089843331228,10.712124236569778,Inf,28.956746251214824
10.321484243848104,-16.405346666645862,14.731448310211405,Inf,31.05982505624865
9.012364185811226,-16.8509672755353,15.125812123313878,Inf,30.35018810376426
7.089842532741795,-15.179380508404687,16.670029940583788,Inf,27.72147302201186
5.239611509588514,-15.649030990166475,19.392998827841666,Inf,28.454738018666948
0.6005720318420842,-19.333248704623315,15.98067698835267,Inf,29.78580490027648
9.320036061308947,-16.809166707311753,17.16927199535087,Inf,30.528465871710413
7.477405303388565,-19.278431687819626,15.774478702280732,Inf,31.476957762646048
13.70507916352856,-14.863668502372978,19.60526286810807,34.69250335501825,34.69250335501825
16.38824952713704,-15.646422294244982,10.3987751216128,Inf,39.264311439574605
15.285650134311425,-19.434165509308254,8.57621107042015,Inf,34.78397771330418
16.653252032213217,-16.878930647664312,11.8196941049776,Inf,38.21772757098664
11.896449281414014,-16.601717602193382,19.834811888930773,Inf,33.85271193777745
12.302838838042824,-16.892164698891257,18.321570259993514,Inf,33.37693197185183
12.221094633339064,-18.30939652910997,13.217319027337204,Inf,33.43931844798219
11.611021655404194,-15.480273459602207,17.45208402154779,Inf,30.713361759800804
12.218186251577102,-15.761616861941024,16.010079112933944,Inf,31.347290970863476
15.14016155789696,-15.038526310599405,13.034182689439042,Inf,31.029870679954392
11.965010605815813,-14.362507349879436,14.565471890868018,Inf,30.70313578942737
13.643184654547085,-13.93822786102878,10.888613012675698,Inf,30.30584112975031
15.848782441953652,-14.65089446828431,15.51066844171735,Inf,34.42863360573367
16.61226791376548,5.865403914492539,6.667531368361274,25.874156318701786,20.071662871702515
13.035916653049348,-8.078720004075954,6.6323527511564535,Inf,24.227318848143735
16.082077920299454,-12.863985079331561,17.780043582258514,35.53397405113887,35.53397405113887
14.482296365663146,-7.045389356430407,15.127290999986911,32.83302201391947,32.83302201391947
2.5781103908498793,-10.016954566225662,14.977230612060211,20.962673625774542,20.962673625774542
12.879940149423597,-9.632598890552773,6.747497411379317,33.92567573776259,24.86549982776096
2.5005102023131727,-8.292015645170983,14.357294949853802,19.128073861273982,19.128073861273982
7.154461408737944,-11.23597067872164,13.089538671592493,Inf,24.779032988043685
2.799874883060216,-10.816543673416907,10.490247892049858,Inf,20.35181320438873
-1.0845214594275276,-9.416199197232302,9.092254094039074,Inf,17.839793252103775
1.848585148470825,-10.571055088313646,9.587912025297356,Inf,19.669963982014565
9.334700436100782,-12.442519037554973,8.501572796992257,Inf,29.038791115504495
7.781296016645349,-12.985500807402532,12.40049930249473,Inf,26.459141381796698
6.948173719615241,-12.506781499511339,11.721952505614162,Inf,25.798230663663574
7.465175373388089,-13.375385873005108,7.447421579478508,Inf,24.826929863545658
4.089722168156094,-8.985572939039743,12.795970083095796,Inf,20.13480062418702
11.494192417005287,-9.419139127802847,7.164323769637075,Inf,23.737363837757062
4.601692693145843,-9.253903672283679,10.149262005403212,Inf,20.051624364819965
-0.890128765009468,-12.078752629657448,14.36097178795552,Inf,22.592051076305577
11.263458836079955,-13.107535530763768,14.661674291871606,Inf,29.560060624635334
0.9670338729759997,-10.67011652333445,13.627044703045108,Inf,20.46449824902422
13.836435205066948,-12.356322888827327,8.548241202673807,Inf,32.935462696606336
13.104981764384164,-9.998604122095962,10.064059930270723,Inf,27.43532717903872
14.348578796280066,-11.106492332122277,13.07736083607437,Inf,27.01871637866722
10.247142267370279,-7.63914589322126,17.967171728113627,27.699407340879205,27.699407340879205
3.5377804583533212,-11.1047962797244,19.877012951565902,Inf,25.40939150175428
5.29154322388959,-12.598710851634287,16.9710076895785,Inf,24.887325827866796
7.462062672308729,-12.16267133655415,16.74481929946748,Inf,25.85854568082379
7.910870766162432,-9.543899168437608,17.944407403328206,Inf,25.739169802232098
8.645181547144276,-10.989368254525571,18.61070763707432,Inf,26.07647749143375
11.002734412237967,-10.2162809775142,15.83524278414945,Inf,27.245973021272867
12.175545364941698,-13.017430963718182,19.763505047519942,Inf,31.417204615386204
14.86055510491812,-11.176718427378516,16.741730550375024,Inf,28.561647831103215
15.860915674256248,-8.887879914026202,18.065478252554513,Inf,28.841570771023534
12.685428661759282,0.5160623782007967,7.457768820257318,28.230766641958535,17.944260330912
15.278567376623329,4.518590886884066,6.8459622896371215,26.286292432056154,18.61177325647565
13.289673571208418,-0.47755512188817306,7.06234140370875,27.821741603423323,20.548304797014506
-3.0,-7.0,7.0,15.982040230795302,15.269502883023417
9.162625081214966,-1.0366873485051116,6.700679537609435,Inf,15.354982802677956
-0.9826988683984617,5.79592963546056,6.810768512321577,2.993866827921853,2.993866827921853
5.4876335354969115,6.407649913556295,7.118981285458794,8.636530459448315,8.636530459448315
8.622254136007868,7.403964058564945,6.95328777162829,11.92984831917845,11.92984831917845
13.92179610736639,6.6487215155376305,7.392792158569918,Inf,17.078579156313296
8.156136622542498,9.426582559016133,6.909459675119063,11.650694504495702,11.650694504495702
1.799093570134282,6.621226620347478,13.00302441771889,7.808240345114376,7.808240345114376
-1.230312446567801,-1.017574297954134,9.158337775375305,9.43964311870464,9.43964311870464
1.0439781398210641,-2.5185053886573705,18.518568661597364,Inf,16.77282246354131
-1.1217447231229727,-7.0195183916453185,14.44448053622132,Inf,17.438294576445077
-1.5920797024887818,-6.531239771878408,12.109474787921208,Inf,15.703874290414344
-1.4252967329502226,-2.558742017513758,9.405751877757567,11.012675397396432,11.012675397396432
-0.3495643391246439,-1.4455830456640868,15.996885737365147,14.633795887034228,14.633795887034228
-1.6485620255167355,4.95453980594089,18.542321922726515,12.088251994238266,12.088251994238266
-0.02158441177753545,4.0771819836879,17.978417092381953,13.685447478968491,12.26367276835928
-1.816960708527482,5.242598185711344,8.319516914725938,3.2777998137253634,3.2777998137253634
-0.709147612251062,4.152288291623165,14.651072838520506,8.865201951088391,8.865201951088391
-2.8263347968286823,6.174344622746748,14.109053111748516,7.341785430326025,7.341785430326025
-0.7780363205207692,9.566002399884841,7.762054131069327,2.8231564972650367,2.8231564972650367
1.760873266707872,4.895226037497203,14.378262116016074,9.313661335507481,9.313661335507481
1.1154452846058476,2.649922214888278,17.079104372601492,12.253650002671318,12.253650002671318
0.5309642225411793,2.790748240352503,7.617004649775687,6.3233461849009345,6.3233461849009345
1.3343501023346178,2.922333735861315,15.262824600063766,11.247988554098175,11.247988554098175
1.202579903077865,6.4599776765173615,9.650287952715672,5.201670196282022,5.201670196282022
1.5107850256735311,6.141118190909669,11.583046909481798,6.693798779655552,6.693798779655552
3.4361425777901005,9.822464187751283,18.708049952713033,14.551768188265875,14.467937235954281
9.998692381316392,4.314990282647855,17.447514078271034,Inf,17.17211284429734
10.687815903752444,0.07445366283239707,16.646687813350667,Inf,18.784488063833145
10.46389689134875,4.389559343122372,9.580936459457838,14.691845856516666,14.429107088256998
3.8718207542067695,-3.4311654919202823,14.679431270498533,Inf,16.310908581707878
6.098069153798971,2.7490726262266634,12.010036068709653,12.359941580029364,11.782326885939677
3.516727605502254,2.7757610304522444,10.969186968871334,9.247424327298631,9.247424327298631
5.050398530686564,1.278301175607048,12.77120290955149,12.047744661491505,12.047744661491505
3.1802730452479437,1.0959695959821403,14.21711341875497,12.049830272824757,12.049830272824757
10.561440104920976,2.1256814361438536,11.354004630638332,Inf,16.332525759967776
9.152538352047046,-1.227474964824708,10.276978146305886,Inf,16.194899714717305
7.444649260318947,0.023674777315704887,9.787060393425804,14.079948423122481,14.079948423122481
9.054718581136669,-5.253269950346766,12.125830642321283,Inf,19.069466229274532
5.123554637828853,1.907974672791866,16.315263001287676,14.21093293805935,13.998966639126145
2.2245498158938375,-1.764829919495341,17.330182606482005,Inf,15.992368125174764
8.986693021094581,-6.8332183228998655,16.579122753377213,Inf,21.835053608637093
7.478962847940089,-7.013741312629103,14.737448376140307,Inf,20.909009498106634
5.53781703188756,3.5136952859030224,17.44049989857725,14.368483949593486,14.272063318472405
6.293417340221357,-6.178283698640525,15.64947315109383,Inf,20.090855257146103
6.91199023395594,8.664509259220033,15.825217120400922,13.9954439047452,13.895753014578665
4.856873465807929,5.308492062158507,12.614634012882242,10.045958392406488,10.045958392406488
1.968879159421153,7.93221586556351,8.297517672000055,5.135942649501025,5.135942649501025
10.570064042615329,7.6899839427786,13.30615271711028,Inf,15.092120767353798
15.847331965244784,2.8179458804616964,15.456188966178381,Inf,22.814033621435446
11.293678349539185,0.05304803411002368,9.25961108432184,Inf,17.385248497033736
10.703011441831023,-1.9949123149648607,15.934674129850912,Inf,19.200216010580583
15.126260671733256,-0.8795919532424712,10.795812219996694,Inf,21.61826379722485
12.987456733184942,-0.883565574087875,12.283372462739166,Inf,19.575556915759353
13.998765704962395,-1.3275568811860268,13.378862827036365,Inf,20.777525651313606
13.995232279637449,-0.07058257400910861,11.683012818380387,Inf,20.174143440808802
14.451973023880242,5.200139433772648,7.488943789279521,Inf,17.689393889104664
12.927257655553944,6.965630601426653,11.640240714321362,Inf,17.360126983752345
11.827728885837658,7.35354763450615,17.25489362030561,Inf,18.666114238168955
11.777414676071565,6.890531182502961,12.154193986405119,Inf,16.707954624984364
14.504511697043306,4.4993344825723085,16.899657384476328,Inf,21.66362687178398
14.345975239143243,7.45361839922797,15.417577046323323,Inf,20.377267889894554
13.82445086777502,8.43135396516331,8.669708921641632,Inf,17.354480764530614
13.59517664932811,6.480081691954602,15.549229810439222,Inf,19.047694630456167
12.652152606518207,9.108251908747896,19.37122960168891,Inf,20.757143108335956
2.5850057154697197,4.889112864453562,19.610124501899037,14.683678330138747,14.610038936170394
7.906511782343621,-5.190501596050066,19.947791503313617,Inf,21.78110582935461
9.184210798166205,-6.665556544571611,17.85632586355159,Inf,23.294849640737517
7.111552175908152,-1.4112724290540157,17.980008289355133,Inf,18.041540878525012
9.015459277908526,0.04206927864423449,19.69894433786503,Inf,19.483291944474544
2.851656122181936,7.61936312511752,17.485826034223876,12.5198934245619,12.5198934245619
3.3879511913416067,8.252219436544141,17.61150020256261,12.94853753170239,12.94853753170239
15.676258890326793,-6.137622534859819,19.849601695048158,Inf,27.997832454132688
12.142445898198808,10.1374306953789,16.483030695783256,Inf,19.187301463644086
16.12739487696672,-0.4504498741098395,8.875437620652367,Inf,22.17506890995744
16.566649792218797,3.1307498014302837,18.135150769487723,Inf,24.125020247887022
16.51421667313361,8.777084081020519,13.339246865024883,Inf,21.134953913162907
17.09869973790353,6.1106193454099795,8.81684302631406,26.806438592770746,20.7045681879953
19.882694949749776,-12.818382639720198,9.15222527876341,41.37447719523949,41.37447719523949
18.297705554488658,-16.58682545352101,8.54364320317826,Inf,34.04627850586642
19.854026129276846,-17.78438173542458,8.985041938511884,Inf,36.05901485804717
19.153555581147486,-8.544249438626874,7.396148013498475,Inf,28.212865689249746
19.377797510814005,-3.418568509436195,7.024766607591751,Inf,25.71964533423617
19.45936272109318,-7.449191248272493,6.512911611069736,Inf,27.880906150451388
16.97519256064104,1.449025965971245,13.844959532102699,Inf,23.012038197991238
18.632817788007145,4.35641235159661,12.346854047250176,Inf,23.316384536432736
16.987594690839323,-8.768504010923346,13.510108919317773,Inf,29.533221813743925
19.647663436619986,-10.817948457533424,11.892619376574196,Inf,33.11682664658881
18.499524199417117,-10.83745062256341,18.571445109715114,Inf,33.6274767871355
17.361202902915984,-4.630847731264174,19.726117209438023,Inf,27.58481297774444
18.45069694923741,-13.421656463204403,14.394304286314622,Inf,34.49046877246179
18.101907779405984,-10.85900785824462,14.685037979455771,Inf,32.17752858327215
19.126780457383042,-1.751261049451447,18.163132562659356,Inf,27.55084201663412
19.260772076702466,-13.475126614996515,16.19763230639589,Inf,34.849124710140416
19.090763765488397,6.3350712633457995,10.777742008285145,Inf,23.615981232986663
19.382936672230144,9.075666746749693,9.776842340432506,Inf,23.94035149811047
18.308658708707235,10.024467827322702,8.89652293643925,Inf,21.974990517414497
17.77717441212726,8.948178367002768,13.028252791363826,Inf,23.193450731094725
18.13170265279399,7.766035638741336,17.346142870721607,Inf,25.968211678176484
16.7367983759152,14.560331424324403,-4.765259422641055,32.36161704019902,31.47338045353164
17.29949626918458,18.20222961739617,-14.715223874508139,36.30050915464285,36.30050915464285
14.912705696378843,17.45690554975252,-8.084903479470134,32.45951965829378,32.33073915940554
12.943001992136587,17.436338969969228,-9.397275971368364,31.013750503657107,31.013750503657107
5.658125337890311,15.766567115562829,-19.435576139440116,33.3667988170629,33.3667988170629
3.937435103619073,11.954242350498532,-16.516406737471662,Inf,28.88402172603618
2.0293625226309615,11.700265353025301,-14.41064151331899,Inf,22.766603348770147
5.32051622101136,10.386972767167777,-17.30774473693885,Inf,26.32064752805885
-0.5374916172341955,10.934105347424861,-11.213635944892095,Inf,18.614544334135108
2.744980483464616,14.617969151215163,-16.247372282578986,Inf,25.40549890499765
4.440081156026956,14.967767194286346,-19.7959985159818,Inf,29.353722949483014
5.132999485168071,14.646446404323648,-14.013741897130911,Inf,24.552712991397115
0.18670434193730046,12.509727934265811,-13.307732017333596,Inf,21.6008782701959
-0.5914392277505769,13.699404144759256,-9.549782559981166,Inf,17.956093678178313
2.4452229779982915,17.334245107137072,-9.905689711311991,Inf,20.210937509951368
-2.6280765336655776,16.759940108254042,-14.71369884117542,Inf,24.1833704198553
7.678841492279513,16.420929104646973,-12.70890260558633,26.31274890085047,26.31274890085047
12.97079463246228,12.451044760439757,-17.188104859761424,33.176562143857964,33.176562143857964
5.706818216002638,14.281778861457965,-19.461071135024703,Inf,29.788804390475924
7.965287129571095,10.468835662713289,-18.376537254171915,Inf,30.410157861408724
13.656297523708275,15.799325950559158,-17.76826386862104,Inf,33.2011984081186
14.526204320485476,11.621121403919314,-17.83157612953916,Inf,32.33242367961228
10.329614087936712,13.457594191934788,-18.09270393130995,Inf,30.390070868341102
16.053331431525635,11.839808585622514,-18.132407839022253,Inf,33.181757569487516
17.101018736088577,11.434429727402751,-17.223440754303656,Inf,33.11893477834993
14.439876611005488,12.539757881422247,-12.635625066955543,Inf,32.011049786366456
12.30990305973377,15.459396169822568,-14.095349782212221,Inf,31.241593856808997
11.514343255777852,14.60480332068773,-10.923516909361544,Inf,26.0466516074293
11.565025863448454,14.456428425386761,-11.618720749310887,Inf,26.56842587347105
13.141706908885347,11.401820726904404,-14.64857144027321,Inf,28.62034257209104
15.179435480782253,16.799346812531766,-12.470783706026918,Inf,28.338581213432228
10.603239500614727,14.95824075851408,-6.172012076105915,28.138924816697624,20.338220896737756
-0.17694642172159547,14.264457976224122,-7.287615314314682,16.527345108875878,15.974705093209831
1.7994221233160772,16.457944474749084,-9.252681754472647,20.074019855629622,19.14817767260142
5.643460217956324,16.575733238311592,-6.007034541489595,22.919450701251023,18.139463026298767
3.9947710314074136,16.119428628093587,-7.552494668946235,Inf,18.773273165769666
2.417238879802099,16.62153523845882,-5.230904474069762,Inf,16.241458037865574
13.794690877003347,10.6967690671331,-7.9161794281343845,Inf,23.740288458050244
11.017566681917952,16.920569734529394,-8.161562496593717,Inf,23.048301021789314
11.245626603329608,12.404024908273627,-7.021291755651591,Inf,20.69727945649541
11.73430394762013,15.866587715804869,-6.625681040246656,Inf,21.709469135425845
15.688397565015855,19.318944889220298,-10.950619688682073,Inf,34.68720645179398
14.196369684410698,19.04995229300063,-15.948896067147258,Inf,33.86405832283488
1.582971362682155,18.352314686547885,-17.761987679648385,Inf,27.868485967573598
-2.835586726245065,19.838171318221058,-18.157933588425188,Inf,28.754321653239636
17.056454593472964,19.738783983481724,-18.90092926661831,Inf,38.031680522079434
2.5981014450287354,17.733137196693036,-4.819021908217147,Inf,16.732106026368
-2.2514837552035587,17.76278278218608,-9.332064650034413,Inf,19.945834264970156
12.309707693164576,18.331020879538144,-6.644719020685921,Inf,24.1946487004872
7.873598091168983,18.017485324960433,-4.799710930152896,Inf,18.94659650291691
7.863243249419057,19.28036922549274,-9.567350724102823,Inf,23.131290732670738
8.053405345867432,18.96447190378236,-5.830068478547892,Inf,21.537289525531865
19.885182438825012,15.079850819161237,-8.616737080281256,34.62980563897714,34.62980563897714
18.367113099210314,14.51001351386872,-15.543357469077623,Inf,35.8700540776231
17.453372608776093,12.51180078761736,-10.781980671867899,Inf,28.58540271681503
19.92571929699391,17.459278346078165,-18.573090206479613,41.02620028068019,41.02620028068019
19.634934653925185,15.305564363822377,-10.441243044698423,Inf,34.50173738689779
19.101034076777125,19.324061306485333,-13.152654695398542,Inf,38.46946805035525
19.547249850695756,15.254870713227213,-17.298887719323925,Inf,35.95960314711229
19.033702844771412,17.218603744131904,-6.090184643867564,Inf,28.914032673844094
19.905313317168847,19.30225358685759,-5.344423625374128,Inf,29.675167092880404
-0.49558051930045366,17.755488913596118,11.781992909048498,13.224026724194715,11.808402144902628
-0.6020310664819384,13.377628883744599,14.059073833528608,9.192370249539028,9.192370249539028
-1.5542404016155587,12.214907309249874,-0.179692265885933,8.450067779296864,8.450067779296864
-2.469646225528585,10.391433660886644,18.26446142710835,13.272930763215571,13.272930763215571
-2.2341664752681822,12.997864236237469,1.4384445088988969,7.516385261018858,7.516385261018858
-2.227286552884138,17.363920878279714,8.177401156960258,9.469233008562401,9.469233008562401
-0.9130532233416204,14.261796779289917,4.273071477469461,7.141539394326755,7.141539394326755
-0.8119386508755682,19.718099293871404,-4.635145272065797,Inf,16.685506486183648
-2.6972247352184837,19.843038421615745,9.212618107683461,12.196601671570178,12.196601671570178
-2.0017361754356173,19.40218289948791,15.45617498995341,14.373202410104284,14.373202410104284
-2.52136010481129,18.894301512638535,16.977852582673414,15.125704197246764,15.125704197246764
-2.018867708102235,19.35965237049811,16.98953797109639,Inf,15.465273961607089
4.214938393388444,18.908695601815182,7.195674602332627,13.549579092677554,13.549579092677554
16.99230039644688,18.296517168237045,19.811651853640306,44.92686988035331,44.92686988035331
9.482594698099433,14.332006342764402,8.406038318055089,14.635338309305741,14.365291096699599
7.347479788769,15.71585177150429,8.575491896058711,13.456179300468746,13.456179300468746
-0.07459739883001859,14.234629008230577,18.947159312312664,14.182962913245543,14.182962913245543
0.9474191687029432,13.872493062910593,11.170963988015352,8.213722265617301,8.213722265617301
0.20341286706855755,15.138810575669474,-4.432805147982819,13.902363122742013,13.902363122742013
0.7416427927009721,13.801278414542459,9.193212882212478,7.243266167821679,7.243266167821679
0.693431636155939,15.253431670094947,-3.559088669221051,13.5200756621017,13.5200756621017
7.949946780827553,10.943185672541151,8.068952159147624,12.211062176659414,11.664452170612048
3.9744005304635976,10.4523864065718,5.955994659517092,7.466351786342906,7.466351786342906
1.58341376417291,15.442006082599598,1.6297734136539077,10.664427407732148,10.664427407732148
2.512090360731154,13.730712007989283,0.9726158184584754,9.977653047449328,9.977653047449328
5.785733321083988,11.48011083214655,-0.23760029892913082,11.940423762036016,11.940423762036016
4.608979784770952,12.68537912094574,-3.8792938924374987,14.25372030695058,14.25372030695058
4.565133037193306,14.666811086927247,16.912133066637026,15.045985225052256,14.495449844661675
2.5802207298046653,12.857789931853311,11.763042139503366,8.79906567983453,8.79906567983453
4.516789171761033,11.892711871873942,4.358752924379683,8.867441078721928,8.867441078721928
2.63796222229918,11.000312626760824,13.677287391708504,9.239840950462431,9.239840950462431
3.9548590482003405,11.464379330698378,6.324319321172538,7.7992648952991095,7.7992648952991095
2.9580028354915733,13.788106811049204,3.04218485099911,9.201319416121839,9.201319416121839
4.832852591235344,11.000609518460458,17.820311323296487,13.928357892684584,13.928357892684584
7.115574257902509,15.302210459128965,9.571643570347945,13.375534830850631,12.747257706013455
6.041140850348867,15.538607538797791,4.858480874868043,12.0086282906085,12.0086282906085
5.026943420191181,13.02623623068402,12.90086651232361,11.502668901948637,11.313056416793868
8.599442530716619,18.400729516299357,-0.46027483224316157,22.386743107171313,17.28645107173436
1.4518578337574084,16.78271359877079,10.31016528822521,11.290216428736215,10.505312126969873
0.30392002438840393,18.34439686548911,14.568014044779332,13.866329085166129,13.866329085166129
-0.04435540122169357,18.292895070531962,15.561055702434587,14.329453500435926,14.329453500435926
3.9459293972537353,16.783967967596887,13.57323609884088,13.034371703793855,13.034371703793855
5.653762547167609,16.94683616563823,15.302464181091352,15.190150245227944,15.01955334508942
6.697416293680689,18.173103394503855,4.948172869162395,14.725116929475467,14.725116929475467
2.531245891737875,18.025829140827447,9.03521662282703,11.833960114167624,11.833960114167624
8.48990306698072,18.33425743639203,2.8574928301644675,Inf,16.229534342461474
5.380639335882343,18.706333218879116,17.237141385196352,Inf,17.14781203000906
18.06720627653001,11.873656303290943,4.2885556822264626,25.83941597823933,22.002429490150227
10.106483128634103,11.75696439306451,3.4506024548422687,14.217747998451353,14.217747998451353
17.590476470211335,10.633880480879156,-0.1287465456941277,Inf,22.29539484662765
15.536977176149342,10.466074096105391,1.1406419105266536,Inf,20.071212396584443
18.99004381919032,10.568102752936337,9.985646474986964,Inf,23.475907615691444
9.778227130378248,10.592956491484522,8.098917913496642,14.072826786445118,13.388511841819005
17.378708128849837,10.208096567759426,9.088079089918459,Inf,21.15926810358799
16.996447245209076,11.1895542547039,13.095169997713718,Inf,22.453680657914596
14.340736282397508,11.092396867334784,7.517188598510856,Inf,18.014994247189502
19.22952885646255,10.805718559205665,11.233621237807316,Inf,24.032683057817184
19.19093842455034,10.812064661282577,19.200272552853832,Inf,27.053185729184158
17.29043645828682,16.170784653344434,18.51864571834347,Inf,42.49337876109324
18.559390333122423,15.396253839941458,-3.170088695563269,Inf,32.49323332074183
14.77371645325853,16.80853987029031,-2.8643227863016136,Inf,23.55475836097264
13.96098363197548,15.479513623071746,4.488890510183914,Inf,19.062661328493107
15.743432043656327,15.040587630402726,3.9360947678039864,Inf,20.340495510657114
15.06160448057068,12.04552792261616,-0.5834518056026567,Inf,20.613847614562637
10.178282664388483,12.269897513752198,4.460608779972006,14.101687428576788,14.101687428576788
12.865723404801074,14.677032249453802,-2.9475184980041007,Inf,20.167830569751786
13.892193719532251,15.965538825470844,7.441090074663521,Inf,19.435767145805958
9.680397559036784,16.396502790898268,6.2552763016447415,Inf,15.356539536614644
13.207610837945076,14.52102088540105,13.808251122836246,Inf,19.86813645584381
10.024197025307757,16.61221579550201,8.46315078034251,Inf,16.04011944804153
17.07506501374033,15.131163968237999,13.507232602942011,Inf,23.817192236286054
17.700572662543635,13.730115719167514,16.929986863146347,Inf,27.107288457188254
14.903517833383987,14.209082627484918,8.055044462270331,Inf,19.67754238971644
18.30720203035178,15.747614311601971,5.595915613296356,Inf,23.015876443297792
15.049131769722194,16.753637628059188,10.457758752368864,Inf,21.04316085618153
12.12169565255121,18.035877204500686,12.671296516965505,Inf,19.867224416943422
14.201554726519333,18.471902965888695,-2.5113812886994857,Inf,23.252669673998675
11.756375191257817,18.702553901029695,2.151698564863551,Inf,19.079776049518557
16.26500196229736,18.326980671804243,-3.71830408114322,Inf,25.61597656109143
15.1123860712202,18.169003231916093,2.9537075191853575,Inf,21.64370135188183
12.880420270220505,18.12059715079247,15.874601988631298,Inf,21.324721360642066
14.731615350340846,17.749988005053766,18.404577543623603,Inf,24.481468210236685
18.75215366780678,16.17463845305214,7.4677750378266055,Inf,23.991142150080968
19.86853544813095,15.985043554901054,2.4953285981951083,Inf,24.810873821987997
19.571943885307626,15.628361139971496,16.05413542439969,Inf,27.418348038081923
18.84611612125076,13.521441392035683,6.257644319887909,Inf,23.04187957678539
19.655395402796643,16.414169184449207,5.404791967561906,Inf,24.531940101585093
18.70461479414967,16.808294391249177,2.046668610136866,Inf,24.057715399018413
18.84219525530183,16.564132505214843,0.24388819892904934,Inf,25.395781039156674
19.4329813630251,17.914185870247188,3.0786994064543904,Inf,25.095016288796124
18.831269569811397,16.581851673450522,8.631780658519421,Inf,24.253575438492522
18.6438381990935,17.551423030471682,9.693049026755318,Inf,24.430715936426772
17.567430581739593,17.689373716325164,18.577710875914796,Inf,31.17778859509164
8.435835921199484,11.057179650359554,19.911808934113154,Inf,17.753819582657872
1.326724092848366,12.115164060385133,19.93313396278132,Inf,15.502560127580711
16.6326976571725,19.373195885545734,7.553607986982147,24.796176926822312,23.42534410002775
7.867780739500692,19.23586211291208,6.100091037772426,Inf,16.315355640589814
2.2641120171663687,19.42281661401033,-1.3263941989230403,Inf,15.39287386585119
4.535464164714771,19.366289374009526,18.439961864052528,18.21734070124782,18.0062804055051
3.3113705149919497,19.49065742658678,11.096185438001058,13.769661701152899,13.769661701152899
6.067443291053127,19.3243683573359,18.677958899830358,Inf,19.118173986635718
17.845875951228237,19.169331173976857,15.603356871835743,Inf,26.691288891057813
18.896997707437336,19.12769746012239,14.825457549707892,Inf,27.06008192703743
6.39195456232537,19.603153753469684,9.894552232050657,Inf,15.372205669751764
19.9646340456418,19.979279228963243,9.683172789205344,Inf,27.05230037553955
7.689889207294662,19.55501501303756,17.497390693430496,Inf,18.990209596979117
