14.0,-5.0,0.0,0.0,0.0
-9.168064641487845,1.8413045694827375,-2.598324250607156,24.296377432775405,24.296377432775405
8.01809148556221,-14.359004634890447,11.247665755595104,15.807725395533382,15.807725395533382
-4.5092430699597585,1.7646427183725848,-2.2241283484478735,28.970831202783604,28.970831202783604
-13.949933454071157,-13.36250275789829,-0.472278031151923,40.3756217905225,40.3756217905225
-10.955766221729535,-18.647102015941883,4.635077716660394,47.48833801761356,47.48833801761356
-18.78010640195197,-14.731460574711592,0.1731917672597838,45.43736531141681,45.43736531141681
-10.41245949518955,-7.6129640661000675,0.24109827609888157,34.24595201015557,34.24595201015557
-19.824569303568225,-7.528900927528133,-9.543678695219837,40.48759894477585,40.48759894477585
-8.481564936267594,0.14399776138832365,-3.8995462763649336,26.54255440852516,26.54255440852516
-14.954717139244673,-1.8437959420481036,-4.350882814143544,31.377110052250945,31.377110052250945
-10.826386653541986,-10.790913680773997,-16.77082810760386,40.26011262949937,40.26011262949937
-13.348470482327084,-11.150088699807554,1.454205717715233,39.00021755342065,39.00021755342065
-14.62154035766111,-4.330882882805582,1.2433118444581126,33.384527036516815,33.384527036516815
0.8565803203646709,-9.801658536334426,6.43132943498113,25.567527708312987,25.567527708312987
1.3396791907191457,-12.341575343274807,-4.6099455629366215,27.40936018315913,27.40936018315913
-1.1507869792150842,-14.787944999967602,-13.852081186279523,29.392151826515686,29.392151826515686
2.4982660882739722,-16.899439435715415,-4.556947503375097,32.11247165097089,32.11247165097089
2.3759864912116058,-6.471477898022133,-9.813190523537125,19.496981592758488,19.496981592758488
9.238939100386567,-5.679461849869858,-11.006504569705395,13.469421581035384,13.469421581035384
12.258240940070905,-7.294583951164855,-9.111107297666718,9.555685026275412,9.555685026275412
0.13078063103489512,-6.381983644494955,6.45210659537679,29.063438640431052,29.063438640431052
2.9041412389167043,1.2859755712975414,10.682157507023973,38.2494311459546,38.2494311459546
-8.914012019405115,-8.711149515736354,16.483245959403277,47.277678355959004,47.277678355959004
-11.78673771449791,-6.0085147925918925,13.405737806014237,50.59968945204454,50.59968945204454
-18.451507114055392,-11.157811319146065,14.24436791676954,59.063595543816,59.063595543816
-8.691692357140619,-14.224617517636675,15.261227686231365,41.62603398461236,41.62603398461236
2.1967832619535415,-16.859736571654373,19.945215608785006,26.56823946794315,26.56823946794315
-3.9343212309518734,1.682598953366572,11.759550123946639,40.160915647339436,40.160915647339436
-0.8742556489723015,-3.6129431261230067,11.95538271979683,34.04167405321535,34.04167405321535
-8.78564717143365,-0.3913653241955757,19.211712106283933,49.2917102138812,49.2917102138812
0.31513005809362227,-12.225663126143624,19.065284806018937,31.646579127284646,31.646579127284646
-19.118756362867614,9.727071325150767,-6.5182171623349205,37.58423442696933,37.58423442696933
-6.264376725303364,1.9708701818193042,-8.965434907287309,31.29554087399507,31.29554087399507
-17.014366192502948,18.89661036831977,-6.556696211315511,46.992230222596504,46.992230222596504
-7.27109082142344,7.098340920818423,-11.367173789887834,37.046434640255605,37.046434640255605
-18.431780732311562,17.874899304481673,-17.887262007094584,56.2576820688329,56.2576820688329
-14.53560310313076,9.100332444813255,-17.303617847549162,46.63926929967542,46.63926929967542
-12.3157977784643,3.3206140124363515,-16.20968999819339,40.83077747268767,40.83077747268767
4.33738782574272,11.884702276833305,-11.576347319475033,46.04336586712755,46.04336586712755
-0.994329622198098,5.244165551287907,-14.955285667364366,39.919123144300634,39.919123144300634
-0.5878185928111606,14.059002307913708,-18.392314905993395,49.38906338963299,49.38906338963299
6.714758514437314,18.65664813861428,-10.274702347852882,53.337570537858,53.337570537858
4.605568537001847,13.73301340065197,-16.001687988990696,50.846678780689665,50.846678780689665
1.71356911977049,9.855356793583674,14.549882022764521,46.129745582442055,46.129745582442055
1.7030891508805368,16.858194644074693,16.91977739391219,53.52273224956143,53.52273224956143
1.529504524898499,13.218518462539102,9.596880360156366,52.119483611472674,52.119483611472674
-12.175020758288646,9.26083621650367,7.8382300731199805,76.81339319772842,76.81339319772842
-13.824061110132195,13.521978451757526,-2.6287517472965476,45.17126672778955,45.17126672778955
-15.640170553681143,10.344591242842984,8.884157750450548,75.44559590859424,75.44559590859424
1.2919572509709987,4.649369686971639,1.7868748605081137,36.59078668750824,36.59078668750824
-6.756501766622645,12.304219512839168,17.482348638163117,55.42159092600602,55.42159092600602
-18.676073583183907,14.037965591709494,12.94814375297041,74.35053871167251,74.35053871167251
-2.178409864672588,15.619390209123537,16.028932829490344,53.24024295742807,53.24024295742807
-5.16522388366619,17.406431067526647,12.291351637249846,58.347501143798596,58.347501143798596
-3.0122416376581995,19.097220630306964,-1.9731004376345673,57.353575388084856,57.353575388084856
-5.598981367941347,18.970575125828624,-4.328790342945261,60.85450904155683,60.85450904155683
-14.240970320968787,17.847812792733365,9.881212777282258,67.74817987173537,67.74817987173537
-17.055783347682485,18.139969586485556,12.401462689575666,72.37690745680483,71.53766368723157
10.984382890919512,4.168170268436661,19.203201409674577,57.95960018288973,57.95960018288973
7.971299646830062,19.241396205955937,10.38354480188844,60.973331455713776,60.973331455713776
6.648232755233188,17.30991560303704,6.122975644974417,59.53628367804204,59.53628367804204
14.912199721054165,-5.708015719870376,-0.6035478102479459,1.3029445690166386,1.3029445690166386
19.255217860349873,-16.680772420055987,11.467365497687759,21.249992281974365,21.249992281974365
18.66237544098442,-7.540009663033409,6.2797028260345655,8.223385034418872,8.223385034418872
19.47660642297827,-13.282025719611319,13.342375154054707,17.362042534239,17.362042534239
15.453838678092637,4.0423648511618,-10.22522912484841,25.034424066404753,25.034424066404753
17.93346641678302,19.50823559139161,10.121355398261429,70.94251965201887,70.94251965201887
