14.0,-5.0,0.0,0.0,0.0
-9.168064641487845,1.8413045694827375,-2.598324250607156,24.296377432775405,24.296377432775405
8.01809148556221,-14.359004634890447,11.247665755595104,15.807725395533382,15.807725395533382
-4.5092430699597585,1.7646427183725848,-2.2241283484478735,22.168810384559137,21.45636183074329
-13.949933454071157,-13.36250275789829,-0.472278031151923,30.970219854269697,30.059759837222707
-10.955766221729535,-18.647102015941883,4.635077716660394,29.94275877608804,29.94275877608804
-18.78010640195197,-14.731460574711592,0.1731917672597838,45.43736531141681,35.726122927024136
-19.11703943043421,-17.110629333126475,-7.708831554143281,Inf,36.78267920952749
-14.098460303373832,-14.505747313995823,-11.664973795487557,Inf,33.228728159916294
-4.96465478699041,-16.75798852671719,-19.27704106344966,30.50788648328381,30.50788648328381
-8.294296894346953,-19.669130090049592,-10.19930331950933,29.69784034976683,29.56772624801433
-8.7122097625128,-18.888143332722098,-2.0950268213232164,27.436842856882613,27.436842856882613
-14.815911615123243,-19.774763022243953,-5.085717655545121,Inf,34.22050796953521
-18.057497559631052,-19.680269146730538,-8.266808466343738,Inf,37.28603720990354
-10.194600358525658,-18.961188672231913,-0.35019986754691246,28.518671965504574,28.518671965504574
-8.496263170552227,-17.039980142401774,-16.239942688250668,Inf,31.32022999545405
-18.54735337759701,-14.685838677233463,-19.238299979598352,Inf,40.42489564910531
-17.675867881371445,-17.87326507049756,1.7639444508680846,Inf,35.33282766503568
-14.471836943821037,-15.0913779877689,-5.666546881620711,Inf,31.34765847388553
-15.988917014612687,-17.15993970026542,0.7196251601189374,Inf,33.87103027284231
-17.35906470686711,-17.387417563773653,-0.34963763332581266,Inf,35.56594031283312
-11.54297126466533,-17.25496889748948,-9.769678997736486,30.935299915485643,30.935299915485643
-17.13838117565644,-15.633859578265596,-15.185681737371945,Inf,38.01507756239238
-10.125862574765891,-15.360766008416169,3.2422620125548463,27.23958020311266,27.23958020311266
-6.996110855885167,-19.866047318795232,-8.26243646429658,28.820742215218658,28.281259105242558
-6.696812822038121,-19.042716170792104,-1.6081717620474052,25.357721542796742,25.357721542796742
-6.803717297374359,-14.825773157442947,-15.814958559053558,29.505734661869184,29.505734661869184
-7.794810475761622,-18.948429849986425,-9.910711452607144,28.774703965465793,28.715100819466002
-4.724257253735615,-19.516834363351165,-4.350099031882149,24.720046492157444,24.720046492157444
-14.257179079139064,-13.79021633654733,-19.932187105353123,Inf,36.978200111932615
-14.519942880459347,-14.127619507747218,-4.32432833538738,31.080736122070743,31.080736122070743
-16.1917364650311,-14.234789639903607,-9.813751638034747,Inf,34.83528171313603
-12.194409451908426,-13.657892437992016,-6.069364518112952,29.327844147874853,28.833269484996542
-10.901101863465783,-14.112960182336591,-4.476282353500345,27.458676593885546,27.458676593885546
-13.84518315565436,-13.444331710671298,-15.168640269161129,Inf,35.35218342999182
-5.964941756639535,-13.590085957311029,-5.940151852475513,23.24042770641627,23.24042770641627
-9.482071784947346,-19.67423492899691,7.1251005763495385,30.070371744186463,30.070371744186463
-11.821400419102401,-19.33277230038488,6.452883124853166,Inf,32.069700901460614
-19.869738686351617,-19.69924808191322,6.61146161672815,Inf,39.13362433731929
-11.04388197116795,-19.882297473551134,10.012798808382854,Inf,32.07086695600782
-14.868052521165689,-14.477441674496863,10.258687584890396,Inf,34.039018475746474
-12.49066311431589,-15.765186993866012,9.978905526671493,Inf,31.58208535636333
-18.16677126802042,-15.884866251788194,5.438393408492601,Inf,35.44890598305269
-17.375844971438532,-15.520886066747224,7.822106612153441,Inf,35.24207235538852
-8.69236857338648,-15.46383014364661,9.775935207443538,27.76645247028587,27.76645247028587
-4.518277981943415,-17.05297054743881,7.784714777863016,24.863606590868685,24.697294549699134
-9.134151552333742,-17.708219203747262,9.055992192864075,29.023053724303068,29.023053724303068
-7.277285815031318,-19.56938158743845,10.245767227107095,28.65274371277958,28.65274371277958
-10.41245949518955,-7.6129640661000675,0.24109827609888157,27.392428515346587,27.392428515346587
-19.824569303568225,-7.528900927528133,-9.543678695219837,40.48759894477585,39.25807362021368
-19.937042936421108,0.9896713035472082,-17.187864843092466,Inf,43.8960324186193
-19.89926846915166,-7.832764851960299,-0.700090774384261,Inf,36.865388646292985
-8.481564936267594,0.14399776138832365,-3.8995462763649336,26.54255440852516,25.857220975792693
-14.954717139244673,-1.8437959420481036,-4.350882814143544,31.377110052250945,31.377110052250945
-10.826386653541986,-10.790913680773997,-16.77082810760386,31.431999268011303,31.431999268011303
-19.749367182682462,-4.44287402027066,-8.778146392522457,Inf,38.40167684944033
-14.736699925860846,-6.422781067170362,-5.657325134460001,Inf,32.16109868380562
-13.063668835934825,-10.07313036321591,-15.47078111334991,Inf,32.92416723788433
-14.103578820413825,-10.02334776038091,-7.798873412080445,Inf,32.253707478520155
-13.917604357414426,-4.981687201832452,-7.97620799584414,Inf,32.43960529166458
-17.395570714658042,-9.641088840529228,-11.338995878361295,Inf,36.1135092595751
-18.77143139516315,-7.48069822034422,-12.672846653111813,Inf,36.995305863733115
-19.711353759618007,-9.208479607943056,-8.543657896554526,Inf,37.91202787918303
-15.778268182154092,-4.995336027221251,-8.034477383600747,Inf,34.07933704716988
-14.433501934336004,-6.556778428639154,-15.67601025957317,Inf,33.242584532104445
-15.191108596225815,-5.022646437513192,-6.222844784177406,Inf,32.934596264377895
-12.709538270334546,-10.45231805427644,-8.094362152049523,31.430522742502898,30.98483159313678
-16.473499409941653,0.07755125904836291,-12.444745314644914,Inf,35.16030279473719
-17.390545035436986,-3.20233450556783,-17.870706414721376,Inf,37.59572049608449
-11.025281676124834,-0.22944102335818783,-7.451061538132144,28.778035520894893,28.778035520894893
-10.081773449766533,-9.843678527065407,-5.134987446719919,27.426338846520697,26.480086046911545
-8.98120112539658,-10.878897334536362,-11.62440511861857,29.454033655360504,28.924491143661314
-10.71889881954288,-12.15823431524881,-14.714981913853586,Inf,32.0734265819699
-8.47021069924871,-10.281496815267364,-14.869291229339296,29.171939560706637,29.171939560706637
-10.42861398978646,-2.643861519597131,-15.694710591945755,30.563567477026346,30.140628580552356
-6.784432413099584,-4.854978025028709,-16.670967839516074,28.73940045494772,28.31819262922528
-7.8648234974875475,-4.330301480224303,-16.39323667880017,28.962546554135617,28.65522202672683
-6.2080826224366525,-1.5076562424559299,-15.882946468817716,26.33777946207326,26.33777946207326
-4.7837103022953364,-7.9945418968431525,-19.131716554066884,28.511802397102564,28.010676679840493
-5.264282865089012,-8.003440783471838,-15.78756400082745,25.13328416011891,25.13328416011891
-9.906429734650413,-3.131201628967297,-14.927037762050794,29.55319434702432,29.546544772726158
-10.02079793897181,-5.623118572004522,-11.587900591361997,27.98412969236417,27.98412969236417
-10.577120981773502,0.0729375338025946,-8.656885212078675,28.152080194730793,28.152080194730793
-7.86985609721591,-5.620850737200351,-9.658727129452105,26.337425709260565,26.337425709260565
-5.71661383957073,-5.8176285396869964,-11.791475591272684,23.67074614001764,23.67074614001764
-7.751875885138038,-9.31515417725719,-10.031386485636045,26.376110957483498,26.376110957483498
-14.76839473160192,-6.621583843500618,-2.0291191693028665,Inf,31.520860963657142
-18.951347435120685,-12.371948772390882,-2.0967176538400594,Inf,35.86673777968412
-16.11038389932756,-0.16137793755659047,-3.612664883806154,Inf,31.592638175233283
-14.224979254886323,-10.995465281553436,-0.4701108260825215,30.962154709346482,30.962154709346482
-7.956544176498692,-5.0329184283577355,-0.5397573675284484,24.369402066137283,24.369402066137283
-13.564796936578976,-5.069004011262628,-1.4420924732651486,30.049895868025157,30.049895868025157
-12.609396522678695,-1.1669760359311425,-3.343988609370836,28.927633488462707,28.927633488462707
-13.223037244554456,-5.836809112152439,-2.564614787154021,30.068721063805693,30.068721063805693
-7.121148807172224,-6.950300228491004,-4.094433328240443,24.368953529557775,24.368953529557775
-7.358945092861946,1.0970517047974226,-16.485349417986413,28.275343493570205,28.275343493570205
-15.73969218788113,1.2091004981655402,-17.983885219874523,Inf,36.78974813231672
-9.417422107557352,0.4213336581582894,-18.1071849048542,30.490411100264108,30.490411100264108
-11.195704784849845,1.366860344851382,-16.210560461093753,40.080452290989754,31.446349444891403
-11.5227969340215,1.1182353950390294,-16.476677536209454,Inf,31.74555644629322
-13.060767449928106,1.813625936803902,-16.066014072974966,Inf,33.55310630108511
-10.667361064295582,0.9117154680763733,-1.4134763413330305,26.42143983868466,26.42143983868466
-13.348470482327084,-11.150088699807554,1.454205717715233,29.95574700881454,29.77048270527559
-14.62154035766111,-4.330882882805582,1.2433118444581126,31.304412074555632,31.304412074555632
-15.874722967756183,-11.069444444731529,0.25594264879406126,Inf,32.35317511471693
-15.98021541567709,-12.07706334571025,3.107136155228929,Inf,32.802402031407354
-16.579234278400854,-7.191904485724763,4.49442996769622,Inf,32.2472318701194
-17.722720792549662,-10.48028682055084,3.5073738676404957,Inf,34.674304887774504
-17.176583932527876,-8.576511597031349,9.170179495093134,Inf,34.12386296449304
-19.27905195891089,-5.360515729346611,1.791367816329739,Inf,34.91027252954482
-15.70994184315599,-9.575237899365812,7.054502946167986,Inf,32.97276105325062
-15.49535484023937,-5.6844387235844,1.7300039334251593,Inf,32.26939961563874
-15.289537280128993,-8.782530438050706,4.089622939555593,Inf,32.381379072355315
-15.792970799742934,-5.561191841238617,2.9866684549773908,31.21950345427861,31.21950345427861
-14.462434074813757,-6.59921789183052,4.281754203852799,30.03875921214631,30.03875921214631
-18.97820972698014,0.266818261496617,9.09303054033132,Inf,36.577177386463006
-14.697903951030629,1.6698504353954675,0.9156865473485709,30.85052048870649,30.85052048870649
-18.036446849391147,-2.7858239509248683,4.409884809347339,Inf,35.06155974008128
-14.568383909527487,-0.7298834108085757,9.163875478154722,Inf,31.921269606131677
-10.092528991446379,-8.4054659110389,9.774984256098769,27.01197996251017,27.01197996251017
-11.489394924381306,-8.653197200030416,10.338185057207056,28.53834832188761,28.53834832188761
-11.997822646464158,-12.589719532816206,4.839322018298873,28.4294469208812,28.4294469208812
-11.23778418607782,-11.837598292667693,0.7506267165484282,27.627080117150552,27.499046131681716
-7.778539779094018,-1.8002526573817335,0.4763268002201997,24.235702731280277,24.235702731280277
-6.392677630471715,-8.202840769446764,9.047988086012346,23.34629392901665,23.34629392901665
-7.670240321793216,-2.688807175230849,10.734013598120775,25.268113271851597,25.268113271851597
-11.838659060852859,-7.159422498723735,1.795017178798986,28.40061589944056,28.40061589944056
-12.151197147386847,-5.6203309589240735,10.881146995413769,29.382978159489735,29.382978159489735
-13.293632960436694,-6.331815213502363,9.495202255443331,29.84473628591213,29.84473628591213
-12.645513438633236,-6.920882921085543,11.158565068052297,30.069084031787874,30.069084031787874
-9.325610353492024,-5.237712483001742,8.355213309382368,25.57368969388646,25.57368969388646
-6.5709562903726315,-4.570884980061614,10.77306107717229,24.338834227094086,24.338834227094086
-11.175526229099484,-0.5763549518712736,6.428188234344248,28.288981240641004,28.061528408857157
-9.770050618716404,-0.39836641559683983,6.571142295289583,27.034398755809733,26.903532293315585
-6.072968974945798,-0.4225041403688934,10.32617990189106,24.50470894954792,24.50470894954792
-5.202200829532719,-6.253379870644418,10.96261698098126,23.383949831943447,23.383949831943447
-6.201616930292113,-3.624684457583072,5.001898635234117,22.138390989577267,21.22924406948788
0.8565803203646709,-9.801658536334426,6.43132943498113,17.323394797228787,15.941768677524982
1.3396791907191457,-12.341575343274807,-4.6099455629366215,16.53985714647676,16.53985714647676
-1.1507869792150842,-14.787944999967602,-13.852081186279523,23.590022013566383,23.590022013566383
-2.526393995827931,-12.529396564388255,-17.351955443223854,28.715117869864837,27.16282510469571
-1.8871824234209527,-19.871839800736346,-15.797376519128505,27.98284337708708,27.98284337708708
-1.902584599922701,-17.196526737668634,-17.193831236362378,28.006875736861467,27.77735518002416
-3.4380583966855127,-17.154722203295716,-15.17099614596411,27.135833844198494,27.135833844198494
-4.2893161903885435,-18.44506173759516,-8.837083843802942,25.170606923800054,25.170606923800054
-3.308701424747369,-15.330647305420415,-9.89998161841327,22.95197318885601,22.95197318885601
5.09044101112697,-10.572065887913826,-5.581740632300729,12.806515771995874,12.250430409307834
13.857552550089125,-11.729611508632685,-15.004711450988788,17.10299163045503,16.454358349203325
8.511831603009405,-11.815434086902137,-19.82859318449166,24.30395913057683,22.32528420124655
8.487378398788785,-17.0663730073587,-15.513620935394865,21.59692902333968,21.59692902333968
8.299610537205695,-11.83115919355365,-16.955660342821204,19.444480811131434,19.444480811131434
7.893728950775973,-13.296228288441165,-19.63506157183148,22.525123318956545,22.525123318956545
13.197683732739037,-17.159259112780738,-18.724329372728327,23.71752543451618,23.312359794531563
13.57086049968256,-18.755910263734652,-18.709013435528917,24.402497736530506,24.402497736530506
12.663787855949465,-13.3830695879419,-7.817032292267969,12.097108142140995,11.807030202172381
0.02849155038963147,-13.77963091842612,-8.607561742178182,19.519741461409602,19.307986680415375
6.438972592214434,-14.941025804872599,-12.8978459537774,18.356779861911555,18.356779861911555
6.958160421699404,-17.98694300167435,-13.909464649494296,21.33947830617577,21.33947830617577
6.378857041687212,-13.987277924511554,-13.412345484908101,18.365380019273367,18.365380019273367
11.725553110258382,-15.763456955167925,-7.91054693051267,14.310516203428712,14.092365056145287
6.475297352887228,-14.899130966459229,-9.017209572860994,16.358297818766147,16.358297818766147
10.427974126036208,-18.285960992234127,-12.56099817195369,18.75126750380716,18.75126750380716
7.027828555899713,-18.980575989444482,-12.872688959707475,21.222750009266534,21.222750009266534
9.95466013293905,-18.8195420549891,-12.558839618391104,19.464527306365657,19.464527306365657
6.092071909742003,-15.463724725029557,-8.908151109732279,16.798242269523563,16.798242269523563
4.984564038631618,-16.085954302368634,-9.640564934110758,18.00987203756686,18.00987203756686
3.045467465032445,-14.14081930520858,-6.465846816134979,16.341772389730927,16.341772389730927
11.88122383739892,-10.816021424170303,-6.879590269717273,9.25440867439963,9.25440867439963
6.990804460842419,-12.258963107702492,-5.147302254575337,11.776071291387161,11.776071291387161
13.935953881611347,-19.24898790007238,-13.94240857494224,20.673100134078982,20.136938487232484
13.141804778845191,-19.040084965066335,-13.676445721572597,19.965648277012775,19.833536210997018
13.783544648509896,-11.653623425354906,-8.424915760217626,10.747821540539757,10.747821540539757
6.430669221879235,-10.004444281541023,-18.040883385326836,21.187830418996814,21.187830418996814
3.160310011419611,-9.806116887684002,-5.563883112226922,13.40365943442243,13.40365943442243
2.4982660882739722,-16.899439435715415,-4.556947503375097,19.144251787195017,18.261858854367695
0.31363396023524004,-12.013404280196083,-3.0279764852529283,16.14203327436774,16.14203327436774
0.8525009098922354,-13.207661255752097,-1.4527666972994453,15.814967515850743,15.814967515850743
-4.3374862954516225,-19.412495013888773,-2.682826575510589,23.997202935449124,23.997202935449124
-3.5633629571223757,-12.521481044993097,-1.6395060496072134,19.56003781787996,19.56003781787996
0.2620913491498911,-16.857244193686718,-2.5236428158689677,19.163351041296142,19.163351041296142
0.1955060487270721,-16.4028787973852,7.246242968243628,20.07483523894065,20.000200506416547
-2.0874794185731176,-12.036439475524583,6.401801710566701,19.595996889717092,18.96456988038488
-1.0138967110786012,-17.834536937563996,3.2147596640051717,20.563256312462265,20.468512113174143
-0.9432708395125005,-18.18272343491075,0.017500622422844003,20.55323061032292,20.55323061032292
-4.153054498595701,-13.32759634626826,0.20942633404137823,20.2391296859883,20.2391296859883
0.3828876330135884,-17.320308788902075,5.560550132927055,19.83071112098611,19.590401946593396
1.4786590430990465,-16.716768026585022,-0.15521070411890037,18.050385470853946,18.050385470853946
2.064925053024666,-14.895624759733694,6.371848624589926,17.627012107362997,17.563496094694802
2.299167489292522,-16.939219549818443,6.791421511209357,18.803879086509404,18.803879086509404
-3.4983426748368807,-10.075548364064195,3.3138480846467466,19.43559973649291,19.282875016776103
-3.679354024772799,-11.454124586057866,-3.699085985660737,19.723879714336043,19.723879714336043
-4.38753526537627,-9.97787785622009,10.955689596791125,24.25171612342934,23.287264344635144
-2.514331598867674,-10.684663392069043,7.878409859318516,20.357610751353246,19.64245124841481
3.9629988184060316,-11.671892071909467,6.253203103766705,14.282321404301136,14.282321404301136
6.244841659535876,-19.734292006195027,2.545168196858853,18.576542398299242,18.576542398299242
3.7680042055507386,-18.76356244654298,-3.844289221108099,18.08978969320966,18.08978969320966
2.7159289550076977,-14.721291906622236,-0.770241766915241,15.911020016893628,15.911020016893628
11.319496592681205,-17.382610431115644,1.4711098479172158,13.45979486265233,13.45979486265233
12.796214482175223,-19.645963046419894,-2.2492658798607934,16.012063419425225,16.012063419425225
10.59780838043963,-15.48012475162908,0.6165866486200144,13.14794488536755,12.19174129792626
6.91567239703393,-15.542103347214713,-2.1679906450799713,13.284002485236975,13.284002485236975
7.2982128708399685,-16.188230937216588,-4.071090855240431,15.329878455713722,15.329878455713722
12.011480244140039,-12.903189658198455,7.0323443904624305,11.665387824241524,11.665387824241524
3.829617818482369,-14.961862721342136,3.3820989725775696,15.684328077630566,15.045638341880617
6.202591525051826,-19.041093029060725,3.7573778771062223,18.661903260326852,18.615957729835323
8.422438133226116,-19.72571413959247,7.046253235235646,20.197856297018557,19.374360325755397
5.541637421907623,-12.59913579175235,2.788939649578275,12.068168333839877,12.068168333839877
13.57299064920074,-18.089648799838773,7.734051179243629,16.335052084995286,16.330924444073432
13.562292538713663,-12.549824807493914,11.197006776533478,15.59520827465013,15.59520827465013
12.495130762165545,-15.738663308680367,10.865221938549343,16.186552886333757,16.186552886333757
4.84881388702788,-11.11087832832176,2.5736162081228358,11.619542006772038,11.58541363678631
4.974389295371104,-10.243853041645137,1.0144808058589838,10.654790924871971,10.601430065736814
3.755627256196526,-10.78689078010492,-1.1212545792344457,12.020475117282116,11.826452135679277
2.9229421301840652,-10.953853477620816,5.721553638779167,15.313205350239269,14.341752014600425
2.3759864912116058,-6.471477898022133,-9.813190523537125,15.314233057014714,15.314233057014714
9.238939100386567,-5.679461849869858,-11.006504569705395,13.469421581035384,12.583286458463384
-3.74663061177894,1.5734810657463711,-11.010964855036622,22.878716580236986,22.878716580236986
4.081914909850841,0.5723017590003394,-16.00334763629715,21.028908328440185,20.975891994836804
-0.334523092982284,-8.74655995405134,-16.24120328689586,22.651958089582767,22.651958089582767
-3.655603453938703,-9.642124599740276,-16.402354481494807,24.793165456731625,24.793165456731625
-1.0226635010898093,-5.192326119032211,-19.5370203868924,26.860320123674676,26.0276041548038
-0.8267448429976127,-6.123620546217348,-18.67539945658916,24.74382689288047,24.74382689288047
5.24136771922306,-3.1118824619835266,-18.31438449899928,21.900797634165592,21.25688288447701
2.397967614417844,-8.081242197892928,-19.523401334780985,23.802992164082816,23.802992164082816
1.1521599775342395,-2.13009343818171,-19.20239142046478,23.661194287543438,23.661194287543438
6.871113283058634,-8.242304978122146,-11.611131603359128,15.569788539429831,14.71239341070966
3.9054294817677437,-9.757521600571621,-10.049794011038262,15.507456069479787,15.507456069479787
6.47863826514677,-5.9116889483821655,-15.612629940303195,18.3639767074941,17.78414031781815
5.642618691115793,-3.9752259170722404,-10.70150640229925,13.871721400042885,13.809137575889025
-3.2339237065832904,-1.561797562008742,-13.5442816171558,22.553878587627445,22.553878587627445
6.350662234825933,-3.7393848258900597,-11.55531745584688,14.378708647596715,14.330752537970643
8.77366146147942,-6.425061307342537,-10.237623548768449,12.537738054523812,12.537738054523812
7.7306930868395725,0.36853406228351204,-12.541552517352441,16.327878329074377,16.327878329074377
12.117422992136156,-4.925243953369174,-14.316189558720582,15.276391544176203,14.6830259778351
11.970072603664601,-5.196351465945455,-17.700347936720966,18.402191416241916,18.06457214285156
12.552249066013353,-9.020523543323131,-18.150598210345976,18.763165909465478,18.763165909465478
12.793768022668608,-7.8332294344336795,-14.31822221177037,14.817906414769269,14.817906414769269
10.83982037748978,-1.3631127675867738,-10.42453200323938,12.65014130898138,12.65014130898138
12.98483334852304,1.202887145613964,-14.663657568267903,17.164128320433605,16.22933074993857
11.171573484198973,-0.10925531163324109,-11.405738173104316,14.844497912762694,14.091131209104681
12.258240940070905,-7.294583951164855,-9.111107297666718,9.555685026275412,9.555685026275412
0.13078063103489512,-6.381983644494955,6.45210659537679,16.398111719873267,16.398111719873267
-1.705998756344691,-6.923228706838929,6.773944342298961,17.98218721416822,17.98218721416822
-1.5783711142114782,-7.609053872213485,-5.671306364448716,18.627999053884267,18.627999053884267
-3.066363217793999,-8.591374942077268,4.479353151775154,19.56488212648248,18.594605498031672
10.609585172011428,-7.04087565294456,-9.565742740808707,11.284594257063002,11.284594257063002
7.657283306592049,-9.021033625456676,6.194451298253458,9.734988102526017,9.734988102526017
5.062932935207229,-9.192032557708929,3.322962756979866,10.676126308438706,10.676126308438706
11.043748736045007,-6.882047117083037,-0.3781027262846308,3.5248382314909055,3.5248382314909055
-0.09274148225135548,-9.508199217566533,11.176723671338323,18.96121444602246,18.96121444602246
-0.6204784556800007,-6.97907284257294,6.958363541441219,18.295040996466604,17.374250922825937
3.5648045443911442,-9.135550654378983,11.194902469731574,16.19765074940118,16.19765074940118
2.9041412389167043,1.2859755712975414,10.682157507023973,19.332410623785655,18.457908931491872
-3.925849273856514,-2.760300564059605,6.0078300028377285,20.70583311897195,19.716612133118236
-4.055820873707683,0.2928957845242941,7.5436468357553395,21.92909521969481,21.92909521969481
-4.256900900705434,-3.1890128623720315,3.385439994085484,20.064549313874124,19.1773851143045
6.969218994772845,-0.30280500017165934,-7.076480159172238,14.041492119258642,12.516525889351193
-3.6745950179238207,-1.726523531213921,10.081079784489457,22.338124653211068,22.338124653211068
0.20659057770608058,-3.0637130238711663,3.997032182891715,15.447316947519173,15.447316947519173
-0.31259959640204116,-4.128021570353972,5.238807275665263,15.97276456158691,15.97276456158691
-1.1511264555024852,-4.874443638278114,-2.2170521705024093,17.775403084312334,17.775403084312334
-1.1431545280339606,-5.571062417311881,9.546356883559195,19.588952803614788,19.588952803614788
-0.718070034256499,-0.9850584311862676,3.8434905890927418,17.43132854482527,17.43132854482527
-3.5142687788936833,-0.6087055826892396,-9.341725547549453,21.023439029468456,21.023439029468456
12.005701206488055,-0.7896876045270673,1.4848659781493723,4.889661043297553,4.889661043297553
1.0955908492636297,-3.7176725516129423,8.106537765733705,18.385856338908,17.54918174686035
10.46252774397712,-6.033257011014346,0.21660050401883524,3.6916454043262497,3.6916454043262497
4.269734227422745,-2.7966939315637163,-7.2222663757902605,12.99363838586002,12.6646051994472
8.936355949862538,-5.32130095778486,-1.7388692828380492,5.363524191682527,5.363524191682527
9.164362126706092,-5.189428275133343,-4.343122731674702,6.502460440129102,6.502460440129102
8.584081926347046,-5.05524555708404,-5.383150367272886,7.636329519394017,7.636329519394017
0.34913136587858773,-4.490359556288697,3.1333609684819024,15.27157734507124,14.40849939139657
3.219475889662064,-5.479174479995406,2.5098313657540317,11.309237898066767,11.309237898066767
8.63870308338469,-1.368126956468771,-1.355495697221187,6.615993879805419,6.615993879805419
11.654581727276863,-4.449318513426208,-8.689137243355303,9.016947543794569,9.016947543794569
3.8141848802572014,-3.746702695140918,8.204280937564839,16.563413064113966,16.563413064113966
4.115263165152683,0.6364459906438995,0.8906681216181589,12.929930977082982,12.049691819074194
6.06562159174052,0.7605892638804406,-1.6247035087753225,9.938732861085244,9.938732861085244
5.15310715590936,1.3444469041710079,-3.073379249304338,11.747664518424244,11.355040178120792
5.358687419488184,1.7044929583865027,-5.840735433315736,12.965550666449127,12.965550666449127
9.254427173860307,1.718573422233547,-6.472456984986339,11.456273688264284,11.456273688264284
8.88480154857124,1.1884680143109172,6.87494865261322,11.36758843632029,10.75367007476671
13.188428588426781,-3.736987447670181,3.9059571253911862,4.184537002921567,4.184537002921567
13.950060181022195,-8.57966872441299,-8.6362297946049,9.348849513564835,9.348849513564835
13.742958274178136,-4.911762889039544,0.8692948823477593,0.9107852815236613,0.9107852815236613
-8.914012019405115,-8.711149515736354,16.483245959403277,30.480419108662275,30.47588315473986
-11.78673771449791,-6.0085147925918925,13.405737806014237,30.4113906365057,30.355655821649812
-18.451507114055392,-11.157811319146065,14.24436791676954,52.728490635393214,36.882304719378894
-12.757948774892212,-12.982264229475673,12.747648949173502,46.565260747467036,32.123939163057116
-15.964645188195616,-15.378866898465242,13.957743068831078,49.104483467205206,36.155775619676064
-16.01595221101619,-7.922773255474569,12.399441992619664,Inf,33.50872632116224
-19.49637947477526,-11.571392281442865,13.567352081058303,Inf,37.65181000180681
-8.993693159568208,-8.793277078475716,13.912292975919094,28.300453914365498,28.300453914365498
-12.187772434319859,-18.381798022056508,13.11045867607077,Inf,33.41015971404734
-16.79334880790604,-17.166624945377524,17.88473918010944,Inf,38.93914202401193
-19.637439578791085,-9.953723156888694,15.90736066449493,Inf,38.49313191569457
-18.239674744805416,-17.27790155358857,15.405338318286823,Inf,52.40260779946656
-16.95397146382943,-15.050885022696292,19.308180325475803,Inf,39.166618383475004
-15.235007986869169,-19.67346467783866,15.388242339306359,Inf,37.35942618799602
-12.323550034162922,-18.273199072330833,16.583312359790256,Inf,35.32641058479778
-10.801630463431255,-18.684940776155116,15.589146280505126,Inf,34.11117217030237
-15.294748590361777,-15.968665767592833,15.960960670720937,Inf,36.76577465704102
-12.169761809454336,-15.092576565769136,18.443553722163315,Inf,34.16575541728351
-10.513316453651882,-13.499646375984327,17.543802625582998,Inf,31.8518831434575
-17.186683488882608,-2.280031814936798,14.667705814293235,Inf,36.51401937066965
-19.397704923949988,-3.7618543023561486,11.910144334846137,Inf,36.894299312613775
-14.880463001414546,-5.1658251554722145,19.682970400433135,Inf,37.306739750511795
-12.7571807341368,-3.1205239961418485,18.849295421291473,Inf,34.85566464024992
-14.717133210718538,1.242499811828523,18.63266355380815,Inf,39.818046967569316
-8.691692357140619,-14.224617517636675,15.261227686231365,29.929421855792405,29.748530425789085
2.1967832619535415,-16.859736571654373,19.945215608785006,26.56823946794315,26.56823946794315
-7.804902555455193,-15.097022388621903,12.964714231580707,28.82247595014855,28.65189466465943
-8.57369224384195,-18.73417436475873,19.634230305181177,Inf,34.123833032538805
10.04336327944312,-16.060671177981902,12.937836370740314,18.946844949049424,18.64521658028047
5.260702241003095,-18.29580759888195,13.991146166345338,21.342009250511623,21.342009250511623
2.715571516210005,-19.708967748524422,13.679687980638349,23.7231252872462,23.7231252872462
-7.09969943747808,-18.322753424341983,13.263523582720005,29.724374485067557,29.724374485067557
8.230175964101836,-19.697425614207464,12.441760615587839,21.282173396301182,21.137541126464356
7.234246208105581,-19.63968109622875,12.721768031102854,21.34604055693225,21.34604055693225
4.940796111707499,-19.53722812605423,17.54376303911784,24.52119693941131,24.52119693941131
-5.80702150670696,-18.355224925760627,19.70616773055624,Inf,31.999930229567614
13.41310821102092,-19.935472471689266,19.431529720955886,25.943213493119153,25.769742270366685
5.940027140164695,-18.616159981988638,18.900858788393286,24.808452403403898,24.808452403403898
-5.873826822559085,-15.06430252748391,16.866176279173224,28.792852289189547,28.792852289189547
-0.818846819690151,-14.911084941660002,15.698519665288188,24.733209514325928,24.733209514325928
-3.9343212309518734,1.682598953366572,11.759550123946639,26.266576320537098,25.427935938260177
-7.0784765616846546,-12.474665151719071,11.279533590278508,26.58844728397664,26.324449795139916
-0.8742556489723015,-3.6129431261230067,11.95538271979683,22.569254453885236,22.569254453885236
-8.78564717143365,-0.3913653241955757,19.211712106283933,49.2917102138812,33.01858146137542
-2.9867400371279196,-4.948654970285498,12.96952304940767,24.172743857003272,23.526498379029107
-1.0631601458269628,-11.231232046033064,12.133403694737517,21.157982794702022,21.157982794702022
-5.939755952005843,-8.743181629925969,18.689803548373447,28.512088717921756,28.512088717921756
-7.0754391562138785,-6.4623936004090865,19.490228610288526,30.951486682427294,30.951486682427294
-4.202596320719847,-3.1135026247311437,14.743933800171227,26.063336708258035,26.063336708258035
-5.829328575226178,-11.700244569166953,14.075270006523724,25.75202184691192,25.75202184691192
-2.2259189085764497,-1.4478601167594292,16.857264322286525,26.938670622878647,26.938670622878647
-5.7202198032852,-0.3112319619450865,14.199704734785556,27.149642342020886,27.149642342020886
0.31513005809362227,-12.225663126143624,19.065284806018937,25.2559120325831,25.2559120325831
12.258813308800136,-13.448361385989331,13.170020070922973,17.744432317419005,17.744432317419005
6.796078824237544,-12.414474608717256,12.052148205756751,16.559189735499185,16.559189735499185
3.233521126599179,-12.87905657832904,18.817318453222356,24.88417854269847,24.219162466043635
13.183417457760385,-14.032566908228103,19.305138586720687,24.19334428074788,23.84650344059994
8.820976632204427,-13.009037802637362,14.656182452413034,19.5607270048281,19.16150673872253
1.4628816870247263,-1.123784417069409,17.730523039972077,26.919480478710213,26.149744994045633
-0.6371809661596046,-5.511805711749691,16.147541131953396,23.635179865891693,23.377313366662072
11.343561196604142,-8.621537604094591,14.907375721322992,19.20405847693964,19.20405847693964
7.1259968189027205,-10.538685201021787,17.371788981954595,22.209500326344013,21.72011608307531
10.327328442255272,-8.888020291239487,16.517734916495712,21.126816592521728,21.126816592521728
2.5228356733276343,-8.560923137431669,14.496041046894106,19.506919667711102,19.506919667711102
3.542428173511702,-7.922966847613964,12.429804085292204,17.285975309088574,17.285975309088574
1.6122109852901545,-1.2152913437786594,14.118265204096474,22.90000934307323,22.90000934307323
7.1474432903251,-7.890121012297628,12.627471821883105,16.286526337034733,16.286526337034733
2.025132024126151,-1.1586860209011078,15.385514395051999,23.831045214540964,23.831045214540964
13.93255088630697,-3.445199960104837,16.99513817924462,19.39966789715757,19.39966789715757
9.326467442134785,-6.888739886813049,16.552205979687145,20.885922886809546,20.885922886809546
5.143959178103454,1.5376931803755127,18.775754273395016,24.231836779453925,24.231836779453925
0.6192138791309887,-3.506666733558916,19.58154260919538,26.925248985798692,26.185202939762775
1.4098147305802584,-0.35109236374662345,19.137901020953898,26.763061557606697,26.763061557606697
-19.118756362867614,9.727071325150767,-6.5182171623349205,37.58423442696933,37.58423442696933
-6.264376725303364,1.9708701818193042,-8.965434907287309,24.922327872501107,24.812752883940583
-17.014366192502948,18.89661036831977,-6.556696211315511,46.992230222596504,46.992230222596504
-7.27109082142344,7.098340920818423,-11.367173789887834,28.24852501341401,28.075774700499153
-18.431780732311562,17.874899304481673,-17.887262007094584,56.2576820688329,56.2576820688329
-19.988850022113105,11.907394739091739,-16.137415289431,Inf,42.8194799991918
-14.53560310313076,9.100332444813255,-17.303617847549162,46.63926929967542,37.84135967283383
-12.3157977784643,3.3206140124363515,-16.20968999819339,40.83077747268767,33.056353934494076
-13.688372244007683,4.102149976092512,-19.88392508373127,44.83012274282218,36.0626780977589
-16.333939556885355,3.136421062112902,-16.681860167421164,Inf,37.2508034756924
-16.043081401876016,4.313416618036978,-16.446017793416836,Inf,36.92082686748711
-12.634313427989996,7.406491896726386,-15.742549165831443,Inf,34.75806557298175
-16.301937101956216,8.676359314835935,-13.399281882599494,Inf,37.465971178472046
-11.31179329234933,4.103361619851633,-11.97097160816603,31.17190262562633,30.50594401003508
-6.5696629895592995,2.2244221234613093,-12.611214399791173,26.188404582466564,26.188404582466564
-10.473446394443702,1.8469783162954982,-12.094935230636459,29.697795923897957,28.90003093558809
-12.55470455057293,11.851477093368146,-15.614353018051386,Inf,36.527861273634485
-10.584737992942221,13.232471793104878,-17.52183009296422,Inf,37.54839669772504
-17.61780204431126,15.743444109140427,-17.654711797144643,Inf,43.231996372987844
-11.756588115466071,13.84523349165913,-16.19354316186059,Inf,37.50626178505878
-16.860069356921485,9.385347464857297,-16.0392854889039,Inf,39.43363345034733
-7.199032125985703,13.296963715350898,-19.750497364915283,Inf,35.99262019988359
-13.73561800190636,9.835493115923004,-12.718313541782118,Inf,35.397489444401
-18.223717182541126,15.827775956740844,-15.348935860173363,Inf,46.040502632860836
-8.75585707763915,16.902183133099967,-12.54654786441649,Inf,35.34559266172861
-6.306082530821602,12.938490400787487,-12.91743521356679,31.37908804637146,30.914087011988464
-8.693396972742748,12.808366449139761,-15.095881217377203,Inf,34.0793842695794
-13.38955363717262,13.347205304005179,-15.095880214874509,Inf,37.58299011358948
-10.768303190764508,2.850420637437665,-10.14672357086651,29.66093584499266,29.10023240759321
-17.66896861817638,1.9250431747202086,-11.235556726360691,Inf,35.92216030896652
-15.808872306568453,16.360705645509796,-10.234365124395248,Inf,45.877013963307775
-10.864327978602333,12.45579469866044,-11.29568800056215,Inf,34.312002093646555
-16.432139159363068,5.926037741465429,-7.344840888923327,Inf,33.88706269949916
-16.825082984895445,18.74096396830035,-6.834915867014724,Inf,41.36656871344646
-13.782037532511415,9.351700355397405,-8.482506053209944,Inf,33.61226375334867
-15.710705775888663,11.411314638415213,-7.443103835785427,Inf,35.5121409081805
-8.303625762162872,17.963991713021947,-8.242936285539804,Inf,34.14395978358452
-9.732015047254476,16.213831042007087,-8.018474164721914,Inf,33.947515501134525
-6.299745856054946,10.925388061161065,-6.8102827040068,28.006362129716408,27.34297466139666
-10.381100572563309,3.2875573610565496,-6.845672419602522,27.499385250603865,27.499385250603865
-14.26919449793763,19.19503940610131,-11.633561239163805,Inf,40.469973261338396
4.33738782574272,11.884702276833305,-11.576347319475033,24.333061509976147,24.244729729478845
-0.994329622198098,5.244165551287907,-14.955285667364366,25.1922982345178,25.18699556297993
6.488380388925805,8.288131683042135,-15.918064254898363,24.393383167687183,22.93194705504349
-0.6239951414205862,11.086702525480838,-17.671487309302094,30.248045867725555,28.954437889070068
-2.382541617145179,9.75725443908231,-19.056749238643373,31.446665291109298,30.39544811138093
-1.1845439128273512,6.47465185032366,-15.569239868475622,25.962950618243127,25.93332359590959
5.575811883730086,3.337856956476841,-18.740875575826237,23.531488384652075,23.531488384652075
-0.15223573755410058,3.362010122956292,-16.38911528854374,25.54027101535356,25.54027101535356
-5.551962383090121,11.209548436537453,-18.991038002923855,Inf,33.2273137418753
7.375572932461985,7.047014055595547,-16.665594236620713,22.660012464828004,22.660012464828004
13.630229536575783,2.3161385899295617,-17.923588132317843,20.328218509386623,19.49356497263029
11.031334854499804,8.105436237173222,-15.577948911295119,22.916627535915666,21.52560882491336
4.226950172551291,10.096813657833792,-13.325231630526257,23.660065233667158,23.430928779576128
-4.878719206465938,9.433272627520903,-10.07643213793318,27.496597710768246,26.65613428642201
-1.9306627250881903,6.556848312672912,-9.651202431121542,22.51540075720316,22.51540075720316
-0.40546553044131173,3.3323596978595127,-13.940532047747602,24.059522887782435,24.059522887782435
2.655300867476278,4.622760892306744,-10.735718654938813,19.643571678689053,19.273121302099383
2.3193510128230415,7.546055965300454,-12.519969392292953,22.045197590955944,22.045197590955944
-2.0450531781153636,3.733186097156789,-9.185753673205124,21.488337401977503,21.339326261310102
-1.9026741756040266,9.637629591978929,-13.273384318154902,27.7086578518023,26.81676033056664
-2.160685538139795,10.945405090708995,-10.682260228458507,26.265115765038693,26.265115765038693
5.600073938623844,4.199018324603323,-8.661531296261176,16.016796333683814,16.016796333683814
6.1384026298251015,4.172366905369831,-9.249299474433332,15.990099339233392,15.990099339233392
12.919403316473833,4.054121037175804,-10.425253355949291,15.29798700015558,15.29798700015558
13.223822424039867,8.874932463018432,-6.5279297913230305,16.231381786343725,16.231381786343725
12.876965578321958,7.498883494073418,-12.83954088579816,19.91389955604956,19.504764106546467
5.021378691154254,7.416775776991074,-14.415389141376744,22.191906644585426,22.191906644585426
10.500590681208244,4.51685144400928,-9.776544613788314,14.68339266212364,14.68339266212364
-0.5878185928111606,14.059002307913708,-18.392314905993395,31.283950050566517,31.283950050566517
2.709188774222735,19.702734180324867,-18.896803425579954,Inf,35.09132786681256
11.912816526740102,14.878615142157656,-19.252788788694957,29.73834718710814,29.73834718710814
6.714758514437314,18.65664813861428,-10.274702347852882,29.033041654759174,28.681824592439376
4.605568537001847,13.73301340065197,-16.001687988990696,28.19092818395984,28.19092818395984
-0.8040456264313534,12.983851728492596,-10.149503916494567,26.382460876163645,26.382460876163645
5.6645734923619955,12.931292834723095,-7.261617161105818,22.18596998660042,22.18596998660042
-5.737484594876179,17.589990232718698,-13.405282011040605,Inf,33.876153088712144
-3.1327182272177083,18.979444953251758,-13.992019620116745,Inf,33.874775680749345
-6.198813767093299,15.752682607097348,-16.754213615418536,Inf,34.999245066031406
-2.801906416816742,18.823713678266422,-11.692611578046588,Inf,32.58701222471738
-5.361378623178128,16.540093810519224,-11.652007727315876,Inf,32.355203921929686
-1.8374961552104878,15.927989935881406,-9.38120005103821,28.75844507863114,28.75844507863114
4.556044800221084,15.725227336636742,-13.238041970536756,28.435036725491592,28.435036725491592
4.181379898852917,15.569972606203457,-12.906070179640432,28.16566313348291,28.16566313348291
3.23600629552395,19.26128836627342,-10.048579339348418,29.516313787675482,29.516313787675482
2.8500156134881927,16.1228301064901,-8.49873422602112,26.22916490019991,26.22916490019991
-0.28197253255854804,17.20603259019063,-9.597275786975965,29.720507182018952,29.720507182018952
1.5477170631567176,19.432453311905718,-9.78132247044754,30.00998754623369,30.00998754623369
9.785890166890859,15.058597872383416,-15.001648520425874,28.362493409732927,28.362493409732927
7.979298836632278,12.94209031502119,-17.07907694606215,28.85744685229193,28.374945946097558
8.380790140037266,13.927049748097744,-18.11068044186044,29.364922102879937,29.364922102879937
7.602897731875366,12.922216023675674,-10.691256435595777,24.312754650050877,23.621148301134937
7.213837658170412,12.863227233579558,-16.366520878919772,28.37879801653241,28.37879801653241
10.448550973520057,12.66571457126723,-7.18175202159002,20.974760763937738,20.974760763937738
13.390538584032463,18.590239454282496,-10.900754381224225,26.955174836198477,26.955174836198477
11.999295097648172,16.234449339257104,-13.97322548437887,29.387846758417524,28.50371336062388
8.270774366208364,15.86699146024985,-17.513926855875262,31.34632595171213,31.34632595171213
11.709626408342075,17.273801350188045,-17.72622072519293,Inf,32.31919322818973
12.834811255002776,16.24363015730195,-9.897623319249105,24.343340234925776,24.343340234925776
1.71356911977049,9.855356793583674,14.549882022764521,25.33160715182701,25.33160715182701
1.7030891508805368,16.858194644074693,16.91977739391219,31.097219739932775,31.097219739932775
1.529504524898499,13.218518462539102,9.596880360156366,24.898697266460804,24.898697266460804
-12.175020758288646,9.26083621650367,7.8382300731199805,68.13093170260399,32.71262795381692
-13.824061110132195,13.521978451757526,-2.6287517472965476,45.17126672778955,34.83264407886618
-15.640170553681143,10.344591242842984,8.884157750450548,71.90925841794115,37.656305228085074
-19.960959103189442,2.8711589256842984,0.13013239733227877,39.58520089798314,36.04397126810479
-13.277122626555666,3.208028672427954,8.029354302039504,Inf,31.612396181351375
-14.861506085864109,3.0034893288366504,3.379261875024273,Inf,32.63289257909147
-17.627010568910386,1.8645747792014156,6.180790968863306,Inf,34.96377395257895
-13.533640132902729,8.153743076921629,2.1872298782288198,Inf,33.303093977459994
-15.05772730362632,8.103839770883727,1.9051873511157602,Inf,34.001483829380625
-15.836375047301727,11.873919789661294,-5.71595125107204,Inf,35.46285891067321
-16.182167410773822,12.460117761291507,4.731181365225847,Inf,37.852666137530036
-15.05889546616002,10.778778348275388,2.225432829710641,Inf,35.906453606870535
-13.63538614636517,10.296912037346495,8.71591713167411,Inf,34.70673295255205
-17.71866936487192,3.840766517275025,9.1174666568119,Inf,36.1345101006867
-17.063368762349185,14.454213241811331,3.3404824512343545,Inf,39.61968340520589
-16.612878195809778,15.799355737018999,-2.8114041139223716,Inf,38.376536512787716
-13.667941874662075,15.411782508125533,-2.02534664768865,Inf,36.24935642770368
-13.423670503978142,13.695051415342505,6.2246165615282045,Inf,35.74395676540345
-13.766165026190933,15.15643877932385,6.465588260015494,Inf,36.94223881202965
1.2919572509709987,4.649369686971639,1.7868748605081137,17.91769594713056,16.977862877437726
-1.6513108246294195,2.9047939083812935,-4.5405390478288865,18.46227416544507,18.46227416544507
-3.5727350026787796,2.204273745860334,4.640544643227599,21.626193026143177,21.626193026143177
-11.929425796415156,2.458080541719518,8.447117063909513,30.81252485694696,30.144808089850073
-4.652410212432967,2.302467645184283,-1.0275085833760933,22.051865728114706,22.051865728114706
-4.768642588393339,4.506405306877987,8.131086874344344,24.451705051946373,24.450875449846748
0.48246484602385564,4.532180913298305,6.432426561643403,18.9326253707293,18.9326253707293
0.3521081124660057,3.12871943214936,6.592150780336983,18.92924250195743,18.92924250195743
-3.3023313895529043,2.1696781378798065,6.691258823668392,21.590046230102498,21.590046230102498
-5.525727923367825,16.40261345791715,9.4093587289629,30.895927643567244,30.895927643567244
-12.0,8.0,0.0,31.555900570830605,31.406261727293
-12.035486539947557,15.461659646812535,-4.069986497094771,Inf,34.93703487660945
-3.9091544091913732,8.387328742146309,6.219214611933317,25.70676110745008,24.78018416056184
-7.098462923664446,7.684853972795203,-4.609266241178123,25.709698786407476,25.709698786407476
-1.850262261079525,5.714086283237265,-5.633100852508726,20.39018187043535,20.39018187043535
-10.14130295572901,5.65578701901698,-0.07366560239645992,28.973061136437305,28.442298607219115
-11.851524919887089,7.3429396108673295,-0.2845569862375825,30.8402651264943,30.8402651264943
-11.254356338386806,6.4204556742285845,1.128152448144597,30.250052078109267,30.12592248665721
-4.379282124890018,5.182387554728862,6.75857276732885,23.84848985556141,23.79205195943376
-0.3858914292597433,4.719846250334328,6.091726325562512,19.71703074683696,19.71703074683696
-3.3138252977533185,7.160699139190569,-2.8764144032273897,23.32498889486795,22.53017129168537
-2.0448128786721824,12.563833742416776,-0.4317887042805708,26.78872994530309,25.465245698580624
0.8240533138252033,10.916734890648385,-4.444060164777941,22.78991047943931,21.80978945858218
-9.432815572147062,9.563508373695822,-3.7883299387096585,28.816543014593314,28.816543014593314
-4.376742473575863,12.086318029341847,-2.1781164329876113,26.648832739025806,26.648832739025806
-3.26429168580308,11.73709652473736,-6.067722429383231,25.843317221766895,25.843317221766895
-9.759599306552671,15.937658257217102,-4.31279552332648,Inf,33.60331503851477
-11.754580494426277,11.874312107107912,-4.882594085794123,Inf,31.979124470037387
-0.44993739870235316,15.042435054510797,-4.05216953347046,26.69155437368115,25.80162576648728
0.8448011257488908,12.346180595228716,-3.3337360260862425,23.150270038398368,22.776760910363244
-4.73456768830836,9.683014149247438,0.36622930048958224,25.897345890803294,25.897345890803294
-5.941816291048649,16.286754849923504,9.334009880163663,31.134296468398794,31.134296468398794
-8.885015757952601,10.610750906840252,5.842605032893307,30.243208694606412,30.243208694606412
1.2090230209877646,16.334802031959008,7.681983638005363,27.38636842249799,27.38636842249799
-0.4311004558834064,11.675866616200288,0.4499135802056031,24.335039810381375,22.925749944655365
-2.1000176094001155,13.748711622635582,8.045821951917517,26.353030038635904,26.353030038635904
-2.5056626554386057,13.086204949998688,6.383341319444131,25.970524886557648,25.970524886557648
-3.553293857880135,9.70722012963914,8.168092914235547,25.47135433116111,25.47135433116111
-3.191633407635237,10.73431827246596,9.021094817276545,25.72358259704921,25.72358259704921
1.0491166700173622,12.158489435197424,3.3469072014289836,23.54625933707144,23.350974105773044
-0.19265957166746617,16.330261733068703,6.6280238223373615,27.595273950663046,27.595273950663046
-6.756501766622645,12.304219512839168,17.482348638163117,55.42159092600602,34.30218380920617
-18.676073583183907,14.037965591709494,12.94814375297041,74.35053871167251,74.35053871167251
-15.49652121483195,11.378847478397045,10.978956622795188,73.1690365296356,38.650591426745486
-19.321684645471436,6.6677229161943,10.902217548533429,Inf,39.66656902907673
-19.599012854903428,14.001519428259314,10.530960080471843,Inf,47.07440860401025
-14.717194330351706,4.060397989327491,10.255865533766144,Inf,34.242469863117506
-12.538013775532066,4.616139155811414,9.822471633048657,Inf,31.71842983078544
-16.597839786110047,6.596522768593598,19.53431160545363,83.03197884441862,83.03197884441862
-17.08584292744967,4.563708528824897,14.09145475640485,Inf,38.74226979838305
-19.27823729253232,2.4854830943041435,18.59105967989411,Inf,42.75651240884073
-18.076920317955096,4.003131316461086,12.963765086292263,Inf,37.89703768106701
-16.84333052791515,10.23246925679149,15.881742152223921,Inf,41.89824455359661
-19.167275812108173,4.912337464982713,11.055761601765663,Inf,38.64238254878645
-16.899231002362942,6.982819211293247,15.009659948873981,Inf,38.89675225377931
-15.637511077487218,2.1464475186779453,13.229171166290897,Inf,34.9160613718105
-12.660879940200234,4.5955633329767025,19.65407550277603,Inf,37.15101188281338
-7.690305437091984,7.423220805011887,19.533643655513714,Inf,33.889670689970586
-15.317730911380139,2.3271665439978584,11.127315390316319,Inf,34.182938653611856
-16.295395063893523,5.028876984667782,12.37568826440365,Inf,37.22379256879561
-8.010306567123795,9.403363939806255,17.843941104648984,Inf,33.34928078610365
-13.621178264549405,5.8833328101688664,13.286930566029305,Inf,36.248480445530205
-8.799140934668168,5.969928833658091,14.686689236800603,Inf,31.479305019391255
-15.019795257680117,11.466951303586256,14.663381805198014,Inf,39.78077112350023
-11.358823949329171,14.621292934111281,19.956119651871617,Inf,59.80859581304805
-8.238516055898115,16.461446696279907,19.310967731903837,Inf,38.40545038455471
-13.77169150144506,15.449840651092543,13.158264732366796,Inf,39.88828392333522
-14.531953786729979,15.448327414947734,15.265120663587638,Inf,41.413030782812896
-2.178409864672588,15.619390209123537,16.028932829490344,31.462417957930704,31.260274256290664
-0.7254226677190161,3.0696021285368857,16.789889451805863,26.657671530903666,25.477220719012443
0.0455950483473373,14.205784396575574,13.326584325002912,27.687876040543692,27.687876040543692
-3.8806247118168535,6.387196499955721,13.28526007617512,26.49850630648214,26.49850630648214
-3.574219170598411,5.663168361517439,10.290748476123106,24.644233359247256,24.644233359247256
-4.558439481603971,4.536419910055017,13.888413998623783,27.206370516226258,27.206370516226258
-1.3062753178398339,2.3390364641307286,13.030090752119577,23.3924135012384,23.3924135012384
-1.2451686788446708,13.513600371930615,15.852231310199862,30.213511401805093,29.69290783787562
-0.6153257863401791,12.804070218569102,13.364462886428647,27.159007077607914,27.159007077607914
-1.1858234134118746,12.172397161774242,10.791814122239298,25.951999005553297,25.951999005553297
0.023991268603566596,14.620730370045585,10.716482101111247,27.014984452546834,27.014984452546834
1.1235862673017678,12.92606102164953,13.510184596267614,26.31039615374757,26.31039615374757
0.6524844693696323,8.854192730260486,9.837352170876201,22.204306060536396,22.204306060536396
0.3487153178455742,13.252263568282423,16.485563845737303,29.331584150071613,29.331584150071613
-6.2159792546274595,9.761365078107069,17.59466895796389,Inf,32.449128067680704
-4.038803642885789,11.316814901737313,17.97816020715529,Inf,31.91746453732367
-0.2466878731923856,8.266892427778465,18.389048280484403,27.962129556077677,27.105607293728053
-2.9586712238010016,3.1059301000854163,18.790047365094125,29.33285744242681,28.40152730062121
-1.2578267064363402,15.654134686713391,19.919835190596864,Inf,33.67226646059816
-1.6449170477179642,16.063266505892116,9.994699727431655,28.566264961739826,28.566264961739826
-5.502446062558137,15.63428340238724,13.841465727228822,Inf,32.19859066461305
-5.16522388366619,17.406431067526647,12.291351637249846,58.347501143798596,32.69583706619429
-3.0122416376581995,19.097220630306964,-1.9731004376345673,31.043599477775743,31.043599477775743
-5.598981367941347,18.970575125828624,-4.328790342945261,60.85450904155683,32.4451648100744
-14.240970320968787,17.847812792733365,9.881212777282258,67.74817987173537,39.5967010039764
-3.545501939315354,17.22105559513419,3.836317307336383,31.54033977743468,29.94104708416355
-4.9142792674340185,16.991402712195068,-2.1966922232074104,31.44327471654818,30.636120965364675
-14.166229837334798,18.094101245023246,4.3631532537554385,Inf,39.52116816870644
-9.421591141323677,17.584686463436306,-0.012957228071101667,Inf,34.418676231668236
-8.829197571044114,18.754952556139877,3.679139950020513,Inf,34.883128226626475
-7.423986748019971,17.767296397443353,1.927853157179893,Inf,32.31671799208016
-14.27142557642493,18.429267291421716,5.013392619252166,Inf,39.77369674168147
-18.906203120570375,17.66125433344085,10.685513850238621,72.48591153880675,72.48591153880675
-15.776627104091645,18.00969998790316,11.252503668920149,Inf,41.661861513234754
-8.784329804054751,19.034377600081818,0.9663375345340341,Inf,35.457348427166
0.201074007899269,19.088372181798682,1.428707015749957,30.937717844073706,30.12979073530484
0.5909521156427644,19.396395257423066,6.9019578223472,30.605654833386993,30.605654833386993
-2.3040843828471402,19.271198510479394,-5.032674473854426,30.97104207577443,30.944995493608058
-17.055783347682485,18.139969586485556,12.401462689575666,72.37690745680483,71.53766368723157
-17.904411779583906,17.421940364984742,13.426420381947317,Inf,50.14809279139918
-4.427830523157255,16.87131129529628,14.785251982290141,Inf,32.91194406660652
0.666497991950461,18.029211412246724,16.667690892118117,Inf,32.088601060328315
-4.854599697113704,18.960688628832436,14.631185044753543,Inf,34.57067579159395
10.984382890919512,4.168170268436661,19.203201409674577,23.663822471361634,23.30947700331674
11.163219386818,1.8496397749840376,-4.337556392779085,8.589486873783981,8.589486873783981
7.688927686477083,2.895025662562336,4.389920318513482,11.265473634975647,11.265473634975647
6.505690495949956,2.8733612513124456,13.038856741275936,18.186151154832153,18.186151154832153
7.554595465485416,3.5764503401468772,6.519795471179393,12.903774710403344,12.903774710403344
5.697055736982222,3.1578252592011147,-3.3317920433151116,12.904661462942009,12.364322316551881
4.988432258556443,3.8371212356885636,-0.7013191299501464,13.326656199081764,13.00716222508596
1.806814819417255,3.2789313634154453,17.0216879772694,24.359226919290833,24.054309880304913
7.971299646830062,19.241396205955937,10.38354480188844,29.156286510122527,28.90943184565345
6.648232755233188,17.30991560303704,6.122975644974417,26.120690474442746,26.120690474442746
2.6303513624674153,14.982604395798518,-5.484797734246882,24.417790131304315,24.417790131304315
5.1241362290302135,7.790914338825257,8.807526794391059,18.341003871379662,18.27988422411587
2.221614974145531,8.429670046420014,6.527198078296756,19.333419654419117,19.333419654419117
2.0952822506950426,9.220460844866807,2.13540886054772,20.005200256608575,20.005200256608575
2.081256053192675,9.3469626166622,-3.3755294932377637,19.532400270043926,19.532400270043926
2.2522767390546576,7.901076131049631,-5.96388432441584,19.12332004922517,19.12332004922517
4.860998120851676,6.356048912060608,0.688322260743746,16.11209293413202,15.454044540285823
6.5517242557590905,10.330052400298406,-4.434506205985249,18.24312271245389,18.24312271245389
6.403606833932109,10.806851654029295,7.328519335305881,19.802709979058683,19.802709979058683
3.08419977987775,13.204953973864548,-1.5180925011717221,22.945735375034623,22.920899800493665
1.7605938070319027,6.043642919790784,9.346603509234576,19.609791550292115,19.609791550292115
4.247511890111237,16.309122186830507,-0.9166330632448734,24.84651914523512,24.84651914523512
13.5756343326008,16.46307845948251,10.09112260529826,25.968683022346163,25.296120283716697
10.191021274975736,7.703426562166484,-2.1510671284996192,14.913466967148509,14.304864761664483
10.431139510221243,12.250977398151157,-2.723382017161555,19.50317498667943,18.713383993991524
9.240872339852054,12.57428756750663,-3.2190053432724213,19.38113917926958,19.38113917926958
8.018286885598613,4.865670938630586,-3.0299288125722086,13.138875217927716,13.100504556271659
9.145823782931394,14.302960141876966,-3.1093083230627343,21.042040721370455,21.042040721370455
7.741854410764635,11.158172227872633,1.1480661348357657,20.28170375707414,19.019838102091324
7.469667229992645,12.008383184982982,2.2225088267914046,21.626632092421183,20.204794824173725
7.00841719536281,6.427816461683289,9.358136041065777,17.399548367540135,16.96391961575619
7.239358608275506,13.098887954412803,1.9242128960173233,21.682616682909824,21.0305654646644
13.897121027392075,5.558026515219126,3.013890420256054,11.687370895114814,11.365993482685026
10.294731625562221,16.295090398386847,2.9105663898127965,23.2554873592203,23.23887574172913
9.502477946860814,8.960148573216735,-2.0462916208045527,15.7416737380989,15.7416737380989
11.559957736089316,6.616930780579846,-0.9927354108795399,12.712396612580516,12.712396612580516
11.222291560657112,11.30124090612437,0.8402352111205431,17.753880630151667,17.753880630151667
10.866736886322002,12.617143195163479,3.855049408129176,19.415365770009423,19.06780545359485
13.230522276567655,6.589552883165119,3.1684895919939926,12.556992084931387,12.556992084931387
11.06360927358179,16.75857679102282,7.998743003419477,25.676365344363152,25.277142597681017
7.200012639734908,19.34454579957459,-0.47410013610650736,26.966388643906377,26.84238758848458
6.770301588436418,19.419157565488298,-3.406008093118416,26.6606264658489,26.6606264658489
8.564369823530676,16.651890146661955,7.1157460976250135,25.090946793600022,25.090946793600022
7.896567499806302,19.70945141234484,1.804996589370802,27.373095257230794,26.847241337986894
12.052911746367421,19.046258929105434,8.707593199334998,27.209532614621185,27.209532614621185
6.6607136551212776,15.261511409342901,14.23151072010127,27.69998311073917,27.69998311073917
3.5610176903576196,14.439084453728086,11.480616436031148,25.674960080334866,25.674960080334866
4.1924778945001435,11.712132527501915,11.293677704067182,23.076495997990307,23.076495997990307
5.454873665810986,14.012030553211083,15.167168182370688,27.078321807550736,27.078321807550736
5.106272858874412,6.045297021225593,12.904730709565698,19.982943258706648,19.982943258706648
3.63095946537225,4.551981034609192,13.234015535269194,19.661745517363762,19.661745517363762
4.509311185246894,12.659836921085201,18.48692453916867,28.658736552571618,28.426832800264954
4.519783367949344,11.366813162951146,15.866599728720871,25.504826260580632,25.504826260580632
3.0298444628902033,10.660887698112795,19.14091828353719,28.01446040293127,28.01446040293127
6.568968619423067,8.16381562696207,17.14850025207913,24.88556018904012,24.88556018904012
5.002295479638068,15.857705800638726,17.99330826565965,30.996510641030348,30.483965932226596
7.112411183521779,8.192482245978923,19.912547538078798,27.055202166474757,26.898715835721568
9.95418195612519,5.17254826631909,15.872832473272098,21.265991497449726,21.265991497449726
10.935805059606352,7.273624919067558,11.388963617693697,20.136829294005803,19.216924781690913
11.205070495412947,5.8969573489629745,12.774152751447346,19.264051492645663,19.264051492645663
9.85248722956733,7.830436027781957,16.083894062823354,24.835400502561335,23.001826184848092
7.933757466481239,5.656091993902692,16.737770643467904,23.030212437878465,23.030212437878465
13.194965528632281,14.06640501567913,10.71715478017964,23.76008332213645,23.76008332213645
13.125708375683203,19.602746293727044,13.378185228552233,29.527340346976313,29.527340346976313
7.504548101253292,16.20104435255488,18.2055320099088,31.34734997020267,31.34734997020267
10.756068834859676,13.211640271194568,14.472875077740063,25.910417242730034,25.910417242730034
8.268427965799894,15.931366212859508,18.328803482546796,31.24459479453473,31.24459479453473
13.232190568976591,15.793687244959287,19.370399944078557,31.14706773298468,30.68200319571779
13.877366952437455,11.55409997029387,19.377904943478974,27.008108582489367,27.008108582489367
14.912199721054165,-5.708015719870376,-0.6035478102479459,1.3029445690166386,1.3029445690166386
19.255217860349873,-16.680772420055987,11.467365497687759,17.635815935952266,17.635815935952266
18.66237544098442,-7.540009663033409,6.2797028260345655,8.223385034418872,8.223385034418872
17.17928163198168,-15.751575421915325,-10.665250952813077,15.74000801637154,15.74000801637154
15.295668959129472,-19.737949051305847,-8.94922717305283,17.315126933158233,17.315126933158233
17.604962076179888,-19.499363471948598,-10.162090745214298,20.30220123716085,19.54530554784734
14.41719265850108,-19.871246941901006,-14.777936132519134,21.483034338760078,21.405465379878823
15.156801929677144,-17.830478979279594,-12.588831801588771,18.322620342746788,18.322620342746788
18.272930006979195,-17.787238726326304,-14.927139994005652,20.540302733596825,20.540302733596825
18.414232582609174,-19.32774187454047,-15.196208207844366,21.64285851373787,21.64285851373787
18.628826220446008,-19.810123561364836,11.175023891243569,20.84060433255676,20.20227807417819
14.672502931051177,-16.39748185901862,-4.487682970436584,12.483293961966009,12.483293961966009
18.655363764288488,-16.68576228189921,-6.684728294886293,15.49368179553641,15.043966402271103
16.748974286356805,-11.97513503549021,4.110327753725407,8.550097229471678,8.550097229471678
18.0192984898695,-10.651321886934095,-9.235355208970972,12.404508733431225,11.775642186928167
15.187787990549523,-8.843489875473,-14.226195973318108,15.650394834223771,15.080279841971652
16.713606798506703,-10.763854668292643,2.0487856631135344,6.69202549214214,6.69202549214214
14.097432144820779,-8.992602391359226,-4.991783513511594,6.392829539734181,6.392829539734181
14.15955326159552,-10.33678325292974,-12.520838901472224,14.041185981267276,13.617517541215767
16.805808089324366,-14.987333815022295,-1.8302656367233006,10.852621714825768,10.852621714825768
14.266365329616065,-12.10872239126421,-3.9640994016225477,8.143645902839028,8.143645902839028
17.23733087521026,-12.787384975831921,-10.503374565691663,13.784512354018771,13.784512354018771
17.791150326488392,-11.69627171789009,-9.967202032433446,12.799123430281217,12.799123430281217
14.710011680565515,-9.357080500497146,1.7355302338938756,4.743451514152079,4.743451514152079
15.829762916971177,-7.942724221491462,-16.292160538080502,17.602012181142904,17.257847947262427
16.333030651575285,-8.830854764656468,-7.530078251301822,8.764733807698308,8.764733807698308
14.569364499658107,-14.592576809880624,7.639661633276241,13.454982334949902,12.635787721906915
14.078527553623147,-13.266608010203669,7.142408489611213,11.44550418657127,11.44550418657127
19.607211796355514,-5.885729027577202,-12.16215923648952,15.954451887208258,14.105251431673938
18.688705196906966,-8.704774838280152,-10.174704867774649,12.3191699239935,12.308622724116992
18.928476536258465,-19.47268783139471,2.74103226368166,16.47717097226958,15.70471811831957
18.887154696794283,-7.151287488047426,-7.284970641226316,9.032337246258976,9.032337246258976
19.274936480351656,-14.405899473017811,5.385216787606435,12.255897592326553,12.255897592326553
19.922823608031322,-8.693081788569641,4.818425120188401,8.48150418426947,8.48150418426947
19.56979065377535,-6.59097230703054,-10.163069274313887,12.042884819977417,12.042884819977417
19.576759623944746,-10.593199398216209,0.006344466243017877,7.89836487278971,7.89836487278971
19.47660642297827,-13.282025719611319,13.342375154054707,17.362042534239,17.362042534239
17.039131453600717,-15.375556412865032,19.653189493920095,24.443746610391017,23.998862670395216
17.737988119804555,-19.657389053786332,14.276102096571933,22.00058786031519,22.00058786031519
15.515917720818763,-18.41672746159759,19.109177337945383,24.763380715807127,24.763380715807127
14.789672249259993,-16.001055014059293,19.39154140014955,24.01793244720296,24.01793244720296
17.545435192240653,-12.012121442939705,15.90086770505819,18.972694118858403,18.972694118858403
18.575709367984736,-12.645125672401383,15.297020764291922,19.606568460899606,19.259723384158356
17.387295656378242,-10.692917456488757,13.93255359913774,16.597916720819534,16.597916720819534
14.508046474784955,-14.793442111987503,13.585433601784736,18.08088522115434,18.08088522115434
15.538348365339573,-13.522749434713308,11.915902489429271,16.443796914890534,16.443796914890534
15.520873638536266,-9.992688142594632,18.95506986922578,22.001574919116408,22.001574919116408
19.779122414144943,-17.71654213312896,16.13678248802961,22.447338554593856,22.447338554593856
19.484652227519852,-10.742763987702935,18.9843667857065,22.068036073738167,22.068036073738167
15.453838678092637,4.0423648511618,-10.22522912484841,14.871834296202412,14.871834296202412
19.309375228999563,8.947782116071554,-10.543875848276087,21.101554930705056,20.8361360372137
16.2729503138505,-0.3988990529185088,-10.752517004760973,12.217752208044804,12.217752208044804
14.584806130536009,-5.232146736973666,-11.556140354738087,13.511028184351131,12.54633978568082
17.02834340172457,-2.2612552255424134,-15.363749507421627,16.27463337343716,16.116902842825823
17.862405869610797,15.150399635849155,-14.728418950965754,29.0112891552948,28.722354455815896
19.299505399799834,4.026196376311848,-16.67490912106701,19.841429871020093,19.841429871020093
19.125426175493928,4.709913279710392,-14.779492918696562,18.649854405397598,18.649854405397598
16.69880203829174,0.16589288266914082,-16.10626320124937,17.489975017343134,17.347946902976346
17.579582766102952,13.586048782073767,-15.524266036372643,27.690324542480404,27.690324542480404
14.311718594078606,7.316871313304311,-19.54859959269178,24.694268343035226,24.694268343035226
18.33312999728321,0.9877376781694558,-10.712565971163714,13.0800950533894,13.0800950533894
19.32131319781992,8.72390650416979,-18.565906393729694,24.905502018082302,24.1713976983035
19.345588020812357,12.459165245548398,-10.74911041748896,24.486144323201366,23.42666415990788
17.93346641678302,19.50823559139161,10.121355398261429,29.35801994398468,28.508985629427908
15.488400465055435,4.31186916574778,11.818503285137556,15.502138479497868,15.502138479497868
16.05974957330335,-4.3592959027776335,0.4448361581490623,2.202487060692452,2.202487060692452
15.0619711681314,-3.842464706467119,-9.903780756736564,10.789621802322403,10.610405648286442
14.595022625505962,-3.2979181638361794,-9.697917660681128,9.864113820065832,9.864113820065832
14.231282554134879,-2.246617299672124,-9.513349718834911,9.906484279862774,9.906484279862774
16.692372010839435,-2.1313668215675285,-6.3750219598246005,7.491250118998901,7.491250118998901
16.628421680308065,-2.936764646336975,-5.917009372731128,6.795332263481049,6.795332263481049
16.714292843843936,1.6018183855347523,15.89774872481236,17.99148444587768,17.99148444587768
15.550328582226001,0.7596233153437559,19.38207479490022,20.833235356534345,20.833235356534345
16.49981202441846,-2.226446484688278,1.227618397328321,3.930484218157362,3.930484218157362
16.22459206379554,-0.8960557442648138,12.634673431753924,13.853025506795365,13.853025506795365
14.894328282947654,-1.2395078105516362,16.24722686342841,17.718009768752392,17.718009768752392
14.02245058470929,-3.637156790716354,1.5332652340090291,2.0515233168709295,2.0515233168709295
16.42995991902235,-0.07350118209736678,5.705006909815946,7.9197348220694135,7.9197348220694135
15.361576617705794,2.356446851989091,10.621252124793735,13.50682327140371,13.50682327140371
16.99622190281194,1.6860570185641706,14.993995962303863,17.434801844254945,17.39084960930755
17.415945281718678,2.124715886314192,9.594438703818575,12.494885649693114,12.494885649693114
16.57571767342108,15.187147994637527,-10.127390310464568,24.233592900110743,24.233592900110743
17.425373108563733,10.782992390258936,14.810209023239494,23.5156965514047,22.889804012797224
15.328380479519808,10.314039312798464,0.5140122776074563,17.247726286466666,17.247726286466666
15.510778003786442,7.4240954265401555,19.30908672670921,23.613568276257055,23.613568276257055
16.67556937249101,8.084332624883572,16.78648622028156,21.85207588148685,21.85207588148685
16.324175594884444,4.771474310135719,-5.502708500981051,13.641253691485222,13.641253691485222
15.72638549279219,10.237111990010568,-1.3039386676218072,18.311848036512767,18.240658519178865
15.72038604896646,6.765023739528566,18.853497041295114,23.733315464533273,22.852097518132464
15.126842989378119,11.620480560544184,3.8675673881346313,17.931914875339096,17.931914875339096
16.573639735753957,18.548270283662667,-9.55032151693577,27.643894316711823,27.643894316711823
15.942005827849712,10.617136579361883,-6.817343788128696,19.472917943985404,19.472917943985404
14.747022037431243,17.593218347645667,-0.5104400408706127,24.62159417329389,24.62159417329389
15.147454016511972,18.074693629197427,-5.131707876010134,25.733244743421768,25.733244743421768
16.323778963760567,17.037251533872976,1.534985125667685,23.94980516309307,23.94980516309307
17.340558769307826,16.631459262460226,14.31102822813741,27.933301505677303,27.183166150525864
16.473400508881127,10.51146010955221,12.451272567696101,21.858273998856873,21.404844630553633
15.108383740270732,11.513084782417266,8.502871533240377,19.876314049395084,19.876314049395084
14.581203711405017,17.113550410278684,14.203660617409241,27.88519226134655,27.88519226134655
16.341423483471928,15.42871357423757,19.35393363992607,29.477907343900043,29.186620426900202
16.87517649987648,12.84187677495963,16.633992180447486,25.39522247210701,25.39522247210701
17.395095573776224,12.862311180515455,19.821529633401482,27.558062698150266,27.558062698150266
19.090103403943353,8.717129225303452,6.730804214999779,17.228163590229165,16.76464185262908
19.552821855765103,7.19986621036071,1.1316533581315653,13.83934133408597,13.83934133408597
18.806796855251136,-4.077409707293693,0.782620989134017,4.956709036092518,4.956709036092518
18.39468457881835,-3.647026875694202,-7.815651892707285,9.067976804688936,9.067976804688936
19.284625972932815,0.20331037758840154,-0.7722761233950237,7.4564147530888665,7.4564147530888665
19.269670054005132,0.4372603774586814,2.9933627910303713,8.142078585292928,8.142078585292928
19.268859348131706,-0.697494259024154,2.4265479151611586,7.222227444916003,7.222227444916003
18.976952765240327,3.1174202685946923,4.902399511650827,10.872901258703395,10.872901258703395
18.367207415281726,5.223931261481177,8.115149580315844,14.76275227881391,14.053616631185573
17.962169484450037,1.963522931395989,9.237801679010627,12.27608332426604,12.27608332426604
19.534412052941306,14.248732254887486,15.614958168186945,26.594325010056636,26.594325010056636
19.708631808769354,14.726889556247748,6.924595432920828,23.338737897702387,23.272777031890396
19.303284787973702,13.908865363245233,8.838962495502656,22.835649815282295,22.64368643564828
18.004180314019536,9.314065788045475,8.574306946994461,17.861438206011954,17.861438206011954
19.73374899363258,18.80901882122079,10.023556471007346,28.463966646207478,27.620837014471164
19.85266657112455,14.976306469262688,5.068673011374791,22.560754849315245,22.560754849315245
19.295220897696495,12.992185848632204,17.372761885991643,27.38138454520906,27.38138454520906
18.821984542578143,19.82634840146023,15.911303533419165,31.0513465993809,31.0513465993809
