-12.0,17.0,0.0,0.0,0.0
-19.768822397941808,1.2932296657695552,13.564991927117262,22.160014480270096,22.160014480270096
-19.108865932843226,-11.583218703463931,-2.2839858955552472,32.122076117752606,32.122076117752606
-17.23601713167301,-2.9843306045075835,-10.881689322349288,26.61621418112568,26.61621418112568
-17.36761229031312,-16.372212325390663,-6.021156275594084,38.44132184868592,38.44132184868592
-17.994760883668395,-18.99555700010069,-10.40639078370524,Inf,42.43657429475682
-17.446218098167748,-19.1496076518403,-2.953563104958281,Inf,39.89787017235661
-17.763442873012192,-11.672977070811541,-9.81855483798939,35.38553629066634,35.38553629066634
-19.580578964560456,-1.642150382996725,-14.228458297667066,28.30592617703062,28.30592617703062
-19.175335257439706,-14.405409840621672,-18.02872356176526,Inf,42.92054459463467
-18.75761316775124,-4.255579141292758,-15.430681363923204,30.637852474081395,30.637852474081395
-15.492996169093756,-13.743504403662836,-9.170529063432458,36.48928605939476,36.48928605939476
-13.169319668835184,-19.44936996498904,-11.73243000894904,57.33592755063998,42.47336924179104
-12.903210050243672,-17.034368962409268,-19.101175287971035,Inf,43.24488282241029
-14.720445311658965,-18.230582850638342,-17.751240883060852,Inf,43.88769942826774
-14.172767692264783,-19.65725867444511,-19.98013716047059,Inf,48.213439312786456
-12.78786786849829,-13.921971154510633,-5.959271761311333,35.190995745381116,35.190995745381116
-15.276769229651839,-17.437437328191898,-3.210475616229136,39.62452154621374,39.18006620355157
-16.819826652986613,-17.83163464906318,-8.024237389013393,Inf,40.24734411764581
-13.26381377927592,-11.493236850869142,-6.267163951960839,33.718325337185604,32.770190831177565
-12.828800637360454,-8.874106150846206,-10.271012245050049,31.47208611119636,31.47208611119636
-16.431941617232138,-9.389488781612378,-8.9258949719237,33.361413974149784,33.361413974149784
-15.512672697426177,-9.118231468687492,-9.301600338683267,33.180613395596055,33.180613395596055
-17.016851537177278,-0.2574222639059798,-18.484021184165726,27.76738433581429,27.76738433581429
-13.674566999784394,-8.467196477619723,-17.288491906919408,34.792274651295,34.792274651295
-12.13999121590649,-6.304503238231565,-15.005916048404444,31.293372332847824,31.293372332847824
-14.124923876357443,0.23291079755112065,-5.319749639940383,19.47725651819298,19.47725651819298
-12.455587660170417,-0.8156477877444424,-4.04053348191999,19.4463953253252,19.4463953253252
-17.303795389894503,-14.111941167866231,4.834015370828144,34.59651517196577,34.59651517196577
-19.26414565726536,-2.5941041467218113,7.851317610308648,25.616721489960412,25.616721489960412
-17.82365343366652,-16.116953415336877,1.3554936710138392,36.823926370911174,36.823926370911174
-19.877026724271396,-8.353102780303692,-0.9462124109706949,30.664994335594145,29.76822968784144
-17.571880789873006,-19.022388330209985,5.097938680910808,39.52135188290924,39.52135188290924
-18.039312767300252,-4.971647677711433,18.91244211534142,30.576374453969052,30.576374453969052
-18.12282705352097,-11.50792588534638,9.147212493760524,34.69626826786655,34.69626826786655
-19.654001232810323,0.22324677767581136,17.02085095589355,25.779546067029656,25.779546067029656
-19.94460131937018,1.1460138495864385,0.9917400483196275,20.073208140231174,20.073208140231174
-19.47949385135498,0.2533567239643659,11.301795869317832,23.548237445858042,23.548237445858042
-16.231240542691392,-11.971760532544451,17.23359695244639,37.34895586103636,36.764153933056384
-12.46847092148995,-19.683767971268857,10.936669721919028,40.4073623430541,40.4073623430541
-16.473828913438968,-18.235838639176407,-1.2004054194349578,39.35912791740825,39.35912791740825
-16.310856272405587,-18.703005533811936,12.426819508537662,Inf,42.808495547150244
-15.32527865847392,-4.98540691060235,15.61747284291031,30.121109639380684,30.093624374546913
-12.4233552631729,-2.948641215385301,11.606294994792137,25.99195918851316,25.738167878874165
-15.70070146617371,-2.1247273269010876,4.745592199211615,21.250590840392476,21.250590840392476
-14.046727097975555,-9.261168465197613,3.717512890025148,28.64798027160433,28.64798027160433
-14.519609068073844,-4.470853193919817,-0.1989259626586275,23.404593875960746,23.404593875960746
-17.230883864217212,-3.331185111928807,13.888815362721083,27.445012650052693,27.445012650052693
-16.70032416839053,-0.45577632045890226,-0.8636925191148492,21.45009432662352,21.45009432662352
-12.16888940553913,-1.2695507183728338,-1.117471393139855,19.957939463825074,19.957939463825074
-15.91587954794182,-0.8473064032518884,16.519170523615408,27.46607087350185,26.77830778406758
-15.143213172628167,-3.9057310195427775,18.611479598356013,30.38233055604846,30.38233055604846
-15.927667968445682,11.348393528004781,-11.255692445149883,13.783707953044441,13.783707953044441
-17.806125291888748,4.080639309404567,-15.155807133264974,22.243007444044224,22.243007444044224
-18.655050552349365,19.337860245624164,-19.622182880298816,23.539607500122102,23.539607500122102
-18.616558551161173,7.604705861843826,-17.371265876864264,21.44174740882374,21.44174740882374
-19.272659223677113,1.583543834029335,-13.88591342374828,25.40510131040812,25.40510131040812
-13.108675877753546,12.545248716420076,-17.880944671898888,19.331104433657636,18.773843332042347
-14.115214532440152,15.212750921768603,-11.399207402183293,12.25003063708287,12.25003063708287
-15.162279354760715,14.11370737502196,-12.827697656190544,14.28454114083803,14.28454114083803
-13.251670747261226,15.787588287935847,-19.6307584802749,20.546691351954507,20.546691351954507
-13.060054802977996,12.921029566881401,-16.26531384525091,17.114374072158032,17.114374072158032
-12.996422800677685,9.471535573436363,13.106632939936162,15.72349236798468,15.72349236798468
-13.043473486595882,15.321298878576393,-2.082227324443906,2.8709832815532508,2.8709832815532508
-16.84559935268636,5.466879337454216,-2.3574737893370994,15.340238566898151,15.340238566898151
-16.660352465097485,13.752197545153322,-5.257853919247797,7.740292870479626,7.740292870479626
-18.06484455291003,10.646937476908569,-7.391107993467054,11.545545855939729,11.545545855939729
-18.90975989348351,3.429419285254369,-2.7386620217317486,17.765124805368586,17.281668601576428
-18.87947489116984,9.755935577516315,-2.6363615461878886,10.954252781123541,10.954252781123541
-19.08037247918159,14.445105410906542,-10.655895708892258,13.208997365078254,13.208997365078254
-15.59693182168222,15.204975263447224,-4.073683671727855,5.72319237768299,5.72319237768299
-13.624751278737586,4.659194805157139,-4.568248396924854,14.959854957378127,14.959854957378127
-16.129483304945236,13.79857893710983,6.761109454209944,8.544842318003612,8.544842318003612
-19.831179406232053,1.850664505361273,19.76608355046328,28.386422699942628,27.977400322157123
-17.565714915079198,6.982340018753391,1.4399058938916127,13.754770334684558,13.754770334684558
-19.221167416590845,10.211674183493802,-1.701747025797804,10.896999234375192,10.896999234375192
-17.861533146289688,7.082177751331955,10.658463917987806,16.500935162958918,16.500935162958918
-18.09990531455142,13.16155723060406,2.127346184268877,7.514525236376812,7.514525236376812
-18.05801593169405,3.4359796647683254,13.083977611186334,20.88459603571289,20.88459603571289
-18.68191697867605,7.447790192638351,14.817886331302653,20.75622562332292,20.75622562332292
-17.33242820562498,6.417581438623003,5.558247871425213,16.119344050400244,15.119873156260873
-14.69237421308673,1.3186035610849274,16.815613526762192,24.839581912560764,24.499390209150505
-14.990166322580087,5.466735584539322,18.265222947626143,22.55170494886091,22.55170494886091
-14.156800803078875,5.851101925765654,8.338516875461302,16.19255702219084,16.19255702219084
-15.706096090851611,8.818159235488245,16.974011190650387,20.49065551943753,20.49065551943753
-13.738001921619647,8.328952163345544,8.946973869992505,13.952187106655842,13.952187106655842
-14.089817373072648,6.9832870863318135,10.04527685440899,15.651273299679776,15.651273299679776
-13.817496464100243,15.478484295878673,5.552682987799599,6.0374325501742705,6.0374325501742705
-19.694820755529978,19.38646412098339,2.1130321781251915,8.328888428011776,8.328888428011776
-15.350091289168866,16.624168300605035,12.667540021578994,13.405107172986618,13.405107172986618
-16.237055658432933,16.733090408757256,16.343868719136985,17.188486946479728,17.188486946479728
-12.331532670586576,6.797660415384108,4.3497876978600125,11.705070288839023,11.705070288839023
-12.261285182182888,13.66208050322821,-6.728265946021921,7.5152870306965545,7.5152870306965545
19.36963282395304,5.2679550142069616,12.081003974494081,35.60400820258929,35.60400820258929
7.017372059468947,-13.756097512424512,-17.267767047200415,67.36670460840284,45.365917582303254
18.04963362086093,-11.495464430110305,-17.34361912927052,84.04911436770536,84.04911436770536
-10.941105811021297,-17.3502265964318,-18.590607841883696,64.14836051381693,42.46180923267879
-4.038259325761473,-19.255756926480643,-18.019930318526995,Inf,44.98431311882661
-10.007265890860877,-19.500108557194366,-17.905168137549516,Inf,43.37672305133967
-5.161767511020567,-15.750232761643392,-17.610634447636755,41.367116911331195,39.36098006772668
-3.8342146172965457,2.6387527094456864,-19.342080047751658,29.10688500366965,29.007771151476625
-7.0595277981163385,-13.513007616119914,-19.348629296890785,38.792780894119616,38.792780894119616
-2.401384869840353,-2.9746892522368924,-18.425767431688726,33.73247572963591,32.60072061655658
4.3036351218171305,-12.057032621405899,-17.96070650513905,43.94291301149749,42.711678455547485
13.58278864016026,-16.2499402513357,-19.709141395047425,Inf,52.80125585239977
-0.6724805118911092,-7.540339557061824,-19.09080924451648,37.27162647680088,36.72465952520065
10.833689686970487,-12.216471047146431,-18.701507421246593,Inf,45.05732355834675
15.97966707601914,-9.83632717749523,-19.571772338643953,Inf,46.22966525906333
8.169360193618928,-0.9564257190363001,-18.950202951540174,36.492803901016586,36.492803901016586
1.4461774826876272,4.894783944455725,-19.307455204634287,29.808946500760257,29.240236641405122
14.58299902697216,2.889363583190459,-18.610274589983923,37.186556009614215,37.186556009614215
-0.7003173687620468,4.523826335273988,-17.787660570114365,27.023757526999166,27.023757526999166
10.115704081560697,-4.659950769730621,-17.35198487064107,38.31070759212399,38.31070759212399
-3.9097449181046002,-17.305169439595687,15.175251695735277,40.98822728919959,40.59210112862512
-9.682477396541405,-12.979527110901916,-12.744084952837618,35.05444874660232,35.05444874660232
-8.819771098404043,-19.87860949757108,19.06064322347153,64.49648688380283,43.83661767573845
-6.067864761434647,-19.045134321852892,-10.083550898274867,Inf,42.60000749297107
-11.079829669211136,-14.247687859141118,-0.4673829290409941,33.682016953047075,33.682016953047075
-8.402197460020817,-15.524511559890186,10.226926567616967,35.78792591533218,35.78792591533218
-7.031001338456031,-19.69726273344868,-7.063770484160239,Inf,41.81739702420018
-11.572424917737427,-18.085614989819618,-3.267790514011189,38.45848189913716,38.45848189913716
-7.920571329277655,-19.341621508341944,-11.925016018136532,Inf,41.706623731642246
-10.893077132432385,-18.7096457687841,1.5594264738489443,38.56042602464137,38.063095184190715
-10.409316796936778,-17.94394334235801,-7.382713562873455,37.9978592365034,37.9978592365034
-10.028003591104122,-15.836543265586913,1.325583437293112,35.05348511118627,35.05348511118627
-9.398491793523682,-17.78590055111371,15.977116044507227,40.22849927037228,40.22849927037228
-5.757743102731867,-16.62107601813288,2.607450036339351,36.31284608992386,36.31284608992386
-5.216849996004971,-19.93465908938348,5.1534859794530234,Inf,40.19285337587396
-5.858650908880563,-19.560665461924334,-7.892500075580129,Inf,42.854013344967335
-5.543047845400801,-16.14591843813212,16.676529655686863,Inf,39.92079259464821
-11.673071164409778,4.317245791252233,3.0738661451049083,14.571078675342608,13.604357654786405
-9.14470708152809,2.087092290184245,-0.6672497094181828,15.417517613352464,15.417517613352464
-10.38709899058607,3.970876804281424,-16.603447067458923,24.85156666851453,24.85156666851453
-9.810926052957898,-9.08494875390856,-8.214990377288078,29.079757347846353,29.079757347846353
-11.862525973693145,-7.606171146784719,-16.72296524345561,33.465832745149854,33.465832745149854
-10.661425693605153,-8.550216494442804,1.173911421840863,27.738105027000657,27.738105027000657
-10.476053038453914,4.0033685280827385,-3.303819433388,14.184815414301584,14.184815414301584
-6.1395407744259956,-0.7037160973797967,-5.083666202382764,21.444487882797056,20.601411211412803
-4.92524469703576,-4.1964702885620575,-15.320017926703464,30.13024279119299,30.13024279119299
-6.348312861616199,-8.131187201607988,-12.74109647666294,30.24121334013594,30.24121334013594
-7.984961005439706,-1.9840395033084306,-9.258773873547632,22.989136900690596,22.989136900690596
-7.112547383448549,-8.64357363080968,-0.009034587182405573,28.05432939531736,28.05432939531736
-8.779585109537056,-9.07120276088949,2.0488353742880605,28.680853502558055,28.680853502558055
-8.28007303556796,1.7419648696455852,-2.4166349161871707,16.397093236401176,16.397093236401176
-7.221768758836342,2.8924739845239777,-14.338944697108564,24.79500699481425,24.79500699481425
-6.063126673402488,2.6906377444081286,-7.838820692708692,20.64727761038546,20.64727761038546
-4.196479935363602,3.4871643022038086,-15.594107961741495,25.320870823666226,25.320870823666226
-5.464454134966932,-0.2936244819976892,2.0485386599270683,19.2981047630539,19.2981047630539
-10.966465150023508,3.5348060896251425,11.102240030724431,19.32774962057182,19.32774962057182
-11.535472385863725,0.33367074192955215,14.206635035381481,23.823114466014772,23.772558634160177
-8.606051757320046,-7.918037813480332,15.734380662225284,32.71165799140195,32.35311483978358
-9.398796535178757,-10.863814496609363,9.888808560327902,31.00988964306161,31.00988964306161
-5.25345421847673,-11.668443753424294,3.088774192026591,31.67260158295802,31.67260158295802
-9.993842754558164,-9.358813737526486,14.41385400515685,32.158929127337025,32.158929127337025
-7.850065259294912,-12.621776472507307,13.139961605507544,34.42086354824791,34.42086354824791
-4.495445694127609,-11.656893949549856,10.208804119807233,33.04811922680908,33.04811922680908
-7.973138588264552,-4.9244875816210865,8.103466207531689,25.22142393445099,25.22142393445099
-9.193063180931684,-3.3214443548565775,7.827185136674242,23.188127392186736,23.188127392186736
-5.056874694754949,-2.696500935390773,7.546720903949797,25.31225010872366,25.31225010872366
-5.299987769324623,-4.318067828254284,6.188860071442868,25.074388587738483,25.074388587738483
-6.634594509034608,-5.439466731629885,11.79902793531496,28.36570558577352,28.36570558577352
-7.56074267043104,-4.3877780670747235,18.513791852934006,31.29865689406754,31.29865689406754
-10.416157134948216,1.7541159658380323,18.113515117806635,25.277821514950595,25.277821514950595
-5.43139065789406,1.4123827964943487,17.428709359504026,26.931321148517277,26.931321148517277
-2.48885229551556,3.0755950775456427,-5.0138489619864846,19.002699091253298,19.002699091253298
8.980807385378931,-10.698466058995928,19.41272926573017,60.79848876540237,41.966061514841485
-2.654139617019986,-3.05087758924536,13.49667973027352,28.991443243605264,28.991443243605264
-2.744538105096499,-0.7763725387257381,-13.246525285278539,28.09555283439236,27.877523757616423
-3.3518140880323415,-7.719529279464572,1.5687696525421941,27.03357425943229,27.03357425943229
-2.7406888298491516,-1.9182360148991222,5.495465406015015,23.982073599745295,23.982073599745295
-3.0126128211517056,-11.615902743411253,6.396100023755533,32.725102737427235,32.725102737427235
-2.6747931375127187,0.9555461942131238,-1.3815033509797203,19.092601638004602,19.092601638004602
11.091332461182102,2.6000583441278735,6.68787143110757,29.755825412004683,29.755825412004683
9.3446724932421,1.9453936048598592,7.050482924855295,30.875550104462917,29.5063537026765
14.195423704923982,-16.60934843881818,1.8706354733719088,100.75969963904024,44.68845709994555
11.281561964624728,-19.973110035181712,-13.35540316572776,75.86029933598456,75.86029933598456
7.612389036966853,1.805973819737929,-13.5538584991221,30.40497986197721,30.40497986197721
9.818426245843916,-5.67615487210702,-13.979286819874588,36.926772351178045,36.926772351178045
5.812468183204203,-4.396244013280821,-15.57155945281992,35.77760328417429,35.77760328417429
-0.5301622904464409,-7.016097606064111,-16.869330493718895,35.6428932098346,35.577023216419136
1.0254622516558527,-0.9178590304945367,-15.887933900962263,31.66429966436844,31.66429966436844
-2.5085266963930053,1.0806940938233467,-1.210633654289495,18.99410166868941,18.99410166868941
9.420885162403152,-5.0015549058502184,-4.236261235068648,33.115005816126285,33.115005816126285
10.14030406788737,-18.689598608783236,-0.4530010407322749,105.87543249856269,44.790396838951736
7.390916467672852,-9.591646017660445,-10.54608515165592,40.00763591851793,40.00763591851793
2.507951233986816,-10.497462527780224,-10.31875974497737,40.22632181745041,39.72279484809081
5.727153229189028,-19.400981458428763,-11.715566779481623,Inf,46.82180190219127
-1.7933616427645376,-13.41808903663476,-13.485852778472882,37.25930236553404,37.25930236553404
0.014808157590824322,-14.193701483954273,-12.697023010891506,39.030145641565504,39.030145641565504
-2.477326010453531,-12.647042563196313,-1.0950224272303721,32.702869171803606,32.702869171803606
2.2174488892094217,-19.934028874870755,-0.9653322431303479,Inf,41.37223480078061
4.971439999520648,-9.625799004008933,-10.7308471432487,37.58087474362738,37.58087474362738
-1.3733370725648015,-9.912691870014987,-12.251568373942225,35.548169223555064,35.548169223555064
4.671968372070676,-10.397531095283492,-4.26703380456356,35.40535724668195,35.40535724668195
-0.9655517701892791,-8.157633962154094,-0.45805534232495404,28.390582446533458,28.390582446533458
13.551798576976175,-16.418829006199857,-9.57941384914938,Inf,49.254329886138215
9.127450031750143,-17.355159896637407,-12.563687077542305,Inf,46.5460708609038
13.753871214602576,-18.935534177442683,-11.317555824387728,Inf,50.55273764735194
8.374679868682673,-15.47825937640214,-1.7767952352837284,Inf,42.167395432438546
13.592555701579812,-16.2139400492173,-12.230102613754328,Inf,49.2353670719803
11.635326370852333,-8.189448106319235,-3.5493205439490794,36.064895100761575,36.064895100761575
6.979857790482377,-14.831839746825404,2.9845572550002863,38.733373548098626,38.407661809346436
-0.23562096387031062,-10.016498064559398,5.597732441723807,32.45955387307653,32.14307778741695
3.159672174432842,-16.19480650241421,3.733048413529289,38.34944612305451,37.95413787875013
4.747243432853541,-19.16205560906957,-0.2166626242337344,Inf,42.470740719514765
0.26333881783860136,-8.41638994244942,1.1929853935723926,29.274020872729565,29.274020872729565
0.48402040916574407,-6.364849817619707,5.338187916230488,28.412155383255147,28.412155383255147
4.7464984782844795,-6.799894235549706,2.6060575756443782,30.062405401017486,30.062405401017486
4.1320619034934225,-9.502347675522218,6.113673814842208,33.2859093708529,33.2859093708529
12.0,-12.0,0.0,39.36003522665434,39.36003522665434
10.425147923879496,-18.568990628539233,-0.0831337950487594,Inf,44.67029608376717
12.108613997958535,-13.391205164799,5.888908846452445,Inf,42.16279594096492
14.007455435842068,-19.0663989681751,5.606073247669386,Inf,47.02107963062985
10.004276576166966,-6.847573734021637,3.6412209558188664,35.20007913907058,35.20007913907058
11.27670572883008,-8.82931817404736,1.9682542820694593,36.3783839969858,36.3783839969858
13.762480785467233,-10.724415885869982,2.086613707096472,Inf,39.50639964960768
12.567869222496377,-9.457037364984506,4.72375489288315,38.44010274017782,38.44010274017782
13.680382406628198,-4.271998209327288,-7.507072374343631,36.28356861777753,36.28356861777753
4.649782993067959,0.1177649561046934,-8.935578102164667,27.668080344241304,26.776550264315798
7.804744915412158,2.425623738234144,-9.688687065778927,27.70159931178133,27.70159931178133
10.238932871062882,-2.0028424263364357,-6.970709907730095,33.960637777483775,33.439541748391925
5.133647199372213,-3.15588865204208,-1.0773512709613513,27.478907393153513,27.478907393153513
2.4358604146693175,0.8248060035842713,1.5068015396640355,22.019802226030162,22.019802226030162
1.4432636904321328,-0.9718352129537138,-7.16615469338727,24.662072581115936,24.662072581115936
0.17486779709246392,0.8283806640642837,3.9748798714852,21.139412768879975,21.139412768879975
7.259909605462347,-2.004282435733124,6.3838436439220025,29.140969125003203,29.140969125003203
9.469418686604172,0.2944764879056265,4.255051022024787,29.589813228479187,29.560310334770136
13.646941011158574,-4.8953363631881786,5.892705777389551,36.16902571219324,36.16902571219324
18.133435563045666,-19.65452693502823,-10.69523352946879,Inf,83.21734830239191
14.85762899587209,1.3783081498065997,-14.679919700886144,36.405187480572856,36.272674082326645
19.665117719595898,-14.36538297911583,5.359620284721672,Inf,47.092681413260294
17.784018388605354,-16.745777791399973,-5.656572314749315,Inf,48.73948541933933
19.132760931147423,-16.97759074258027,-4.534019113413699,Inf,48.72544189217674
14.517475783035188,-18.16920595658166,-6.8641485972997,Inf,47.93585486451684
17.104196405390894,-18.535566161658743,-3.7952096346691206,Inf,48.479797403888426
16.4530505071028,-8.600570204328735,5.7523204194895,40.89331122779724,40.81904897766991
15.270580502331022,-13.374158896613295,-6.549478914347109,Inf,43.071838002405194
14.583375895495578,-11.472453319939433,-13.61475648033406,Inf,44.43907580807497
18.80337081603998,0.8899508689379942,-6.6715287872338,36.229035163225475,36.229035163225475
15.656214455963195,-14.854087546509218,-1.0672948459181164,Inf,44.119535007015365
19.296383029557482,-15.972894449289061,-5.892834212535574,Inf,47.90833412308813
19.267228793914214,-8.175290216783972,-3.9892334052443346,Inf,43.709478697433596
16.422029442327258,-11.081178632821977,-8.834979866754269,Inf,43.74311986543721
16.48651383576229,-4.928865169679568,3.557522963561752,38.365317077065114,37.75136768743761
15.031868075023944,-6.018502922890638,6.337122914386768,37.88851091676811,37.88851091676811
-0.9373012437305661,-6.777389156838316,16.348155455091046,33.98797566846021,33.98797566846021
-2.3701686556495005,-17.760076173107294,10.333822292973132,40.86676907835313,39.511962146299894
5.229714823555636,1.2571007751175927,14.410535762430769,30.129546543467953,30.129546543467953
5.366442321689071,-9.92406180447384,15.495666930227912,40.93133229216278,39.913014587924515
19.195181432103908,-11.93818099843634,13.721268696622516,72.07169009834858,49.957695623133326
9.42528230732784,-2.588180488816924,9.096391562436015,32.66058445691293,31.866725347697034
12.480436234408714,-3.3279003725115004,8.470855734167682,34.91690906504164,34.615261807620314
17.89776165041389,-3.8346440686290606,7.713033680925221,39.17834264930479,39.17834264930479
2.1484257372782807,-11.153898009906777,8.351495888929552,34.31005777500674,34.31005777500674
10.156682739327508,-4.336971630698283,13.096922420402201,34.89687679691771,34.89687679691771
0.9733302035193176,-11.26500820117088,11.459821238539128,36.26870493070514,35.85641244203089
9.41492416805729,-13.32318300336067,14.622179111731754,Inf,43.57437371268921
3.547134484203795,-19.558946465137197,9.758164336896861,Inf,42.94602568925954
3.583378487139637,-15.84218470968195,11.884701428778204,Inf,40.35345607070434
2.0567384980776566,-9.506104324536633,12.736510983412614,36.60215576608883,35.75463300349199
-0.4681648065226014,-7.5977944372526185,10.26461182194403,31.73878081647659,31.73878081647659
2.836757783509114,-9.916560595446127,10.470868391323187,35.08257002264289,35.08257002264289
5.270862621568302,-9.561292387674118,12.825143572247342,37.85596862078043,37.85596862078043
12.099971010906579,-13.43747098887179,14.445185912354297,Inf,44.29971000389868
12.86223204666765,-18.36615815090477,8.601400292867556,Inf,47.27573145179306
13.587330975615473,-9.601004335905436,9.802174532778025,Inf,40.05210725868402
16.06251542704136,-1.5845410933117137,10.237059132278166,37.159896310504344,37.159896310504344
19.576312877892036,-16.496027978141754,12.948145276781815,Inf,54.43364248940197
12.50313920329073,-14.635767865724105,17.08491250120585,64.11087960299736,47.59271769010725
7.8554692919088325,-7.516377301176567,19.29870041626291,38.8070808578346,38.8070808578346
4.606705375693785,-13.960125461096924,17.625998746201823,Inf,43.15097701569204
5.9703185298365185,-19.61259165888409,18.37585971706752,Inf,48.2305486341854
3.3889887270415286,-2.7986791966526603,18.05954653096896,32.193335595639745,32.193335595639745
13.672093781899655,-6.646667909440147,16.32589153065897,64.20977367605502,40.199616957746315
13.081207002572441,-8.416999834554959,16.716283474979704,Inf,41.08551531875485
18.854313584126963,-11.105662261307625,18.904567270745346,Inf,52.19414143436584
17.97460537924688,-11.063938207778543,17.808177623175084,Inf,48.31776192634048
12.75257109429213,1.0408530380320968,15.748008316346102,34.5871573440901,34.5871573440901
14.872438857310058,-3.7660826495492294,15.588833914995718,Inf,39.84318307911755
12.417171042000106,2.1047328371944047,16.416726388172577,33.91723144160476,33.91723144160476
5.431560153146986,1.8508919913896271,8.52538634377602,25.86828987758826,25.86828987758826
1.511678693913776,2.960477662058505,-16.298772789421374,28.489455119891353,28.489455119891353
1.7996568935848067,-14.312270088550765,19.99268539410768,Inf,42.794108132651814
-2.388638751801963,-9.748229563568067,19.876883113359767,38.24519974499112,38.24519974499112
19.834192365646047,-15.453287510829163,19.441774972649824,Inf,53.356917744965955
10.869846440034834,3.7284146133225526,-7.080311467047817,27.793112645079084,27.793112645079084
10.883718811474104,4.941073264432578,-13.938602907366331,30.88427840234801,30.88427840234801
10.040870195900382,4.659470920521194,-10.046366990806064,29.21489247738115,29.21489247738115
13.162245486013767,5.014088483492998,-9.911552086926925,31.65626862615176,31.65626862615176
15.990118222639182,3.964705012637424,-9.506285324030106,33.4639472781207,33.4639472781207
14.496072304015385,4.5894945510209055,-12.455216918487153,34.28009538452416,34.28009538452416
12.264425317035062,3.632870905260475,8.877931801852526,32.93849379949645,32.44640398591663
11.271189128304382,3.107046041363823,1.3713927303752342,27.925145310936767,27.925145310936767
0.404772963975482,3.538634091616597,15.40143521104195,24.701163732733097,24.701163732733097
-3.4840072332051975,3.151192551590924,14.104682159726764,22.704629961308186,22.704629961308186
2.764606805924494,5.1967351663847055,-1.0860326949801262,20.256071647044358,20.256071647044358
1.690209518612793,4.695804607049148,-4.414145371968061,19.694115927873888,19.694115927873888
5.950349053793342,3.747989021594698,15.698662267042366,28.89530100094854,28.89530100094854
0.26947858846882156,4.316654751959767,15.876716908226626,24.383107268051692,24.383107268051692
19.118635706627664,4.265520286288265,-0.968864259962892,35.83148806603575,35.83148806603575
16.77893491258026,4.124148213589542,19.038763486232064,43.11602704497183,39.39245756193255
13.602654593666884,4.6349415981347875,10.20556981839843,33.4218945423263,33.4218945423263
-6.676643159726847,16.922842977151255,-14.999347371008005,15.916171110264635,15.916171110264635
10.826769847548423,7.527632489675689,-19.84381818424012,34.65397123052948,34.65397123052948
-1.6989965027413056,11.504399613219263,-18.74323485695796,24.171665537456178,24.171665537456178
-5.086025124874238,10.83811955939952,-17.75541389564964,22.78274430885394,22.78274430885394
-2.4988024391061074,6.426053404274434,-15.438030533423026,23.506119444476937,23.506119444476937
-4.583046262090642,7.222059826452707,-16.850036919326172,23.80261949409363,23.80261949409363
3.2202979910579472,11.920082890525805,-17.05560000199549,25.438430266521475,25.438430266521475
-9.709426879955965,11.60117173160262,-18.882657798518547,21.655162157696093,21.566252501943417
-4.9548694148299255,18.61339109883326,-16.02704637493786,18.53888402307407,18.53888402307407
16.566453042068943,10.343699424415966,-16.475299440229747,36.19136201241173,36.19136201241173
15.337889028768082,10.95091059106749,-19.303203696540834,37.3274001411795,37.3274001411795
-4.786937729686329,11.76399316800179,-0.45344170238572445,8.924664936994386,8.924664936994386
-7.894653718493121,15.866577893961356,-13.229752037725282,15.651416361407009,15.651416361407009
-5.6414414633529475,10.876842761661088,-8.948301854981109,15.03249659115517,15.03249659115517
-10.775289553842695,5.887673782272422,-14.450471748041727,21.94294065366551,21.94294065366551
-7.268910129087329,9.04876253444116,3.022111043959093,9.73337268177781,9.73337268177781
-10.82769075872446,11.64704386885716,10.345966670534708,13.275598083278513,12.863444736281693
-7.6745894741461385,8.935549318876213,9.515280288490146,14.214496142278069,14.214496142278069
-10.106907429770091,9.793811025326011,0.8888070750632515,7.503528305727588,7.503528305727588
-10.490482482522765,14.103770688586806,0.73207468062418,3.3470465634452373,3.3470465634452373
-9.854010655556982,12.003124416991497,0.17084557808507483,5.440884493359583,5.440884493359583
-9.514416649073505,11.738358687438868,9.302169313115947,12.29100544395592,12.29100544395592
-4.931564388258787,7.2540395793113,0.37229395824525113,12.175966588924437,12.175966588924437
-6.624309956665497,11.806264489959375,6.270824138248095,9.756852328650753,9.756852328650753
-4.904009533802647,8.509069925635913,-8.614957554473177,16.69366532996203,16.69366532996203
-5.645813918648486,13.287088502778204,12.802756554459826,16.525636218192027,16.525636218192027
-7.179024292035203,16.74998204866096,-0.42819145523894875,4.846407295628184,4.846407295628184
11.15773889170108,12.761672471934808,-12.185772761810396,28.8769364338862,28.8769364338862
2.9624795473406067,10.372874375139396,13.376423083215784,22.08243494086213,22.08243494086213
18.979971378222857,9.589919162814844,0.34944346589733044,34.90052343876593,34.65926699366675
-2.414849045863569,12.196493172053792,-11.20872442574501,17.612832543315278,17.612832543315278
14.598077265979782,7.417207563015111,2.5267666283628465,29.30553858622734,29.30553858622734
1.828540813302748,9.255740293665013,-0.22884526850740272,16.003247591204087,16.003247591204087
-2.089418996387664,10.685046653360288,-13.919798675712336,21.145550655330144,20.607191667183855
-4.258604899616643,8.877907341595133,-14.518904790164893,21.11029198398294,21.11029198398294
0.0953236778975608,9.21845987455292,1.9216258539684894,14.9210940491649,14.9210940491649
-1.574990873784941,6.210920868580672,-2.997245066239202,15.825690231954926,15.825690231954926
-2.9366479330249717,8.351609734706411,-9.361485207147746,18.641720669580813,18.641720669580813
0.6949944176897027,8.3994593349287,-13.405902101168925,22.99020941921482,22.99020941921482
11.935768037896139,10.442205688514807,-1.1185468140012844,27.65468404752653,26.19993359513449
18.71659020953433,9.632422756095941,-8.454753159832062,34.930672124131945,34.930672124131945
13.080137176528275,7.541472258350119,-14.369302216797983,32.66272489963194,32.66272489963194
1.940126856396649,7.490441113059614,-13.561314237697157,24.53132691682017,24.442724190664567
4.96513007653239,7.189468067904528,-10.21845267096527,23.540948804198848,23.540948804198848
13.442974195633667,8.179551792271607,-8.719838911519897,30.465350327301284,30.465350327301284
18.131921756296833,10.283204870110367,-10.265823846559039,34.48927496262044,34.48927496262044
18.54322618849841,9.960524139703352,-5.989308700965044,34.422758029957635,34.422758029957635
3.0024010522438616,8.534678996033136,-4.0056379926316055,18.074548387913087,18.074548387913087
14.845969982220879,6.084561736948551,-2.9636258322208704,33.210100570960904,33.210100570960904
5.328417226938349,8.515380506222563,1.2893245140150356,19.889390539443234,19.889390539443234
4.482498612711858,9.642182284391367,0.6511466482258825,18.497786003599927,18.497786003599927
1.8857343981540424,9.214172441600734,-6.237949472220388,18.116327963983558,18.116327963983558
2.5638418910943273,11.650215073578583,-5.090547628235802,17.61659555427434,17.61659555427434
5.697101000964764,11.620302658981654,-8.109490124605658,21.96771278994163,21.793712917481514
5.624663168590036,10.57336383681971,7.969024406884149,23.226537397241145,22.51277682331122
-1.4362260056487202,9.298786086792468,11.173289164745377,17.322420804395012,17.322420804395012
-1.515093841143269,5.6700224703974484,7.977922270404967,18.044952026761017,17.92212877654662
1.7280998265647867,10.830440498003178,11.10353597249949,19.455825744594925,19.455825744594925
13.607551042420631,9.790562013262772,9.662983409106076,31.424633188479763,31.424633188479763
18.75139876227402,8.252109418157126,5.374681557513572,34.41021879197764,34.41021879197764
8.71301548528087,8.343940711615929,8.760891029635928,27.116948718866578,27.116948718866578
0.3820337140012171,12.711112922349592,-8.229218958096451,18.309653671412846,18.096954423873655
19.205861407395666,11.006006753302387,-11.622817974901869,35.42901509990484,35.42901509990484
2.9516254634182033,9.83300094933746,13.798453066329444,22.463443226456288,22.463443226456288
1.5080196816766112,12.249754073651332,19.98211393408176,27.067788347164953,27.067788347164953
-2.682410847971795,6.426763633091561,15.152458362806122,22.15134877379257,22.15134877379257
-0.9391554128612327,8.715385632808363,16.582199234149016,22.785363546436066,22.785363546436066
7.588352024783269,11.594006097428178,19.358950897760103,29.742754641275283,29.742754641275283
7.511168395957029,6.582786629121237,19.466414051580436,30.430820876055357,30.430820876055357
6.99668212505399,5.976357404097172,13.784666630296307,26.754905321215354,26.754905321215354
1.866961868343708,13.16364114110533,-12.733228618154442,21.13270803235701,21.13270803235701
4.408451901456196,18.978456723072995,-14.249547674634133,25.872227835583168,25.872227835583168
3.5415428310230723,19.417585710676178,-14.730453772936958,25.84114126737389,25.84114126737389
13.046213542941025,17.909770883809784,-14.300724673705503,31.533296541941297,31.533296541941297
9.646989928103675,13.648095866023496,-13.832786532159025,29.00497330973417,29.00497330973417
5.952180804805831,16.0856016952333,14.819167971136558,23.66138331669711,23.66138331669711
-4.564252716612485,17.748609617766327,13.621859488446177,18.22399587855898,18.22399587855898
4.222123982253862,17.156102511996203,-10.230273657567981,22.294917236180517,22.294917236180517
4.6941552577729695,17.1760673494784,-12.685269541549635,24.47891600413348,24.47891600413348
2.7790227468620827,15.841529695519313,1.0567404703705492,17.651102483945788,16.669067997831434
0.31565436918550915,17.59231219610684,-7.1774608207987445,18.49985942259644,18.49985942259644
0.7266092888276354,14.8654192697051,-1.7256251624409131,13.076471293391254,13.076471293391254
-4.593480699388799,14.595028390845428,-7.562856039401975,12.735152421775789,12.735152421775789
-1.8912103465944412,13.489286516635218,-9.740779934235384,16.37771781496499,16.37771781496499
-1.1444992041791195,16.073226042566866,7.95897122606781,13.790956796644522,13.790956796644522
-3.7422576333405573,17.434522509763838,5.225973451548818,9.782122332188798,9.782122332188798
4.785522814001251,16.2498888461991,-4.211333447313468,18.033313099476942,18.033313099476942
2.909857623702834,16.54369334528141,3.1298977354642865,16.813320480501872,16.813320480501872
2.809309747545086,19.66125201195173,19.27365330681627,27.709268552880744,27.709268552880744
18.123160220345007,15.121706331403146,11.280324287358383,37.111671286904496,37.111671286904496
18.20580830158643,13.828355960363453,5.842180995044018,37.616167381019324,37.3746475470047
8.754165099920108,13.915587814912165,17.1392642337824,27.89729206203106,27.89729206203106
6.080672823490893,14.187142079294887,19.822794457667932,29.014600772483217,29.014600772483217
6.528436762400489,16.970437752469664,6.967254298476206,21.57956627870802,21.57956627870802
8.296835562208635,18.427579288373963,-9.674596500329846,24.883050033412236,24.883050033412236
6.287678078346211,18.931706880511555,-4.1806194851461065,20.38996417573348,20.38996417573348
6.369334474243544,19.980955443483225,-7.4715749848370105,22.617173428184756,22.617173428184756
11.928314457798884,15.498395517249676,-7.4195750419362305,25.899508419937042,25.899508419937042
13.685164776414126,15.441013665264236,-11.832857213651504,30.64996894983682,30.64996894983682
17.35519096045941,19.181394537332828,-2.052967218347046,34.373937597720705,34.373937597720705
18.535144893160066,19.83316234021912,8.59581872982302,Inf,40.582748723795646
14.365480358723737,15.49552146500561,14.577102329896583,32.09882367718143,32.09882367718143
18.79826012096467,16.201366828016802,7.891609607625316,Inf,39.86143615260814
