4.85443394598782,-5.617145659418673,0.2927366528973674,1.5
4.494703568316057,-3.973438709682676,0.2618276016229343,1.5
4.134973190644294,-2.329731759946679,0.23091855034850117,1.0
-2.4690198672151635,8.355042218497841,0.5016582328403568,1.5
-2.425841950809089,6.529042894698397,0.5270542892974218,1.5
-2.3826640344030143,4.703043570898952,0.5524503457544868,1.0
11.035148547271021,-1.9138818297323463,-0.22102793402381304,1.5
8.557586204296708,-0.5918932437300887,-0.8706968857895714,1.5
6.080023861322395,0.7300953422721691,-1.5203658375553297,1.0
4.85443394598782,-5.617145659418673,0.2927366528973674,1.934281161709871
4.494703568316057,-3.973438709682676,0.2618276016229343,1.934281161709871
4.134973190644294,-2.329731759946679,0.23091855034850117,1.434281161709871
-2.4690198672151635,8.355042218497841,0.5016582328403568,1.934281161709871
-2.425841950809089,6.529042894698397,0.5270542892974218,1.934281161709871
-2.3826640344030143,4.703043570898952,0.5524503457544868,1.434281161709871
10.523365326439961,-1.5461027666802383,-0.34074370347791416,1.5
8.139963133762933,-0.31784542358125345,-0.9722664787330306,1.5
5.756560941085905,0.9104119195177313,-1.603789253988147,1.0
4.85443394598782,-5.617145659418673,0.2927366528973674,1.934281161709871
4.494703568316057,-3.973438709682676,0.2618276016229343,1.934281161709871
4.134973190644294,-2.329731759946679,0.23091855034850117,1.434281161709871
-2.4690198672151635,8.355042218497841,0.5016582328403568,1.934281161709871
-2.425841950809089,6.529042894698397,0.5270542892974218,1.934281161709871
-2.3826640344030143,4.703043570898952,0.5524503457544868,1.434281161709871
10.523365326439961,-1.5461027666802383,-0.34074370347791416,1.5
8.139963133762933,-0.31784542358125345,-0.9722664787330306,1.5
5.756560941085905,0.9104119195177313,-1.603789253988147,1.0
4.85443394598782,-5.617145659418673,0.2927366528973674,1.934281161709871
4.494703568316057,-3.973438709682676,0.2618276016229343,1.934281161709871
4.134973190644294,-2.329731759946679,0.23091855034850117,1.434281161709871
-2.4690198672151635,8.355042218497841,0.5016582328403568,1.934281161709871
-2.425841950809089,6.529042894698397,0.5270542892974218,1.934281161709871
-2.3826640344030143,4.703043570898952,0.5524503457544868,1.434281161709871
9.966478562363235,-1.1536644596811185,-0.4757334932633348,1.5
7.703417021696061,-0.0358629969234352,-1.0810235359782665,1.5
5.440355481028885,1.0819384658342481,-1.6863135786931982,1.0
4.85443394598782,-5.617145659418673,0.2927366528973674,1.934281161709871
4.494703568316057,-3.973438709682676,0.2618276016229343,1.934281161709871
4.134973190644294,-2.329731759946679,0.23091855034850117,1.434281161709871
-2.4690198672151635,8.355042218497841,0.5016582328403568,1.934281161709871
-2.425841950809089,6.529042894698397,0.5270542892974218,1.934281161709871
-2.3826640344030143,4.703043570898952,0.5524503457544868,1.434281161709871
9.966478562363235,-1.1536644596811185,-0.4757334932633348,1.5
7.703417021696061,-0.0358629969234352,-1.0810235359782665,1.5
5.440355481028885,1.0819384658342481,-1.6863135786931982,1.0
0.0,0.0,-5.0,2.927353458508384
