4.85443394598782,-5.617145659418673,0.2927366528973674,1.5
4.494703568316057,-3.973438709682676,0.2618276016229343,1.5
4.134973190644294,-2.329731759946679,0.23091855034850117,1.0
-2.4690198672151635,8.355042218497841,0.5016582328403568,1.5
-2.425841950809089,6.529042894698397,0.5270542892974218,1.5
-2.3826640344030143,4.703043570898952,0.5524503457544868,1.0
10.523365326439961,-1.5461027666802383,-0.34074370347791416,1.5
8.139963133762933,-0.31784542358125345,-0.9722664787330306,1.5
5.756560941085905,0.9104119195177313,-1.603789253988147,1.0
4.85443394598782,-5.617145659418673,0.2927366528973674,1.5
4.494703568316057,-3.973438709682676,0.2618276016229343,1.5
4.134973190644294,-2.329731759946679,0.23091855034850117,1.0
-2.4690198672151635,8.355042218497841,0.5016582328403568,1.5
-2.425841950809089,6.529042894698397,0.5270542892974218,1.5
-2.3826640344030143,4.703043570898952,0.5524503457544868,1.0
10.523365326439961,-1.5461027666802383,-0.34074370347791416,1.5
8.139963133762933,-0.31784542358125345,-0.9722664787330306,1.5
5.756560941085905,0.9104119195177313,-1.603789253988147,1.0
4.85443394598782,-5.617145659418673,0.2927366528973674,1.9047928629323092
4.494703568316057,-3.973438709682676,0.2618276016229343,1.9047928629323092
4.134973190644294,-2.329731759946679,0.23091855034850117,1.4047928629323092
-2.4690198672151635,8.355042218497841,0.5016582328403568,1.9047928629323092
-2.425841950809089,6.529042894698397,0.5270542892974218,1.9047928629323092
-2.3826640344030143,4.703043570898952,0.5524503457544868,1.4047928629323092
9.966478562363235,-1.1536644596811185,-0.4757334932633348,1.5
7.703417021696061,-0.0358629969234352,-1.0810235359782665,1.5
5.440355481028885,1.0819384658342481,-1.6863135786931982,1.0
4.85443394598782,-5.617145659418673,0.2927366528973674,1.9047928629323092
4.494703568316057,-3.973438709682676,0.2618276016229343,1.9047928629323092
4.134973190644294,-2.329731759946679,0.23091855034850117,1.4047928629323092
-2.4690198672151635,8.355042218497841,0.5016582328403568,1.9047928629323092
-2.425841950809089,6.529042894698397,0.5270542892974218,1.9047928629323092
-2.3826640344030143,4.703043570898952,0.5524503457544868,1.4047928629323092
9.966478562363235,-1.1536644596811185,-0.4757334932633348,1.5
7.703417021696061,-0.0358629969234352,-1.0810235359782665,1.5
5.440355481028885,1.0819384658342481,-1.6863135786931982,1.0
4.85443394598782,-5.617145659418673,0.2927366528973674,1.9047928629323092
4.494703568316057,-3.973438709682676,0.2618276016229343,1.9047928629323092
4.134973190644294,-2.329731759946679,0.23091855034850117,1.4047928629323092
-2.4690198672151635,8.355042218497841,0.5016582328403568,1.9047928629323092
-2.425841950809089,6.529042894698397,0.5270542892974218,1.9047928629323092
-2.3826640344030143,4.703043570898952,0.5524503457544868,1.4047928629323092
9.966478562363235,-1.1536644596811185,-0.4757334932633348,1.5
7.703417021696061,-0.0358629969234352,-1.0810235359782665,1.5
5.440355481028885,1.0819384658342481,-1.6863135786931982,1.0
4.85443394598782,-5.617145659418673,0.2927366528973674,1.9047928629323092
4.494703568316057,-3.973438709682676,0.2618276016229343,1.9047928629323092
4.134973190644294,-2.329731759946679,0.23091855034850117,1.4047928629323092
-2.4690198672151635,8.355042218497841,0.5016582328403568,1.9047928629323092
-2.425841950809089,6.529042894698397,0.5270542892974218,1.9047928629323092
-2.3826640344030143,4.703043570898952,0.5524503457544868,1.4047928629323092
9.966478562363235,-1.1536644596811185,-0.4757334932633348,1.5
7.703417021696061,-0.0358629969234352,-1.0810235359782665,1.5
5.440355481028885,1.0819384658342481,-1.6863135786931982,1.0
4.85443394598782,-5.617145659418673,0.2927366528973674,1.9047928629323092
4.494703568316057,-3.973438709682676,0.2618276016229343,1.9047928629323092
4.134973190644294,-2.329731759946679,0.23091855034850117,1.4047928629323092
-2.4690198672151635,8.355042218497841,0.5016582328403568,1.9047928629323092
-2.425841950809089,6.529042894698397,0.5270542892974218,1.9047928629323092
-2.3826640344030143,4.703043570898952,0.5524503457544868,1.4047928629323092
9.966478562363235,-1.1536644596811185,-0.4757334932633348,1.5
7.703417021696061,-0.0358629969234352,-1.0810235359782665,1.5
5.440355481028885,1.0819384658342481,-1.6863135786931982,1.0
4.85443394598782,-5.617145659418673,0.2927366528973674,1.9047928629323092
4.494703568316057,-3.973438709682676,0.2618276016229343,1.9047928629323092
4.134973190644294,-2.329731759946679,0.23091855034850117,1.4047928629323092
-2.4690198672151635,8.355042218497841,0.5016582328403568,1.9047928629323092
-2.425841950809089,6.529042894698397,0.5270542892974218,1.9047928629323092
-2.3826640344030143,4.703043570898952,0.5524503457544868,1.4047928629323092
9.36202250947836,-0.7356989235981994,-0.6271506388369812,1.5
7.248118532207748,0.25356644566665043,-1.1971252818849292,1.5
5.134214554937136,1.2428318149315003,-1.7670999249328772,1.0
4.85443394598782,-5.617145659418673,0.2927366528973674,1.9047928629323092
4.494703568316057,-3.973438709682676,0.2618276016229343,1.9047928629323092
4.134973190644294,-2.329731759946679,0.23091855034850117,1.4047928629323092
-2.4690198672151635,8.355042218497841,0.5016582328403568,1.9047928629323092
-2.425841950809089,6.529042894698397,0.5270542892974218,1.9047928629323092
-2.3826640344030143,4.703043570898952,0.5524503457544868,1.4047928629323092
9.36202250947836,-0.7356989235981994,-0.6271506388369812,1.5
7.248118532207748,0.25356644566665043,-1.1971252818849292,1.5
5.134214554937136,1.2428318149315003,-1.7670999249328772,1.0
4.85443394598782,-5.617145659418673,0.2927366528973674,1.9047928629323092
4.494703568316057,-3.973438709682676,0.2618276016229343,1.9047928629323092
4.134973190644294,-2.329731759946679,0.23091855034850117,1.4047928629323092
-2.4690198672151635,8.355042218497841,0.5016582328403568,1.9047928629323092
-2.425841950809089,6.529042894698397,0.5270542892974218,1.9047928629323092
-2.3826640344030143,4.703043570898952,0.5524503457544868,1.4047928629323092
8.707533040528075,-0.29138602321760043,-0.7961459257127999,1.5
6.774387865181657,0.5498518060278488,-1.3206731195755044,1.5
4.841242689835239,1.391089635273298,-1.845200313438209,1.0
4.8052462871111175,-5.496830048278293,0.2699671879423438,1.9047928629323092
4.447524233599113,-3.8144435518064763,0.24770988636603247,1.9047928629323092
4.0898021800871085,-2.1320570553346596,0.22545258478972113,1.4047928629323092
-2.4255394437594475,8.249686050895203,0.5396555611963361,1.9047928629323092
-2.3998407654113185,6.367672564465581,0.5490948493734624,1.9047928629323092
-2.3741420870631895,4.485659078035959,0.5585341375505888,1.4047928629323092
8.093656302425122,0.12489760120786819,-0.955272134221073,1.5
6.3292580735862565,0.8247190961375459,-1.4374113879183892,1.5
4.5648598447473905,1.5245405910672236,-1.9195506416157053,1.0
0.0,0.0,-5.0,2.927353458508384
