3.840563869662617,-1.131551828656273,0.20901769371050571,1.5
3.591422819090152,0.504241513334465,0.23762278224733535,1.0
-2.0322307368287897,5.738680912619236,0.7757745958640387,1.5
-2.243898520502031,3.577269653956762,0.6259678466280045,1.5
-2.455566304175272,1.4158583952942876,0.47616109739197027,1.0
4.664953343983628,1.774632864196242,-2.0824838319254284,1.5
2.1654585424902635,2.3558931513787957,-2.7001416442401074,1.5
-0.3340362590031003,2.9371534385613494,-3.3177994565547864,1.0
3.840563869662617,-1.131551828656273,0.20901769371050571,1.5964911673978712
3.591422819090152,0.504241513334465,0.23762278224733535,1.0964911673978712
-2.0322307368287897,5.738680912619236,0.7757745958640387,1.5964911673978712
-2.243898520502031,3.577269653956762,0.6259678466280045,1.5964911673978712
-2.455566304175272,1.4158583952942876,0.47616109739197027,1.0964911673978712
4.274057658609845,1.8575704751863529,-2.2590702350646867,1.5964911673978712
1.8118325216502074,2.4340677978427245,-2.8304269419508823,1.5964911673978712
-0.65039261530943,3.010565120499096,-3.401783648837078,1.0964911673978712
3.840563869662617,-1.131551828656273,0.20901769371050571,1.5964911673978712
3.591422819090152,0.504241513334465,0.23762278224733535,1.0964911673978712
-2.0322307368287897,5.738680912619236,0.7757745958640387,1.5964911673978712
-2.243898520502031,3.577269653956762,0.6259678466280045,1.5964911673978712
-2.455566304175272,1.4158583952942876,0.47616109739197027,1.0964911673978712
4.274057658609845,1.8575704751863529,-2.2590702350646867,1.5964911673978712
1.8118325216502074,2.4340677978427245,-2.8304269419508823,1.5964911673978712
-0.65039261530943,3.010565120499096,-3.401783648837078,1.0964911673978712
3.840563869662617,-1.131551828656273,0.20901769371050571,1.5964911673978712
3.591422819090152,0.504241513334465,0.23762278224733535,1.0964911673978712
-2.0322307368287897,5.738680912619236,0.7757745958640387,1.5964911673978712
-2.243898520502031,3.577269653956762,0.6259678466280045,1.5964911673978712
-2.455566304175272,1.4158583952942876,0.47616109739197027,1.0964911673978712
3.842589362835206,1.9417203366224327,-2.457989685800692,1.5964911673978712
1.4384783687050624,2.512637752166953,-2.970083014171295,1.5964911673978712
-0.9656326254250812,3.083555167711473,-3.482176342541898,1.0964911673978712
3.840563869662617,-1.131551828656273,0.20901769371050571,1.5964911673978712
3.591422819090152,0.504241513334465,0.23762278224733535,1.0964911673978712
-2.0322307368287897,5.738680912619236,0.7757745958640387,1.5964911673978712
-2.243898520502031,3.577269653956762,0.6259678466280045,1.5964911673978712
-2.455566304175272,1.4158583952942876,0.47616109739197027,1.0964911673978712
3.842589362835206,1.9417203366224327,-2.457989685800692,1.5964911673978712
1.4384783687050624,2.512637752166953,-2.970083014171295,1.5964911673978712
-0.9656326254250812,3.083555167711473,-3.482176342541898,1.0964911673978712
3.840563869662617,-1.131551828656273,0.20901769371050571,1.5964911673978712
3.591422819090152,0.504241513334465,0.23762278224733535,1.0964911673978712
-2.0322307368287897,5.738680912619236,0.7757745958640387,1.5964911673978712
-2.243898520502031,3.577269653956762,0.6259678466280045,1.5964911673978712
-2.455566304175272,1.4158583952942876,0.47616109739197027,1.0964911673978712
3.842589362835206,1.9417203366224327,-2.457989685800692,1.5964911673978712
1.4384783687050624,2.512637752166953,-2.970083014171295,1.5964911673978712
-0.9656326254250812,3.083555167711473,-3.482176342541898,1.0964911673978712
3.840563869662617,-1.131551828656273,0.20901769371050571,1.5964911673978712
3.591422819090152,0.504241513334465,0.23762278224733535,1.0964911673978712
-2.0322307368287897,5.738680912619236,0.7757745958640387,1.5964911673978712
-2.243898520502031,3.577269653956762,0.6259678466280045,1.5964911673978712
-2.455566304175272,1.4158583952942876,0.47616109739197027,1.0964911673978712
3.842589362835206,1.9417203366224327,-2.457989685800692,1.5964911673978712
1.4384783687050624,2.512637752166953,-2.970083014171295,1.5964911673978712
-0.9656326254250812,3.083555167711473,-3.482176342541898,1.0964911673978712
0.0,0.0,-5.0,2.0964911673978714
