4.216128753353486,-3.424096908812838,0.15372315650793994,1.5
3.939929870364912,-1.6825239703516184,0.1908829851724383,1.5
3.663730987376338,0.05904896810960119,0.22804281383693664,1.0
-2.063569121974546,6.35035787651277,0.786130365220995,1.5
-2.239923396048343,4.15775785260362,0.6474052618140247,1.5
-2.4162776701221405,1.9651578286944693,0.5086801584070544,1.0
0.37347306376440015,2.431748564315913,-1.2182811155159905,1.5
1.967761781950213,0.542400069912313,-1.146838551461298,1.5
3.5620505001360256,-1.3469484244912868,-1.0753959874066055,1.0
4.216128753353486,-3.424096908812838,0.15372315650793994,1.5
3.939929870364912,-1.6825239703516184,0.1908829851724383,1.5
3.663730987376338,0.05904896810960119,0.22804281383693664,1.0
-2.063569121974546,6.35035787651277,0.786130365220995,1.5
-2.239923396048343,4.15775785260362,0.6474052618140247,1.5
-2.4162776701221405,1.9651578286944693,0.5086801584070544,1.0
0.37347306376440015,2.431748564315913,-1.2182811155159905,1.5
1.967761781950213,0.542400069912313,-1.146838551461298,1.5
3.5620505001360256,-1.3469484244912868,-1.0753959874066055,1.0
4.216128753353486,-3.424096908812838,0.15372315650793994,1.5
3.939929870364912,-1.6825239703516184,0.1908829851724383,1.5
3.663730987376338,0.05904896810960119,0.22804281383693664,1.0
-2.063569121974546,6.35035787651277,0.786130365220995,1.5
-2.239923396048343,4.15775785260362,0.6474052618140247,1.5
-2.4162776701221405,1.9651578286944693,0.5086801584070544,1.0
0.37347306376440015,2.431748564315913,-1.2182811155159905,1.5
1.967761781950213,0.542400069912313,-1.146838551461298,1.5
3.5620505001360256,-1.3469484244912868,-1.0753959874066055,1.0
4.216128753353486,-3.424096908812838,0.15372315650793994,1.5
3.939929870364912,-1.6825239703516184,0.1908829851724383,1.5
3.663730987376338,0.05904896810960119,0.22804281383693664,1.0
-2.063569121974546,6.35035787651277,0.786130365220995,1.5
-2.239923396048343,4.15775785260362,0.6474052618140247,1.5
-2.4162776701221405,1.9651578286944693,0.5086801584070544,1.0
0.37347306376440015,2.431748564315913,-1.2182811155159905,1.5
1.967761781950213,0.542400069912313,-1.146838551461298,1.5
3.5620505001360256,-1.3469484244912868,-1.0753959874066055,1.0
4.216128753353486,-3.424096908812838,0.15372315650793994,1.5
3.939929870364912,-1.6825239703516184,0.1908829851724383,1.5
3.663730987376338,0.05904896810960119,0.22804281383693664,1.0
-2.063569121974546,6.35035787651277,0.786130365220995,1.5
-2.239923396048343,4.15775785260362,0.6474052618140247,1.5
-2.4162776701221405,1.9651578286944693,0.5086801584070544,1.0
0.37347306376440015,2.431748564315913,-1.2182811155159905,1.5
1.967761781950213,0.542400069912313,-1.146838551461298,1.5
3.5620505001360256,-1.3469484244912868,-1.0753959874066055,1.0
4.216128753353486,-3.424096908812838,0.15372315650793994,1.5
3.939929870364912,-1.6825239703516184,0.1908829851724383,1.5
3.663730987376338,0.05904896810960119,0.22804281383693664,1.0
-2.063569121974546,6.35035787651277,0.786130365220995,1.5
-2.239923396048343,4.15775785260362,0.6474052618140247,1.5
-2.4162776701221405,1.9651578286944693,0.5086801584070544,1.0
0.37347306376440015,2.431748564315913,-1.2182811155159905,1.5
1.967761781950213,0.542400069912313,-1.146838551461298,1.5
3.5620505001360256,-1.3469484244912868,-1.0753959874066055,1.0
4.216128753353486,-3.424096908812838,0.15372315650793994,1.6067173752412987
3.939929870364912,-1.6825239703516184,0.1908829851724383,1.8061081592742472
3.663730987376338,0.05904896810960119,0.22804281383693664,1.1067173752412987
-2.063569121974546,6.35035787651277,0.786130365220995,1.6067173752412987
-2.239923396048343,4.15775785260362,0.6474052618140247,1.6067173752412987
-2.4162776701221405,1.9651578286944693,0.5086801584070544,1.1067173752412987
0.579318877034078,2.2017709080428958,-1.210049861542091,1.8061081592742472
2.1700243701568986,0.31025217045917586,-1.1382986278731073,1.8061081592742472
3.7607298632797193,-1.581266567124544,-1.0665473942041237,1.3061081592742472
4.216128753353486,-3.424096908812838,0.15372315650793994,1.6067173752412987
3.939929870364912,-1.6825239703516184,0.1908829851724383,1.8061081592742472
3.663730987376338,0.05904896810960119,0.22804281383693664,1.1067173752412987
-2.063569121974546,6.35035787651277,0.786130365220995,1.6067173752412987
-2.239923396048343,4.15775785260362,0.6474052618140247,1.6067173752412987
-2.4162776701221405,1.9651578286944693,0.5086801584070544,1.1067173752412987
0.579318877034078,2.2017709080428958,-1.210049861542091,1.8061081592742472
2.1700243701568986,0.31025217045917586,-1.1382986278731073,1.8061081592742472
3.7607298632797193,-1.581266567124544,-1.0665473942041237,1.3061081592742472
4.216128753353486,-3.424096908812838,0.15372315650793994,1.6067173752412987
3.939929870364912,-1.6825239703516184,0.1908829851724383,1.8061081592742472
3.663730987376338,0.05904896810960119,0.22804281383693664,1.1067173752412987
-2.063569121974546,6.35035787651277,0.786130365220995,1.6067173752412987
-2.239923396048343,4.15775785260362,0.6474052618140247,1.6067173752412987
-2.4162776701221405,1.9651578286944693,0.5086801584070544,1.1067173752412987
0.579318877034078,2.2017709080428958,-1.210049861542091,1.8061081592742472
2.1700243701568986,0.31025217045917586,-1.1382986278731073,1.8061081592742472
3.7607298632797193,-1.581266567124544,-1.0665473942041237,1.3061081592742472
4.216128753353486,-3.424096908812838,0.15372315650793994,1.6067173752412987
3.939929870364912,-1.6825239703516184,0.1908829851724383,1.8061081592742472
3.663730987376338,0.05904896810960119,0.22804281383693664,1.1067173752412987
-2.063569121974546,6.35035787651277,0.786130365220995,1.6067173752412987
-2.239923396048343,4.15775785260362,0.6474052618140247,1.6067173752412987
-2.4162776701221405,1.9651578286944693,0.5086801584070544,1.1067173752412987
0.579318877034078,2.2017709080428958,-1.210049861542091,1.8061081592742472
2.1700243701568986,0.31025217045917586,-1.1382986278731073,1.8061081592742472
3.7607298632797193,-1.581266567124544,-1.0665473942041237,1.3061081592742472
4.216128753353486,-3.424096908812838,0.15372315650793994,1.6067173752412987
3.939929870364912,-1.6825239703516184,0.1908829851724383,1.8061081592742472
3.663730987376338,0.05904896810960119,0.22804281383693664,1.1067173752412987
-2.063569121974546,6.35035787651277,0.786130365220995,1.6067173752412987
-2.239923396048343,4.15775785260362,0.6474052618140247,1.6067173752412987
-2.4162776701221405,1.9651578286944693,0.5086801584070544,1.1067173752412987
0.8035563810312047,1.9503111085983502,-1.2013913933821965,1.8061081592742472
2.381997507585487,0.0663930744291148,-1.1295125137592816,1.8061081592742472
3.9604386341397695,-1.8175249597401206,-1.0576336341363668,1.3061081592742472
4.152631754686601,-3.1077451358189507,0.16385187684898697,1.6067173752412987
3.8897178483350277,-1.41220639357246,0.19829897498954926,1.8061081592742472
3.626803941983454,0.2833323486740304,0.23274607313011156,1.1067173752412987
-2.0450756074817025,6.055856573127676,0.7847715168202778,1.6067173752412987
-2.2398651115187236,3.873344007347936,0.6389433902254269,1.6067173752412987
-2.4346546155557447,1.6908314415681955,0.493115263630576,1.1067173752412987
1.0472531144742572,1.6762280802543743,-1.1922371182342222,1.8061081592742472
2.6037602347720696,-0.18923330001450678,-1.1204533230062117,1.8061081592742472
4.160267355069882,-2.054694680283388,-1.0486695277782012,1.3061081592742472
0.0,0.0,-5.0,2.306108159274247
