4.989522262631719,-5.908371328965229,0.3652137753927827,1.5
4.629634229613875,-4.397845619513001,0.3093092991515581,1.5
4.269746196596031,-2.8873199100607736,0.25340482291033345,1.0
-2.5972317260640603,8.60331538409713,0.3855866943352183,1.5
-2.507995870463712,6.956252861672661,0.4547656716213665,1.5
-2.4187600148633637,5.309190339248193,0.5239446489075147,1.0
4.989522262631719,-5.908371328965229,0.3652137753927827,1.5
4.629634229613875,-4.397845619513001,0.3093092991515581,1.5
4.269746196596031,-2.8873199100607736,0.25340482291033345,1.0
-2.5972317260640603,8.60331538409713,0.3855866943352183,1.5
-2.507995870463712,6.956252861672661,0.4547656716213665,1.5
-2.4187600148633637,5.309190339248193,0.5239446489075147,1.0
4.989522262631719,-5.908371328965229,0.3652137753927827,1.5
4.629634229613875,-4.397845619513001,0.3093092991515581,1.5
4.269746196596031,-2.8873199100607736,0.25340482291033345,1.0
-2.5972317260640603,8.60331538409713,0.3855866943352183,1.5
-2.507995870463712,6.956252861672661,0.4547656716213665,1.5
-2.4187600148633637,5.309190339248193,0.5239446489075147,1.0
4.989522262631719,-5.908371328965229,0.3652137753927827,1.5
4.629634229613875,-4.397845619513001,0.3093092991515581,1.5
4.269746196596031,-2.8873199100607736,0.25340482291033345,1.0
-2.5972317260640603,8.60331538409713,0.3855866943352183,1.5
-2.507995870463712,6.956252861672661,0.4547656716213665,1.5
-2.4187600148633637,5.309190339248193,0.5239446489075147,1.0
4.989522262631719,-5.908371328965229,0.3652137753927827,1.5
4.629634229613875,-4.397845619513001,0.3093092991515581,1.5
4.269746196596031,-2.8873199100607736,0.25340482291033345,1.0
-2.5972317260640603,8.60331538409713,0.3855866943352183,1.5
-2.507995870463712,6.956252861672661,0.4547656716213665,1.5
-2.4187600148633637,5.309190339248193,0.5239446489075147,1.0
4.989522262631719,-5.908371328965229,0.3652137753927827,2.031059368173938
4.629634229613875,-4.397845619513001,0.3093092991515581,2.031059368173938
4.269746196596031,-2.8873199100607736,0.25340482291033345,1.531059368173938
-2.5972317260640603,8.60331538409713,0.3855866943352183,2.031059368173938
-2.507995870463712,6.956252861672661,0.4547656716213665,2.031059368173938
-2.4187600148633637,5.309190339248193,0.5239446489075147,1.531059368173938
4.989522262631719,-5.908371328965229,0.3652137753927827,2.031059368173938
4.629634229613875,-4.397845619513001,0.3093092991515581,2.031059368173938
4.269746196596031,-2.8873199100607736,0.25340482291033345,1.531059368173938
-2.5972317260640603,8.60331538409713,0.3855866943352183,2.031059368173938
-2.507995870463712,6.956252861672661,0.4547656716213665,2.031059368173938
-2.4187600148633637,5.309190339248193,0.5239446489075147,1.531059368173938
4.989522262631719,-5.908371328965229,0.3652137753927827,2.031059368173938
4.629634229613875,-4.397845619513001,0.3093092991515581,2.031059368173938
4.269746196596031,-2.8873199100607736,0.25340482291033345,1.531059368173938
-2.5972317260640603,8.60331538409713,0.3855866943352183,2.031059368173938
-2.507995870463712,6.956252861672661,0.4547656716213665,2.031059368173938
-2.4187600148633637,5.309190339248193,0.5239446489075147,1.531059368173938
4.989522262631719,-5.908371328965229,0.3652137753927827,2.031059368173938
4.629634229613875,-4.397845619513001,0.3093092991515581,2.031059368173938
4.269746196596031,-2.8873199100607736,0.25340482291033345,1.531059368173938
-2.5972317260640603,8.60331538409713,0.3855866943352183,2.031059368173938
-2.507995870463712,6.956252861672661,0.4547656716213665,2.031059368173938
-2.4187600148633637,5.309190339248193,0.5239446489075147,1.531059368173938
4.989522262631719,-5.908371328965229,0.3652137753927827,2.031059368173938
4.629634229613875,-4.397845619513001,0.3093092991515581,2.031059368173938
4.269746196596031,-2.8873199100607736,0.25340482291033345,1.531059368173938
-2.5972317260640603,8.60331538409713,0.3855866943352183,2.031059368173938
-2.507995870463712,6.956252861672661,0.4547656716213665,2.031059368173938
-2.4187600148633637,5.309190339248193,0.5239446489075147,1.531059368173938
4.946475278309071,-5.822192281502222,0.34045481052989424,2.031059368173938
4.585757606364066,-4.264890902973496,0.2926890337210092,2.031059368173938
4.22503993441906,-2.7075895244447694,0.24492325691212422,1.531059368173938
-2.5551938685314286,8.53116657077037,0.4242101937660643,2.031059368173938
-2.480163059924632,6.82304794844111,0.4796184945836257,2.031059368173938
-2.4051322513178355,5.11492932611185,0.5350267954011871,1.531059368173938
0.0,0.0,-5.0,2.531059368173938
