3.6129791488066254,0.4970499285870287,0.4461499765289919,1.5
3.4632151905263586,1.365488171686644,0.3158257304319527,1.5
3.313451232246092,2.2339264147862594,0.1855014843349136,1.0
-2.4070663531451943,1.1570636753131205,0.13455311287757954,1.5
-2.5922767096467156,-0.02899914668792869,0.23503824023369368,1.5
-2.777487066148237,-1.2150619686889779,0.33552336758980783,1.0
-2.4882345165783546,3.333576516353067,-4.080729054991856,1.5
-4.2245588340137745,4.146431092109073,-3.3312726597050313,1.5
-5.9608831514491945,4.959285667865079,-2.5818162644182063,1.0
3.6129791488066254,0.4970499285870287,0.4461499765289919,1.5
3.4632151905263586,1.365488171686644,0.3158257304319527,1.5
3.313451232246092,2.2339264147862594,0.1855014843349136,1.0
-2.4070663531451943,1.1570636753131205,0.13455311287757954,1.5
-2.5922767096467156,-0.02899914668792869,0.23503824023369368,1.5
-2.777487066148237,-1.2150619686889779,0.33552336758980783,1.0
-2.4882345165783546,3.333576516353067,-4.080729054991856,1.5
-4.2245588340137745,4.146431092109073,-3.3312726597050313,1.5
-5.9608831514491945,4.959285667865079,-2.5818162644182063,1.0
3.6129791488066254,0.4970499285870287,0.4461499765289919,1.5
3.4632151905263586,1.365488171686644,0.3158257304319527,1.5
3.313451232246092,2.2339264147862594,0.1855014843349136,1.0
-2.4070663531451943,1.1570636753131205,0.13455311287757954,1.5
-2.5922767096467156,-0.02899914668792869,0.23503824023369368,1.5
-2.777487066148237,-1.2150619686889779,0.33552336758980783,1.0
-2.4882345165783546,3.333576516353067,-4.080729054991856,1.5
-4.2245588340137745,4.146431092109073,-3.3312726597050313,1.5
-5.9608831514491945,4.959285667865079,-2.5818162644182063,1.0
3.6129791488066254,0.4970499285870287,0.4461499765289919,1.5
3.4632151905263586,1.365488171686644,0.3158257304319527,1.5
3.313451232246092,2.2339264147862594,0.1855014843349136,1.0
-2.4070663531451943,1.1570636753131205,0.13455311287757954,1.5
-2.5922767096467156,-0.02899914668792869,0.23503824023369368,1.5
-2.777487066148237,-1.2150619686889779,0.33552336758980783,1.0
-2.4882345165783546,3.333576516353067,-4.080729054991856,1.5
-4.2245588340137745,4.146431092109073,-3.3312726597050313,1.5
-5.9608831514491945,4.959285667865079,-2.5818162644182063,1.0
3.6129791488066254,0.4970499285870287,0.4461499765289919,1.5724827389038312
3.4632151905263586,1.365488171686644,0.3158257304319527,1.5724827389038312
3.313451232246092,2.2339264147862594,0.1855014843349136,1.0724827389038312
-2.4070663531451943,1.1570636753131205,0.13455311287757954,1.5724827389038312
-2.5922767096467156,-0.02899914668792869,0.23503824023369368,1.5724827389038312
-2.777487066148237,-1.2150619686889779,0.33552336758980783,1.0724827389038312
-2.704484438070505,3.433121254274421,-3.983734260639041,1.5724827389038312
-4.440532160351317,4.246645114835613,-3.236053954057682,1.5724827389038312
-6.176579882632129,5.060168975396805,-2.4883736474763225,1.0724827389038312
3.6129791488066254,0.4970499285870287,0.4461499765289919,1.5724827389038312
3.4632151905263586,1.365488171686644,0.3158257304319527,1.5724827389038312
3.313451232246092,2.2339264147862594,0.1855014843349136,1.0724827389038312
-2.4070663531451943,1.1570636753131205,0.13455311287757954,1.5724827389038312
-2.5922767096467156,-0.02899914668792869,0.23503824023369368,1.5724827389038312
-2.777487066148237,-1.2150619686889779,0.33552336758980783,1.0724827389038312
-2.704484438070505,3.433121254274421,-3.983734260639041,1.5724827389038312
-4.440532160351317,4.246645114835613,-3.236053954057682,1.5724827389038312
-6.176579882632129,5.060168975396805,-2.4883736474763225,1.0724827389038312
3.6129791488066254,0.4970499285870287,0.4461499765289919,1.5724827389038312
3.4632151905263586,1.365488171686644,0.3158257304319527,1.5724827389038312
3.313451232246092,2.2339264147862594,0.1855014843349136,1.0724827389038312
-2.4070663531451943,1.1570636753131205,0.13455311287757954,1.5724827389038312
-2.5922767096467156,-0.02899914668792869,0.23503824023369368,1.5724827389038312
-2.777487066148237,-1.2150619686889779,0.33552336758980783,1.0724827389038312
-2.704484438070505,3.433121254274421,-3.983734260639041,1.5724827389038312
-4.440532160351317,4.246645114835613,-3.236053954057682,1.5724827389038312
-6.176579882632129,5.060168975396805,-2.4883736474763225,1.0724827389038312
3.6129791488066254,0.4970499285870287,0.4461499765289919,1.5724827389038312
3.4632151905263586,1.365488171686644,0.3158257304319527,1.5724827389038312
3.313451232246092,2.2339264147862594,0.1855014843349136,1.0724827389038312
-2.4070663531451943,1.1570636753131205,0.13455311287757954,1.5724827389038312
-2.5922767096467156,-0.02899914668792869,0.23503824023369368,1.5724827389038312
-2.777487066148237,-1.2150619686889779,0.33552336758980783,1.0724827389038312
-2.704484438070505,3.433121254274421,-3.983734260639041,1.5724827389038312
-4.440532160351317,4.246645114835613,-3.236053954057682,1.5724827389038312
-6.176579882632129,5.060168975396805,-2.4883736474763225,1.0724827389038312
3.6129791488066254,0.4970499285870287,0.4461499765289919,1.5724827389038312
3.4632151905263586,1.365488171686644,0.3158257304319527,1.5724827389038312
3.313451232246092,2.2339264147862594,0.1855014843349136,1.0724827389038312
-2.4070663531451943,1.1570636753131205,0.13455311287757954,1.5724827389038312
-2.5922767096467156,-0.02899914668792869,0.23503824023369368,1.5724827389038312
-2.777487066148237,-1.2150619686889779,0.33552336758980783,1.0724827389038312
-2.704484438070505,3.433121254274421,-3.983734260639041,1.5724827389038312
-4.440532160351317,4.246645114835613,-3.236053954057682,1.5724827389038312
-6.176579882632129,5.060168975396805,-2.4883736474763225,1.0724827389038312
3.6129791488066254,0.4970499285870287,0.4461499765289919,1.5724827389038312
3.4632151905263586,1.365488171686644,0.3158257304319527,1.5724827389038312
3.313451232246092,2.2339264147862594,0.1855014843349136,1.0724827389038312
-2.4070663531451943,1.1570636753131205,0.13455311287757954,1.5724827389038312
-2.5922767096467156,-0.02899914668792869,0.23503824023369368,1.5724827389038312
-2.777487066148237,-1.2150619686889779,0.33552336758980783,1.0724827389038312
-2.704484438070505,3.433121254274421,-3.983734260639041,1.5724827389038312
-4.440532160351317,4.246645114835613,-3.236053954057682,1.5724827389038312
-6.176579882632129,5.060168975396805,-2.4883736474763225,1.0724827389038312
3.6129791488066254,0.4970499285870287,0.4461499765289919,1.5724827389038312
3.4632151905263586,1.365488171686644,0.3158257304319527,1.5724827389038312
3.313451232246092,2.2339264147862594,0.1855014843349136,1.0724827389038312
-2.4070663531451943,1.1570636753131205,0.13455311287757954,1.5724827389038312
-2.5922767096467156,-0.02899914668792869,0.23503824023369368,1.5724827389038312
-2.777487066148237,-1.2150619686889779,0.33552336758980783,1.0724827389038312
-2.9412156390711743,3.5415945894354834,-3.8785192761082876,1.5724827389038312
-4.6675353817618745,4.351709980743681,-3.136505401192584,1.5724827389038312
-6.393855124452575,5.161825372051879,-2.3944915262768807,1.0724827389038312
3.6129791488066254,0.4970499285870287,0.4461499765289919,1.5724827389038312
3.4632151905263586,1.365488171686644,0.3158257304319527,1.5724827389038312
3.313451232246092,2.2339264147862594,0.1855014843349136,1.0724827389038312
-2.4070663531451943,1.1570636753131205,0.13455311287757954,1.5724827389038312
-2.5922767096467156,-0.02899914668792869,0.23503824023369368,1.5724827389038312
-2.777487066148237,-1.2150619686889779,0.33552336758980783,1.0724827389038312
-2.9412156390711743,3.5415945894354834,-3.8785192761082876,1.5724827389038312
-4.6675353817618745,4.351709980743681,-3.136505401192584,1.5724827389038312
-6.393855124452575,5.161825372051879,-2.3944915262768807,1.0724827389038312
3.6129791488066254,0.4970499285870287,0.4461499765289919,1.5724827389038312
3.4632151905263586,1.365488171686644,0.3158257304319527,1.5724827389038312
3.313451232246092,2.2339264147862594,0.1855014843349136,1.0724827389038312
-2.4070663531451943,1.1570636753131205,0.13455311287757954,1.5724827389038312
-2.5922767096467156,-0.02899914668792869,0.23503824023369368,1.5724827389038312
-2.777487066148237,-1.2150619686889779,0.33552336758980783,1.0724827389038312
-2.9412156390711743,3.5415945894354834,-3.8785192761082876,1.5724827389038312
-4.6675353817618745,4.351709980743681,-3.136505401192584,1.5724827389038312
-6.393855124452575,5.161825372051879,-2.3944915262768807,1.0724827389038312
3.6129791488066254,0.4970499285870287,0.4461499765289919,1.5724827389038312
3.4632151905263586,1.365488171686644,0.3158257304319527,1.5724827389038312
3.313451232246092,2.2339264147862594,0.1855014843349136,1.0724827389038312
-2.4070663531451943,1.1570636753131205,0.13455311287757954,1.5724827389038312
-2.5922767096467156,-0.02899914668792869,0.23503824023369368,1.5724827389038312
-2.777487066148237,-1.2150619686889779,0.33552336758980783,1.0724827389038312
-2.9412156390711743,3.5415945894354834,-3.8785192761082876,1.5724827389038312
-4.6675353817618745,4.351709980743681,-3.136505401192584,1.5724827389038312
-6.393855124452575,5.161825372051879,-2.3944915262768807,1.0724827389038312
3.6129791488066254,0.4970499285870287,0.4461499765289919,1.5724827389038312
3.4632151905263586,1.365488171686644,0.3158257304319527,1.5724827389038312
3.313451232246092,2.2339264147862594,0.1855014843349136,1.0724827389038312
-2.4070663531451943,1.1570636753131205,0.13455311287757954,1.5724827389038312
-2.5922767096467156,-0.02899914668792869,0.23503824023369368,1.5724827389038312
-2.777487066148237,-1.2150619686889779,0.33552336758980783,1.0724827389038312
-2.9412156390711743,3.5415945894354834,-3.8785192761082876,1.5724827389038312
-4.6675353817618745,4.351709980743681,-3.136505401192584,1.5724827389038312
-6.393855124452575,5.161825372051879,-2.3944915262768807,1.0724827389038312
3.6129791488066254,0.4970499285870287,0.4461499765289919,1.5724827389038312
3.4632151905263586,1.365488171686644,0.3158257304319527,1.5724827389038312
3.313451232246092,2.2339264147862594,0.1855014843349136,1.0724827389038312
-2.4070663531451943,1.1570636753131205,0.13455311287757954,1.5724827389038312
-2.5922767096467156,-0.02899914668792869,0.23503824023369368,1.5724827389038312
-2.777487066148237,-1.2150619686889779,0.33552336758980783,1.0724827389038312
-3.199549999278772,3.6595602584725917,-3.76460185493899,1.5724827389038312
-4.905632660891038,4.461696161827023,-3.032589802050374,1.5724827389038312
-6.611715322503303,5.263832065181454,-2.3005777491617576,1.0724827389038312
3.5937066639280886,0.5314059041962471,0.4258218743897365,1.5724827389038312
3.4442503542381253,1.43371952060797,0.29740431849927407,1.5724827389038312
3.294794044548162,2.336033137019693,0.16898676260881154,1.0724827389038312
-2.443907190973753,1.0614531082489798,0.15944498711078564,1.5724827389038312
-2.6228916232960438,-0.1516728157257612,0.2536061257107081,1.5724827389038312
-2.8018760556183344,-1.3647987397005021,0.3477672643106306,1.0724827389038312
-3.480643850142876,3.7875817506244625,-3.641502572464429,1.5724827389038312
-5.15484458015489,4.576647353183772,-2.9242953196196115,1.5724827389038312
-6.829045310166904,5.365712955743082,-2.207088066774794,1.0724827389038312
3.5725169012503124,0.5716399336956535,0.40358750200128385,1.5724827389038312
3.424275792146967,1.5070575539842093,0.2780712341038172,1.5724827389038312
3.2760346830436213,2.442475174272765,0.15255496620635056,1.0724827389038312
0.0,0.0,-5.0,2.0724827389038314
