4.989522262631719,-5.908371328965229,0.3652137753927827,1.5
4.629634229613875,-4.397845619513001,0.3093092991515581,1.5
4.269746196596031,-2.8873199100607736,0.25340482291033345,1.0
-2.5972317260640603,8.60331538409713,0.3855866943352183,1.5
-2.507995870463712,6.956252861672661,0.4547656716213665,1.5
-2.4187600148633637,5.309190339248193,0.5239446489075147,1.0
13.785407761168466,-4.07599343123479,0.31137508992086893,1.5
11.231175944350596,-2.464467416277353,-0.2895522185513135,1.5
8.676944127532726,-0.8529414013199168,-0.890479527023496,1.0
4.989522262631719,-5.908371328965229,0.3652137753927827,2.051387540390813
4.629634229613875,-4.397845619513001,0.3093092991515581,2.051387540390813
4.269746196596031,-2.8873199100607736,0.25340482291033345,1.551387540390813
-2.5972317260640603,8.60331538409713,0.3855866943352183,2.051387540390813
-2.507995870463712,6.956252861672661,0.4547656716213665,2.051387540390813
-2.4187600148633637,5.309190339248193,0.5239446489075147,1.551387540390813
13.551976721239642,-3.873043444096954,0.277577020331918,1.5
10.959194732043635,-2.2627520808870214,-0.3420770917765862,1.5
8.366412742847627,-0.6524607176770891,-0.9617312038850904,1.0
4.989522262631719,-5.908371328965229,0.3652137753927827,2.051387540390813
4.629634229613875,-4.397845619513001,0.3093092991515581,2.051387540390813
4.269746196596031,-2.8873199100607736,0.25340482291033345,1.551387540390813
-2.5972317260640603,8.60331538409713,0.3855866943352183,2.051387540390813
-2.507995870463712,6.956252861672661,0.4547656716213665,2.051387540390813
-2.4187600148633637,5.309190339248193,0.5239446489075147,1.551387540390813
13.291070638587312,-3.6527291417310046,0.23604600096355988,1.5
10.670198281225728,-2.051741924868447,-0.39983615150212204,1.5
8.049325923864144,-0.4507547080058893,-1.035718303967804,1.0
4.989522262631719,-5.908371328965229,0.3652137753927827,2.051387540390813
4.629634229613875,-4.397845619513001,0.3093092991515581,2.051387540390813
4.269746196596031,-2.8873199100607736,0.25340482291033345,1.551387540390813
-2.5972317260640603,8.60331538409713,0.3855866943352183,2.051387540390813
-2.507995870463712,6.956252861672661,0.4547656716213665,2.051387540390813
-2.4187600148633637,5.309190339248193,0.5239446489075147,1.551387540390813
13.291070638587312,-3.6527291417310046,0.23604600096355988,1.5
10.670198281225728,-2.051741924868447,-0.39983615150212204,1.5
8.049325923864144,-0.4507547080058893,-1.035718303967804,1.0
4.989522262631719,-5.908371328965229,0.3652137753927827,2.051387540390813
4.629634229613875,-4.397845619513001,0.3093092991515581,2.051387540390813
4.269746196596031,-2.8873199100607736,0.25340482291033345,1.551387540390813
-2.5972317260640603,8.60331538409713,0.3855866943352183,2.051387540390813
-2.507995870463712,6.956252861672661,0.4547656716213665,2.051387540390813
-2.4187600148633637,5.309190339248193,0.5239446489075147,1.551387540390813
13.291070638587312,-3.6527291417310046,0.23604600096355988,1.5
10.670198281225728,-2.051741924868447,-0.39983615150212204,1.5
8.049325923864144,-0.4507547080058893,-1.035718303967804,1.0
4.989522262631719,-5.908371328965229,0.3652137753927827,2.051387540390813
4.629634229613875,-4.397845619513001,0.3093092991515581,2.051387540390813
4.269746196596031,-2.8873199100607736,0.25340482291033345,1.551387540390813
-2.5972317260640603,8.60331538409713,0.3855866943352183,2.051387540390813
-2.507995870463712,6.956252861672661,0.4547656716213665,2.051387540390813
-2.4187600148633637,5.309190339248193,0.5239446489075147,1.551387540390813
13.291070638587312,-3.6527291417310046,0.23604600096355988,1.5
10.670198281225728,-2.051741924868447,-0.39983615150212204,1.5
8.049325923864144,-0.4507547080058893,-1.035718303967804,1.0
0.0,0.0,-5.0,2.927353458508384
