3.9090422119375345,-1.5912215147886957,0.2761786279934944,1.5
3.702194600372601,-0.23005989749571,0.26307412509694356,1.5
3.4953469888076674,1.1311017197972757,0.2499696222003927,1.0
-2.035392371765078,4.64183856039468,0.693808729331024,1.5
-2.2837208696696667,2.6207068595365026,0.5570049648320873,1.5
-2.5320493675742552,0.5995751586783252,0.42020120033315056,1.0
4.752559912340621,-2.5369087324217494,-1.063833158193366,1.5
5.365830263891889,-3.4122228103472034,-1.0095962272675099,1.5
5.979100615443157,-4.287536888272657,-0.9553592963416537,1.0
3.9090422119375345,-1.5912215147886957,0.2761786279934944,1.5
3.702194600372601,-0.23005989749571,0.26307412509694356,1.5
3.4953469888076674,1.1311017197972757,0.2499696222003927,1.0
-2.035392371765078,4.64183856039468,0.693808729331024,1.5
-2.2837208696696667,2.6207068595365026,0.5570049648320873,1.5
-2.5320493675742552,0.5995751586783252,0.42020120033315056,1.0
4.752559912340621,-2.5369087324217494,-1.063833158193366,1.5
5.365830263891889,-3.4122228103472034,-1.0095962272675099,1.5
5.979100615443157,-4.287536888272657,-0.9553592963416537,1.0
3.9090422119375345,-1.5912215147886957,0.2761786279934944,1.5
3.702194600372601,-0.23005989749571,0.26307412509694356,1.5
3.4953469888076674,1.1311017197972757,0.2499696222003927,1.0
-2.035392371765078,4.64183856039468,0.693808729331024,1.5
-2.2837208696696667,2.6207068595365026,0.5570049648320873,1.5
-2.5320493675742552,0.5995751586783252,0.42020120033315056,1.0
4.752559912340621,-2.5369087324217494,-1.063833158193366,1.5
5.365830263891889,-3.4122228103472034,-1.0095962272675099,1.5
5.979100615443157,-4.287536888272657,-0.9553592963416537,1.0
3.9090422119375345,-1.5912215147886957,0.2761786279934944,1.5
3.702194600372601,-0.23005989749571,0.26307412509694356,1.5
3.4953469888076674,1.1311017197972757,0.2499696222003927,1.0
-2.035392371765078,4.64183856039468,0.693808729331024,1.5
-2.2837208696696667,2.6207068595365026,0.5570049648320873,1.5
-2.5320493675742552,0.5995751586783252,0.42020120033315056,1.0
4.752559912340621,-2.5369087324217494,-1.063833158193366,1.5
5.365830263891889,-3.4122228103472034,-1.0095962272675099,1.5
5.979100615443157,-4.287536888272657,-0.9553592963416537,1.0
3.9090422119375345,-1.5912215147886957,0.2761786279934944,1.7176139988985473
3.702194600372601,-0.23005989749571,0.26307412509694356,1.7176139988985473
3.4953469888076674,1.1311017197972757,0.2499696222003927,1.2176139988985473
-2.035392371765078,4.64183856039468,0.693808729331024,1.7176139988985473
-2.2837208696696667,2.6207068595365026,0.5570049648320873,1.7176139988985473
-2.5320493675742552,0.5995751586783252,0.42020120033315056,1.2176139988985473
4.836548260714514,-2.630844250356189,-1.0568549654003412,1.7176139988985473
5.448791556607464,-3.515915688464144,-1.002654521254578,1.7176139988985473
6.0610348525004145,-4.400987126572099,-0.948454077108815,1.2176139988985473
3.9090422119375345,-1.5912215147886957,0.2761786279934944,1.7176139988985473
3.702194600372601,-0.23005989749571,0.26307412509694356,1.7176139988985473
3.4953469888076674,1.1311017197972757,0.2499696222003927,1.2176139988985473
-2.035392371765078,4.64183856039468,0.693808729331024,1.7176139988985473
-2.2837208696696667,2.6207068595365026,0.5570049648320873,1.7176139988985473
-2.5320493675742552,0.5995751586783252,0.42020120033315056,1.2176139988985473
4.836548260714514,-2.630844250356189,-1.0568549654003412,1.7176139988985473
5.448791556607464,-3.515915688464144,-1.002654521254578,1.7176139988985473
6.0610348525004145,-4.400987126572099,-0.948454077108815,1.2176139988985473
3.9090422119375345,-1.5912215147886957,0.2761786279934944,1.7176139988985473
3.702194600372601,-0.23005989749571,0.26307412509694356,1.7176139988985473
3.4953469888076674,1.1311017197972757,0.2499696222003927,1.2176139988985473
-2.035392371765078,4.64183856039468,0.693808729331024,1.7176139988985473
-2.2837208696696667,2.6207068595365026,0.5570049648320873,1.7176139988985473
-2.5320493675742552,0.5995751586783252,0.42020120033315056,1.2176139988985473
4.836548260714514,-2.630844250356189,-1.0568549654003412,1.7176139988985473
5.448791556607464,-3.515915688464144,-1.002654521254578,1.7176139988985473
6.0610348525004145,-4.400987126572099,-0.948454077108815,1.2176139988985473
3.9090422119375345,-1.5912215147886957,0.2761786279934944,1.7176139988985473
3.702194600372601,-0.23005989749571,0.26307412509694356,1.7176139988985473
3.4953469888076674,1.1311017197972757,0.2499696222003927,1.2176139988985473
-2.035392371765078,4.64183856039468,0.693808729331024,1.7176139988985473
-2.2837208696696667,2.6207068595365026,0.5570049648320873,1.7176139988985473
-2.5320493675742552,0.5995751586783252,0.42020120033315056,1.2176139988985473
4.836548260714514,-2.630844250356189,-1.0568549654003412,1.7176139988985473
5.448791556607464,-3.515915688464144,-1.002654521254578,1.7176139988985473
6.0610348525004145,-4.400987126572099,-0.948454077108815,1.2176139988985473
3.9090422119375345,-1.5912215147886957,0.2761786279934944,1.7176139988985473
3.702194600372601,-0.23005989749571,0.26307412509694356,1.7176139988985473
3.4953469888076674,1.1311017197972757,0.2499696222003927,1.2176139988985473
-2.035392371765078,4.64183856039468,0.693808729331024,1.7176139988985473
-2.2837208696696667,2.6207068595365026,0.5570049648320873,1.7176139988985473
-2.5320493675742552,0.5995751586783252,0.42020120033315056,1.2176139988985473
4.836548260714514,-2.630844250356189,-1.0568549654003412,1.7176139988985473
5.448791556607464,-3.515915688464144,-1.002654521254578,1.7176139988985473
6.0610348525004145,-4.400987126572099,-0.948454077108815,1.2176139988985473
3.9090422119375345,-1.5912215147886957,0.2761786279934944,1.7176139988985473
3.702194600372601,-0.23005989749571,0.26307412509694356,1.7176139988985473
3.4953469888076674,1.1311017197972757,0.2499696222003927,1.2176139988985473
-2.035392371765078,4.64183856039468,0.693808729331024,1.7176139988985473
-2.2837208696696667,2.6207068595365026,0.5570049648320873,1.7176139988985473
-2.5320493675742552,0.5995751586783252,0.42020120033315056,1.2176139988985473
4.836548260714514,-2.630844250356189,-1.0568549654003412,1.7176139988985473
5.448791556607464,-3.515915688464144,-1.002654521254578,1.7176139988985473
6.0610348525004145,-4.400987126572099,-0.948454077108815,1.2176139988985473
3.9090422119375345,-1.5912215147886957,0.2761786279934944,1.7176139988985473
3.702194600372601,-0.23005989749571,0.26307412509694356,1.7176139988985473
3.4953469888076674,1.1311017197972757,0.2499696222003927,1.2176139988985473
-2.035392371765078,4.64183856039468,0.693808729331024,1.7176139988985473
-2.2837208696696667,2.6207068595365026,0.5570049648320873,1.7176139988985473
-2.5320493675742552,0.5995751586783252,0.42020120033315056,1.2176139988985473
4.856176206995272,-2.6518345712088633,-1.0513247934570078,1.7176139988985473
5.494421648494098,-3.5778883459776525,-0.9965665773261781,1.7176139988985473
6.132667089992925,-4.503942120746442,-0.9418083611953484,1.2176139988985473
3.9090422119375345,-1.5912215147886957,0.2761786279934944,1.7176139988985473
3.702194600372601,-0.23005989749571,0.26307412509694356,1.7176139988985473
3.4953469888076674,1.1311017197972757,0.2499696222003927,1.2176139988985473
-2.035392371765078,4.64183856039468,0.693808729331024,1.7176139988985473
-2.2837208696696667,2.6207068595365026,0.5570049648320873,1.7176139988985473
-2.5320493675742552,0.5995751586783252,0.42020120033315056,1.2176139988985473
4.879545786349786,-2.678065944182486,-1.0453371066187245,1.7176139988985473
5.543556457271376,-3.6450338421759847,-0.9902011698075757,1.7176139988985473
6.207567128192966,-4.612001740169483,-0.9350652329964269,1.2176139988985473
0.0,0.0,-5.0,2.2176139988985475
