4.343248807654872,-3.9888539119054025,0.15006757874996085,1.5
4.042518412228985,-2.1916157418094553,0.18508966014891065,1.5
3.741788016803096,-0.3943775717135085,0.22011174154786045,1.0
-2.1148093629407487,6.874938323402334,0.769143876244387,1.5
-2.251112139434558,4.691306352159115,0.6519507647034203,1.5
-2.3874149159283675,2.507674380915897,0.5347576531624536,1.0
0.5666646578873014,2.036833886243683,-0.6787396055355306,1.5
1.6860831878207065,0.7759084044876597,-0.840909300949044,1.5
2.8055017177541117,-0.4850170772683634,-1.0030789963625575,1.0
4.27979852217087,-3.7174440666875492,0.14935093048385814,2.11150880951783
3.9909490622799875,-1.9423516142338004,0.18655777752653427,2.11150880951783
3.7020996023891057,-0.16725916178005162,0.2237646245692104,1.6115088095178298
-2.0870317962399256,6.623080514876717,0.7806608700776313,2.11150880951783
-2.24377458612603,4.43042052183843,0.6516408164677794,2.11150880951783
-2.4005173760121346,2.2377605288001425,0.5226207628579275,1.6115088095178298
0.36315101637842995,2.3244117100744326,-0.9807016057036799,1.836820726466545
1.6427108098814682,0.8558676562481448,-1.0185793583848501,1.836820726466545
2.9222706033845065,-0.612676397578143,-1.0564571110660204,1.336820726466545
4.216128753353486,-3.424096908812838,0.15372315650793994,2.11150880951783
3.939929870364912,-1.6825239703516184,0.1908829851724383,2.11150880951783
3.663730987376338,0.05904896810960119,0.22804281383693664,1.6115088095178298
-2.063569121974546,6.35035787651277,0.786130365220995,2.11150880951783
-2.239923396048343,4.15775785260362,0.6474052618140247,2.11150880951783
-2.4162776701221405,1.9651578286944693,0.5086801584070544,1.6115088095178298
0.17779586770350297,2.590862609054559,-1.170157997450545,1.836820726466545
1.6109694659339895,0.9220109385829177,-1.1287137561519764,1.836820726466545
3.044143064164476,-0.7468407318887235,-1.087269514853408,1.336820726466545
0.0,0.0,-5.0,2.336820726466545
