3.671915472761558,0.34912290145544533,0.49077542585384176,1.5
3.5210669014761997,1.1438869956811444,0.3620599605558297,1.5
3.3702183301908413,1.9386510899068434,0.23334449525781759,1.0
-2.2345986626215733,2.273156743585116,0.3108779635705223,1.5
-2.4615096198202777,0.8179745502708687,0.3256336838665656,1.5
-2.688420577018982,-0.6372076430433785,0.34038940416260893,1.0
-1.4553449687431455,2.846625368368022,-4.563306987850296,1.5
-3.0058031206128897,3.5739086111132323,-3.880394305976562,1.5
-4.556261272482634,4.301191853858443,-3.1974816241028288,1.0
3.671915472761558,0.34912290145544533,0.49077542585384176,1.5
3.5210669014761997,1.1438869956811444,0.3620599605558297,1.5
3.3702183301908413,1.9386510899068434,0.23334449525781759,1.0
-2.2345986626215733,2.273156743585116,0.3108779635705223,1.5
-2.4615096198202777,0.8179745502708687,0.3256336838665656,1.5
-2.688420577018982,-0.6372076430433785,0.34038940416260893,1.0
-1.4553449687431455,2.846625368368022,-4.563306987850296,1.5
-3.0058031206128897,3.5739086111132323,-3.880394305976562,1.5
-4.556261272482634,4.301191853858443,-3.1974816241028288,1.0
3.671915472761558,0.34912290145544533,0.49077542585384176,1.5
3.5210669014761997,1.1438869956811444,0.3620599605558297,1.5
3.3702183301908413,1.9386510899068434,0.23334449525781759,1.0
-2.2345986626215733,2.273156743585116,0.3108779635705223,1.5
-2.4615096198202777,0.8179745502708687,0.3256336838665656,1.5
-2.688420577018982,-0.6372076430433785,0.34038940416260893,1.0
-1.4553449687431455,2.846625368368022,-4.563306987850296,1.5
-3.0058031206128897,3.5739086111132323,-3.880394305976562,1.5
-4.556261272482634,4.301191853858443,-3.1974816241028288,1.0
3.671915472761558,0.34912290145544533,0.49077542585384176,1.5
3.5210669014761997,1.1438869956811444,0.3620599605558297,1.5
3.3702183301908413,1.9386510899068434,0.23334449525781759,1.0
-2.2345986626215733,2.273156743585116,0.3108779635705223,1.5
-2.4615096198202777,0.8179745502708687,0.3256336838665656,1.5
-2.688420577018982,-0.6372076430433785,0.34038940416260893,1.0
-1.4553449687431455,2.846625368368022,-4.563306987850296,1.5
-3.0058031206128897,3.5739086111132323,-3.880394305976562,1.5
-4.556261272482634,4.301191853858443,-3.1974816241028288,1.0
3.671915472761558,0.34912290145544533,0.49077542585384176,1.5
3.5210669014761997,1.1438869956811444,0.3620599605558297,1.5
3.3702183301908413,1.9386510899068434,0.23334449525781759,1.0
-2.2345986626215733,2.273156743585116,0.3108779635705223,1.5
-2.4615096198202777,0.8179745502708687,0.3256336838665656,1.5
-2.688420577018982,-0.6372076430433785,0.34038940416260893,1.0
-1.4553449687431455,2.846625368368022,-4.563306987850296,1.5
-3.0058031206128897,3.5739086111132323,-3.880394305976562,1.5
-4.556261272482634,4.301191853858443,-3.1974816241028288,1.0
3.671915472761558,0.34912290145544533,0.49077542585384176,1.5876328228403374
3.5210669014761997,1.1438869956811444,0.3620599605558297,1.5876328228403374
3.3702183301908413,1.9386510899068434,0.23334449525781759,1.0876328228403374
-2.2345986626215733,2.273156743585116,0.3108779635705223,1.5876328228403374
-2.4615096198202777,0.8179745502708687,0.3256336838665656,1.5876328228403374
-2.688420577018982,-0.6372076430433785,0.34038940416260893,1.0876328228403374
-1.5586695571992326,2.896816174893525,-4.512789105453429,1.5876328228403374
-3.150250191864636,3.6426112631164624,-3.814054552745026,1.5876328228403374
-4.741830826530039,4.3884063513394,-3.1153200000366223,1.0876328228403374
3.671915472761558,0.34912290145544533,0.49077542585384176,1.5876328228403374
3.5210669014761997,1.1438869956811444,0.3620599605558297,1.5876328228403374
3.3702183301908413,1.9386510899068434,0.23334449525781759,1.0876328228403374
-2.2345986626215733,2.273156743585116,0.3108779635705223,1.5876328228403374
-2.4615096198202777,0.8179745502708687,0.3256336838665656,1.5876328228403374
-2.688420577018982,-0.6372076430433785,0.34038940416260893,1.0876328228403374
-1.5586695571992326,2.896816174893525,-4.512789105453429,1.5876328228403374
-3.150250191864636,3.6426112631164624,-3.814054552745026,1.5876328228403374
-4.741830826530039,4.3884063513394,-3.1153200000366223,1.0876328228403374
3.671915472761558,0.34912290145544533,0.49077542585384176,1.5876328228403374
3.5210669014761997,1.1438869956811444,0.3620599605558297,1.5876328228403374
3.3702183301908413,1.9386510899068434,0.23334449525781759,1.0876328228403374
-2.2345986626215733,2.273156743585116,0.3108779635705223,1.5876328228403374
-2.4615096198202777,0.8179745502708687,0.3256336838665656,1.5876328228403374
-2.688420577018982,-0.6372076430433785,0.34038940416260893,1.0876328228403374
-1.5586695571992326,2.896816174893525,-4.512789105453429,1.5876328228403374
-3.150250191864636,3.6426112631164624,-3.814054552745026,1.5876328228403374
-4.741830826530039,4.3884063513394,-3.1153200000366223,1.0876328228403374
3.671915472761558,0.34912290145544533,0.49077542585384176,1.5876328228403374
3.5210669014761997,1.1438869956811444,0.3620599605558297,1.5876328228403374
3.3702183301908413,1.9386510899068434,0.23334449525781759,1.0876328228403374
-2.2345986626215733,2.273156743585116,0.3108779635705223,1.5876328228403374
-2.4615096198202777,0.8179745502708687,0.3256336838665656,1.5876328228403374
-2.688420577018982,-0.6372076430433785,0.34038940416260893,1.0876328228403374
-1.5586695571992326,2.896816174893525,-4.512789105453429,1.5876328228403374
-3.150250191864636,3.6426112631164624,-3.814054552745026,1.5876328228403374
-4.741830826530039,4.3884063513394,-3.1153200000366223,1.0876328228403374
3.671915472761558,0.34912290145544533,0.49077542585384176,1.5876328228403374
3.5210669014761997,1.1438869956811444,0.3620599605558297,1.5876328228403374
3.3702183301908413,1.9386510899068434,0.23334449525781759,1.0876328228403374
-2.2345986626215733,2.273156743585116,0.3108779635705223,1.5876328228403374
-2.4615096198202777,0.8179745502708687,0.3256336838665656,1.5876328228403374
-2.688420577018982,-0.6372076430433785,0.34038940416260893,1.0876328228403374
-1.5586695571992326,2.896816174893525,-4.512789105453429,1.5876328228403374
-3.150250191864636,3.6426112631164624,-3.814054552745026,1.5876328228403374
-4.741830826530039,4.3884063513394,-3.1153200000366223,1.0876328228403374
3.671915472761558,0.34912290145544533,0.49077542585384176,1.5876328228403374
3.5210669014761997,1.1438869956811444,0.3620599605558297,1.5876328228403374
3.3702183301908413,1.9386510899068434,0.23334449525781759,1.0876328228403374
-2.2345986626215733,2.273156743585116,0.3108779635705223,1.5876328228403374
-2.4615096198202777,0.8179745502708687,0.3256336838665656,1.5876328228403374
-2.688420577018982,-0.6372076430433785,0.34038940416260893,1.0876328228403374
-1.5586695571992326,2.896816174893525,-4.512789105453429,1.5876328228403374
-3.150250191864636,3.6426112631164624,-3.814054552745026,1.5876328228403374
-4.741830826530039,4.3884063513394,-3.1153200000366223,1.0876328228403374
3.671915472761558,0.34912290145544533,0.49077542585384176,1.5876328228403374
3.5210669014761997,1.1438869956811444,0.3620599605558297,1.5876328228403374
3.3702183301908413,1.9386510899068434,0.23334449525781759,1.0876328228403374
-2.2345986626215733,2.273156743585116,0.3108779635705223,1.5876328228403374
-2.4615096198202777,0.8179745502708687,0.3256336838665656,1.5876328228403374
-2.688420577018982,-0.6372076430433785,0.34038940416260893,1.0876328228403374
-1.6751093692082666,2.952742637530224,-4.456743032711286,1.5876328228403374
-3.3041221529337967,3.715466518499798,-3.7438267986906806,1.5876328228403374
-4.933134936659327,4.478190399469372,-3.030910564670076,1.0876328228403374
3.671915472761558,0.34912290145544533,0.49077542585384176,1.5876328228403374
3.5210669014761997,1.1438869956811444,0.3620599605558297,1.5876328228403374
3.3702183301908413,1.9386510899068434,0.23334449525781759,1.0876328228403374
-2.2345986626215733,2.273156743585116,0.3108779635705223,1.5876328228403374
-2.4615096198202777,0.8179745502708687,0.3256336838665656,1.5876328228403374
-2.688420577018982,-0.6372076430433785,0.34038940416260893,1.0876328228403374
-1.6751093692082666,2.952742637530224,-4.456743032711286,1.5876328228403374
-3.3041221529337967,3.715466518499798,-3.7438267986906806,1.5876328228403374
-4.933134936659327,4.478190399469372,-3.030910564670076,1.0876328228403374
3.671915472761558,0.34912290145544533,0.49077542585384176,1.5876328228403374
3.5210669014761997,1.1438869956811444,0.3620599605558297,1.5876328228403374
3.3702183301908413,1.9386510899068434,0.23334449525781759,1.0876328228403374
-2.2345986626215733,2.273156743585116,0.3108779635705223,1.5876328228403374
-2.4615096198202777,0.8179745502708687,0.3256336838665656,1.5876328228403374
-2.688420577018982,-0.6372076430433785,0.34038940416260893,1.0876328228403374
-1.6751093692082666,2.952742637530224,-4.456743032711286,1.5876328228403374
-3.3041221529337967,3.715466518499798,-3.7438267986906806,1.5876328228403374
-4.933134936659327,4.478190399469372,-3.030910564670076,1.0876328228403374
3.671915472761558,0.34912290145544533,0.49077542585384176,1.5876328228403374
3.5210669014761997,1.1438869956811444,0.3620599605558297,1.5876328228403374
3.3702183301908413,1.9386510899068434,0.23334449525781759,1.0876328228403374
-2.2345986626215733,2.273156743585116,0.3108779635705223,1.5876328228403374
-2.4615096198202777,0.8179745502708687,0.3256336838665656,1.5876328228403374
-2.688420577018982,-0.6372076430433785,0.34038940416260893,1.0876328228403374
-1.6751093692082666,2.952742637530224,-4.456743032711286,1.5876328228403374
-3.3041221529337967,3.715466518499798,-3.7438267986906806,1.5876328228403374
-4.933134936659327,4.478190399469372,-3.030910564670076,1.0876328228403374
3.671915472761558,0.34912290145544533,0.49077542585384176,1.5876328228403374
3.5210669014761997,1.1438869956811444,0.3620599605558297,1.5876328228403374
3.3702183301908413,1.9386510899068434,0.23334449525781759,1.0876328228403374
-2.2345986626215733,2.273156743585116,0.3108779635705223,1.5876328228403374
-2.4615096198202777,0.8179745502708687,0.3256336838665656,1.5876328228403374
-2.688420577018982,-0.6372076430433785,0.34038940416260893,1.0876328228403374
-1.80561038609933,3.014817155731893,-4.39481915765362,1.5876328228403374
-3.467719492239276,3.7926045605851675,-3.6696180003594545,1.5876328228403374
-5.129828598379222,4.570391965438442,-2.944416843065289,1.0876328228403374
3.6465892223300664,0.44393099867482455,0.481921446364599,1.5876328228403374
3.4983674066154884,1.2433486689140008,0.3501748543012996,1.5876328228403374
3.3501455909009104,2.042766339153177,0.21842826223800024,1.0876328228403374
-2.2983514126439104,1.7774901066303008,0.21697877935151066,1.5876328228403374
-2.5091227966216296,0.4645637941695706,0.2750384329682083,1.5876328228403374
-2.719894180599349,-0.8483625182911596,0.3330980865849059,1.0876328228403374
-1.9511322115590124,3.08349147456802,-4.326631825924521,1.5876328228403374
-3.641311279988259,3.874162474899534,-3.591328554545241,1.5876328228403374
-5.331490348417506,4.664833475231048,-2.856025283165962,1.0876328228403374
0.0,0.0,-5.0,2.0876328228403374
