-3.0,-7.0,0.0
-2.999756421335741,-6.994772481936428,-0.00023369934052239663
-2.997934162049526,-6.98016412356206,0.0003867518883069924
-2.9945180677574124,-6.956768477094451,0.0019356330443439662
-2.9896607409663463,-6.925054400715802,0.004288008041193364
-2.9835095330463535,-6.885473377757926,0.007323108706424919
-2.976201557454583,-6.838463207407893,0.010930257104017188
-2.9678684329876255,-6.7844457939397635,0.015003363771736597
-2.9586324540567217,-6.723830292326674,0.019445508514072462
-2.948610929657844,-6.657011212064788,0.024163920831512326
-2.9379131640688647,-6.584371004446917,0.02907360196749125
-2.926643872096411,-6.506278563909538,0.03409337227478253
-2.9149006734482943,-6.423091242987093,0.03914886192912614
-2.9027766909481114,-6.335153571375613,0.04416948751312699
-2.890358498815199,-6.2427987294626375,0.04909088100881635
-2.8777280253886675,-6.146347512947574,0.053852663920430845
-2.864961008965271,-6.046109420647512,0.05840027197182662
-2.8521283771332935,-5.942381991418266,0.06268334976792449
-2.8392954884124912,-5.83545156033966,0.06665666867647055
-2.8265228011041614,-5.725593252973915,0.07027938030205746
-2.8138660356404483,-5.613071403311583,0.07351487731990941
-2.801376484579916,-5.498139956686803,0.07633048908688705
-2.789101309320171,-5.381042904192115,0.07869719544478714
-2.7770841004417113,-5.262014518911909,0.0805890269022072
-2.765364802374012,-5.141279898215525,0.08198320261434981
-2.753980095390455,-5.019055105202888,0.08285971809235829
-2.7429634660743716,-4.895547378448687,0.08320128566894429
-2.732345256026373,-4.770955252839448,0.08299328951118251
-2.7221526689058835,-4.645468647737594,0.08222378334065915
-2.7124097728487064,-4.519268955492975,0.08088349338457262
-2.7031375384555485,-4.3925291603581815,0.07896578526518516
-2.6943539406663657,-4.265414011452727,0.07646656600761281
-2.6860741329191,-4.138080262387196,0.07338411322472724
-2.6783106834404435,-4.010676974030816,0.06971884235134518
-2.6710738497901123,-3.883345859860384,0.06547303616619954
-2.664371858959087,-3.756221641173067,0.06065056929971532
-2.6582111575725564,-3.6294323755328874,0.05525666304919669
-2.6525966016438542,-3.503099726541161,0.049297700908387365
-2.647531567507029,-3.377339154935343,0.04278112300797024
-2.6430179823635918,-3.2522600274566944,0.03571540081525209
-2.6390562904036523,-3.1279656573028034,0.02811007590038715
-2.6356453846840826,-3.0045533044503703,0.019975832380718813
-2.632782542636052,-2.8821141724593162,0.011324565033980357
-2.63046340246007,-2.7607334386868847,0.002169405786188069
-2.628682008806538,-2.640490347097816,-0.007475319738741844
-2.6274309408930114,-2.52145837883376,-0.01759421854126763
-2.626701517805376,-2.4037054986208286,-0.028171033827038103
-2.6264840580322866,-2.2872944588869153,-0.03918890237354902
-2.626768156926702,-2.1722831318967804,-0.0506306286603134
-2.627542939418125,-2.0587248360114008,-0.0624789321349805
-2.62879724709603,-1.9466686263234223,-0.07471662553027182
-2.630519728413156,-1.8361595313224781,-0.08732669158260017
-2.6326988166451413,-1.7272387328649335,-0.10029224142001486
-2.6353225999159857,-1.619943702285707,-0.11359635800558338
-2.6383786077633946,-1.514308316744625,-0.12722184915248583
-2.6418535552636526,-1.410362984042238,-0.14115095251692658
-2.6457330944443918,-1.3081348005810989,-0.155365045013183
-2.6500016210267963,-1.2076477571395836,-0.16984440831022748
-2.6546421730419345,-1.1089229929098396,-0.184568090867159
-2.6596364397450016,-1.0119790828027415,-0.19951388855418756
-2.6649648784427353,-0.916832330061261,-0.21465844424701033
-2.670606917329607,-0.8234970292568483,-0.2299774459023604
-2.6765412087524427,-0.7319856653771515,-0.24544588739578058
-2.6827458939503126,-0.6423090220632467,-0.26103835186781976
-2.689198849076816,-0.5544761838823149,-0.27672928575270095
-2.6958779004731372,-0.468494431675103,-0.29249325025912276
-2.702761017982859,-0.3843690449527911,-0.3083051585335078
-2.7098265100422845,-0.30210304002458943,-0.32414052170434987
-2.717053245245419,-0.221696886571784,-0.33997572655539415
-2.7244209065893754,-0.1431482587578612,-0.3557883456283995
-2.731566479261008,-0.06283834876686448,-0.37063602338699314
-2.7370300546401185,0.021915765225988277,-0.3823388571286679
-2.7407551166749218,0.1106848661849574,-0.39088966125132035
-2.7428915744635924,0.20317913439243557,-0.39651975605856393
-2.7435863021310167,0.2991229958742755,-0.3994552248041021
-2.7429762851319777,0.39825046451072643,-0.39990894920557796
-2.7411924859229377,0.5003067638927612,-0.3980851096838897
-2.7383575759460532,0.605046239637391,-0.39417654134456065
-2.7345877523842135,0.7122327043125374,-0.3883668437751393
-2.729992857307818,0.8216388343900658,-0.38083052145927654
-2.724676728251257,0.9330458188141946,-0.37173340497600477
-2.7187373052076076,1.0462430058943584,-0.361232803126877
-2.7122674766157227,1.1610281348152762,-0.34947852956775066
-2.705354121795926,1.2772066110755993,-0.3366118421229495
-2.698078857684841,1.3945918646790953,-0.32276637203370073
-2.6905179117805695,1.5130051953099253,-0.30806803647730413
-2.68274220354114,1.6322756896778865,-0.2926351877376262
-2.6748174909013787,1.7522400813707173,-0.2765788276151347
-2.6668045916058647,1.8727425389184522,-0.26000289625662326
-2.6587596712215498,1.9936343854390162,-0.2430046267365797
-2.6507345748801283,2.114773770361114,-0.2256749421494092
-2.642777169762102,2.2360253255650453,-0.20809886212211137
-2.634931662184156,2.3572598421758233,-0.19035588258598435
-2.6272388580994748,2.4783539997208606,-0.1725202976405016
-2.6197363479792353,2.5991901677098075,-0.15466144455557868
-2.612458613580582,2.7196562836093343,-0.1368438695445551
-2.605437071145726,2.8396457943265383,-0.11912742900054997
-2.598700079188718,2.9590576345245463,-0.10156735448484872
-2.59227294610716,3.077796207524355,-0.0842143167887871
-2.5861779718045916,3.1957713349290278,-0.06711452327251131
-2.580434548579099,3.3128981493536633,-0.05030987368577578
-2.5750593317736823,3.4290969188746097,-0.03383818486348883
-2.5700664734742675,3.544292808775381,-0.017733477455732383
-2.5654678968285496,3.658415601988375,-0.0020263021522628215
-2.5612735779625218,3.771399410688538,0.013255927685834851
-2.5574917994638526,3.8831824152423153,0.028088633004818994
-2.5541293447457525,3.9937066622635706,0.0424498262270864
-2.551191615179535,4.102917941848144,0.05631994652203178
-2.5486826689278157,4.210765747761685,0.06968177396914514
-2.546605198136393,4.3172033071011935,0.08252040562765103
-2.544960475575939,4.42218765161343,0.0948232620828676
-2.543748309666013,4.525679694630029,0.10658008523611741
-2.5429670461278993,4.627644277234676,0.11778288889574999
-2.5426136450584265,4.728050154684896,0.1284258333903252
-2.5426838453299765,4.826869907177176,0.1385050127032742
-2.5431724062851773,4.924079774046219,0.14801816527611722
-2.544073392472198,5.019659422835218,0.15696434506838233
-2.5453804436572347,5.113591670220109,0.16534361481516668
-2.5470869540622663,5.205862168909291,0.17315684388245414
-2.549186080029122,5.29645906663386,0.18040569917604163
-2.551670515021415,5.385372637970171,0.1870928963768102
-2.554532018915894,5.472594893254916,0.19322272544113087
-2.557760755169986,5.5581191811927155,0.19880178956129316
-2.561344564289491,5.641939822928537,0.2038398120860925
-2.5652683724550025,5.724051843127321,0.2083502853842759
-2.5695139501046684,5.804450871299885,0.21235071726743515
-2.5740601482924435,5.8831332457351415,0.21586233069386015
-2.578883604307259,5.960096292261259,0.21890922897942405
-2.583959822994419,6.035338725704851,0.22151713501696932
-3.0,8.0,0.0
-3.0,8.0,0.0
-3.0,8.0,0.0
-3.0,8.0,0.0
-3.0,8.0,0.0
-3.0,8.0,0.0
-3.0,8.0,0.0
-3.0,8.0,0.0
-3.0,8.0,0.0
-3.0,8.0,0.0
-3.0,8.0,0.0
-3.0,8.0,0.0
-3.0,8.0,0.0
-3.0,8.0,0.0
-3.0,8.0,0.0
-3.0,8.0,0.0
-3.0,8.0,0.0
-3.0,8.0,0.0
-3.0,8.0,0.0
-3.0,8.0,0.0
-3.0,8.0,0.0
-3.0,8.0,0.0
-3.0,8.0,0.0
-3.0,8.0,0.0
-3.0,8.0,0.0
-3.0,8.0,0.0
-3.0,8.0,0.0
-3.0,8.0,0.0
-3.0,8.0,0.0
-3.0,8.0,0.0
-3.0,8.0,0.0
-3.0,8.0,0.0
-3.0,8.0,0.0
-3.0,8.0,0.0
-3.0,8.0,0.0
-3.0,8.0,0.0
-3.0,8.0,0.0
-3.0,8.0,0.0
-3.0,8.0,0.0
-3.0,8.0,0.0
-3.0,8.0,0.0
-3.0,8.0,0.0
-3.0,8.0,0.0
-3.0,8.0,0.0
-3.0,8.0,0.0
-3.0,8.0,0.0
-3.0,8.0,0.0
-3.0,8.0,0.0
-3.0,8.0,0.0
-3.0,8.0,0.0
-3.0,8.0,0.0
-3.0,8.0,0.0
-3.0,8.0,0.0
-3.0,8.0,0.0
-3.0,8.0,0.0
-3.0,8.0,0.0
-3.0,8.0,0.0
-3.0,8.0,0.0
-3.0,8.0,0.0
-3.0,8.0,0.0
-3.0,8.0,0.0
-3.0,8.0,0.0
-3.0,8.0,0.0
-3.0,8.0,0.0
-3.0,8.0,0.0
-3.0,8.0,0.0
-3.0,8.0,0.0
-3.0,8.0,0.0
-3.0,8.0,0.0
-3.0,8.0,0.0
-3.0,8.0,0.0
-3.0,8.0,0.0
-3.0,8.0,0.0
-3.0,8.0,0.0
-3.0,8.0,0.0
-3.0,8.0,0.0
-3.0,8.0,0.0
-3.0,8.0,0.0
-3.0,8.0,0.0
-3.0,8.0,0.0
-3.0,8.0,0.0
-3.0,8.0,0.0
-3.0,8.0,0.0
-3.0,8.0,0.0
-3.0,8.0,0.0
-3.0,8.0,0.0
-3.0,8.0,0.0
-3.0,8.0,0.0
-3.0,8.0,0.0
-3.0,8.0,0.0
-3.0,8.0,0.0
-3.0,8.0,0.0
-3.0,8.0,0.0
-3.0,8.0,0.0
-3.0,8.0,0.0
-3.0,8.0,0.0
-3.0,8.0,0.0
-3.0,8.0,0.0
-3.0,8.0,0.0
-3.0,8.0,0.0
-3.0,8.0,0.0
-3.0,8.0,0.0
-3.0,8.0,0.0
-3.0,8.0,0.0
-3.0,8.0,0.0
-3.0,8.0,0.0
-3.0,8.0,0.0
-3.0,8.0,0.0
-3.0,8.0,0.0
-3.0,8.0,0.0
-3.0,8.0,0.0
-3.0,8.0,0.0
-3.0,8.0,0.0
-3.0,8.0,0.0
-3.0,8.0,0.0
-3.0,8.0,0.0
-3.0,8.0,0.0
-3.0,8.0,0.0
-3.0,8.0,0.0
-3.0,8.0,0.0
-3.0,8.0,0.0
-3.0,8.0,0.0
-3.0,8.0,0.0
-3.0,8.0,0.0
-3.0,8.0,0.0
-3.0,8.0,0.0
-3.0,8.0,0.0
-3.0,8.0,0.0
-3.0,8.0,0.0
-3.0,8.0,0.0
-3.0,8.0,0.0
-3.0,8.0,0.0
-3.0,8.0,0.0
-3.0,8.0,0.0
-3.0,8.0,0.0
-3.0,8.0,0.0
-3.0,8.0,0.0
-3.0,8.0,0.0
-3.0,8.0,0.0
-3.0,8.0,0.0
-3.0,8.0,0.0
-3.0,8.0,0.0
-3.0,8.0,0.0
-3.0,8.0,0.0
-3.0,8.0,0.0
-3.0,8.0,0.0
-3.0,8.0,0.0
-3.0,8.0,0.0
-3.0,8.0,0.0
-3.0,8.0,0.0
-3.0,8.0,0.0
-3.0,8.0,0.0
-3.0,8.0,0.0
-3.0,8.0,0.0
-3.0,8.0,0.0
-3.0,8.0,0.0
-3.0,8.0,0.0
-3.0,8.0,0.0
-3.0,8.0,0.0
-3.0,8.0,0.0
-3.0,8.0,0.0
-3.0,8.0,0.0
-3.0,8.0,0.0
-3.0,8.0,0.0
-3.0,8.0,0.0
-3.0,8.0,0.0
-3.0,8.0,0.0
-3.0,8.0,0.0
-3.0,8.0,0.0
-3.0,8.0,0.0
