-3.0,-7.0,0.0
-3.00061363253441,-6.9945181944453685,0.00010688548289512775
-3.0013659684730727,-6.97891647044666,0.0015497832026825755
-3.002175043300009,-6.953796828203285,0.004333411473992946
-3.003101079049263,-6.919681444670942,0.00831123295920528
-3.0042008715075434,-6.87707397928531,0.013343211123684341
-3.005525201521163,-6.826461231042884,0.019298566132048
-3.007120523163891,-6.76831310237593,0.0260539009619472
-3.009028769095533,-6.703083404497026,0.033493371276953544
-3.011288033413855,-6.63121029823489,0.041507904486253626
-3.0139327658418877,-6.553116886048617,0.049994945447900334
-3.016994138303743,-6.469211633271086,0.05885800976791557
-3.0205001901733777,-6.379888756651822,0.06800646992165746
-3.0244759490661437,-6.285528496527717,0.07735536083189551
-3.028943459609233,-6.186497324693465,0.08682527961375225
-3.0339217409812855,-6.083148123057198,0.09634235961261324
-3.0394268191202207,-5.9758203261209895,0.1058381638713013
-3.04547171427486,-5.864840129489075,0.115249630503374
-3.052066552080869,-5.750520733358093,0.12451889007860918
-3.0592187041845436,-5.633162677928344,0.13359305796905296
-3.066933031221643,-5.513054232859413,0.14242392235860674
-3.0752121448297367,-5.390471845078022,0.1509676164623379
-3.08405684096625,-5.265680534976198,0.15918410723072757
-3.093465613730058,-5.138934645318489,0.16703767972820077
-3.103436491758906,-5.010477543391199,0.1744949008777161
-3.1139653681159047,-4.880542683979176,0.18152637840216385
-3.125046687949599,-4.74935357789498,0.1881059590989643
-3.13667441310926,-4.617123554548092,0.19420962275083628
-3.14884041488617,-4.484056547393948,0.19981716147936077
-3.1615353815339624,-4.350346825866996,0.20491113463886518
-3.1747486064445685,-4.216179240356109,0.20947704070517373
-3.188468033347263,-4.081729441171996,0.2135032166244197
-3.202680366954704,-3.9471641671478155,0.21698067318369807
-3.2173712544056228,-3.81264159305451,0.2199028601100959
-3.232525516362745,-3.6783117137113135,0.2222653819911648
-3.248127387852739,-3.544316735086707,0.22406570554068897
-3.2641607278116047,-3.410791438237387,0.22530289965862785
-3.280609166492622,-3.2778634844620016,0.22597743908566492
-3.2974561740767814,-3.1456536411581273,0.22609108808679756
-3.3146850498921774,-3.0142759246633792,0.22564686457308544
-3.3322788481553625,-2.883837674181689,0.22464906864023956
-3.35022026984319,-2.754439585555558,0.22310334586271924
-3.368491557690091,-2.626175742019577,0.2210167483525907
-3.3870744303603835,-2.4991336794120738,0.21839775761249458
-3.4059500825833027,-2.3733945156096503,0.21525624256434023
-3.425099262386319,-2.2490331599452618,0.21160334188370122
-3.444502417888217,-2.1261186012366697,0.20745127853392262
-3.464139888515742,-2.004714256619427,0.2028131320594516
-3.483992102969995,-1.8848783512524296,0.19770260675891138
-3.504039741825067,-1.7666642936902726,0.19213383825219343
-3.5242638276764535,-1.6501210142194613,0.18612127577036017
-3.544645719552524,-1.535293242897515,0.17967966344338632
-3.565167007985545,-1.4222217181022292,0.17282412384504828
-3.585809328229401,-1.310943331876819,0.16557032563137072
-3.606554126706526,-1.2014912317851225,0.15793469926682835
-3.627382425959131,-1.093894907319444,0.14993465452926621
-3.6482746342047556,-0.9881802901534166,0.14158875268414003
-3.6692104371543626,-0.8843698913733811,0.1329167947949875
-3.6901687938659764,-0.7824829867756503,0.123939803748679
-3.7111280383430505,-0.682535846350444,0.11467989793868848
-3.732066068764113,-0.5845419897312796,0.10516007469578556
-3.7529605914359934,-0.4885124388978737,0.09540393660383222
-3.77378938058403,-0.3944559350718496,0.0854353999133495
-3.794530519400696,-0.30237908956149445,0.0752784198691806
-3.815162600958125,-0.2122864479125826,0.06495675437260158
-3.8356648856669766,-0.12418046140574467,0.05449376912062998
-3.856017429227448,-0.0380613770901483,0.04391227009505149
-3.8762012051137096,0.0460729256955244,0.03323433957202303
-3.8961982428947053,0.12822711039521842,0.022481155548642672
-3.9152113800802515,0.21214279458595967,0.012264823871602921
-3.9336356152695666,0.30220921661050937,0.004610480901375146
-3.951642604385069,0.3981139939437032,-0.00040194982176594085
-3.969178957250995,0.4993795893528073,-0.0029776157261065714
-3.9861889236669565,0.6055444304074451,-0.0033195271731207648
-4.002622079873349,0.7161685450731514,-0.0016189653333259662
-4.018432411062596,0.830832063660503,0.0019428549986351502
-4.033576684200217,0.9491330750192819,0.007192116775646435
-4.048017191025309,1.070689047025492,0.013965365740622735
-4.061720138954926,1.1951347681186095,0.022106942331222446
-4.074655968418894,1.3221219886998625,0.031469055606877204
-4.086799228848687,1.4513188649097475,0.041911485979372866
-4.098128380727768,1.582409505979254,0.053301392630802136
-4.108625530107975,1.7150935996036225,0.06551319490026686
-4.1182761168153625,1.8490860763650974,0.07842848388058768
-4.127068594330018,1.9841167748061495,0.09193592559160607
-4.134994144671604,2.1199300752581496,0.10593112671515334
-4.142046461140751,2.2562844787830776,0.12031644156115479
-4.148221612635179,2.3929521195971657,0.1350007090976414
-4.153517983844554,2.5297182156966427,0.14989892444086447
-4.15793626980775,2.6663804790306056,0.16493186604977886
-4.16147949275584,2.8027485182338605,0.18002571183878419
-4.16415300551221,2.93864327051961,0.19511168100419454
-4.165964449959462,3.0738964942894307,0.21012573311812452
-4.16692365044728,3.2083503417849606,0.22500834359367095
-4.167042437942095,3.3418570145852655,0.23970435795933295
-4.166334417528478,3.474278487731522,0.2541629103118216
-4.164814705687758,3.605486274611794,0.2683373777198854
-4.162499671429718,3.7353611975658905,0.28218533531218704
-4.159406715087173,3.8637931301002797,0.295668477893674
-4.155554111848887,3.9906806865458786,0.3087524847260452
-4.150960922251748,4.115930840920339,0.3214068050807975
-4.145646991070716,4.239458503380138,0.33360440606251196
-4.139632971789086,4.361186042607339,0.3453214515921857
-4.132940382374919,4.481042818115138,0.3565369948597998
-4.125591637010953,4.598964742959495,0.3672326956740447
-4.117610026969219,4.714893911931134,0.37739260002246083
-4.109019630536227,4.8287783139669775,0.3870030003064958
-4.099845148288078,4.940571630795483,0.396052377908939
-4.090111677272571,5.05023310625898,0.404531412101639
-4.079844451966405,5.157727456332233,0.4124330248515154
-4.06906858800807,5.263024781817483,0.4197524230715972
-4.0578088647906645,5.366100445836891,0.4264871000660389
-4.0460895749561345,5.466934886518791,0.43263676625711955
-4.033934454394505,5.56551334980991,0.43820319384587697
-4.02136668866378,5.661825544855223,0.4431899775230462
-4.008408974653748,5.755865240908385,0.4476022297207436
-3.995083603500324,5.847629836521985,0.4514462404137767
-3.9814125249237113,5.937119936143195,0.4547291354762127
-3.9674173555129824,6.024338965260375,0.4574585631934726
-3.953119303642034,6.109292844065024,0.4596424270836513
-3.938539000331898,6.191989724612804,0.4612886686332805
-3.92369624750795,6.272439783416269,0.46240509287770676
-3.908609723838297,6.350655058231947,0.4629992332737599
-3.0,8.0,0.0
-3.0,8.0,0.0
-3.0,8.0,0.0
-3.0,8.0,0.0
-3.0,8.0,0.0
-3.0,8.0,0.0
-3.0,8.0,0.0
-3.0,8.0,0.0
-3.0,8.0,0.0
-3.0,8.0,0.0
-3.0,8.0,0.0
-3.0,8.0,0.0
-3.0,8.0,0.0
-3.0,8.0,0.0
-3.0,8.0,0.0
-3.0,8.0,0.0
-3.0,8.0,0.0
-3.0,8.0,0.0
-3.0,8.0,0.0
-3.0,8.0,0.0
-3.0,8.0,0.0
-3.0,8.0,0.0
-3.0,8.0,0.0
-3.0,8.0,0.0
-3.0,8.0,0.0
-3.0,8.0,0.0
-3.0,8.0,0.0
-3.0,8.0,0.0
-3.0,8.0,0.0
-3.0,8.0,0.0
-3.0,8.0,0.0
-3.0,8.0,0.0
-3.0,8.0,0.0
-3.0,8.0,0.0
-3.0,8.0,0.0
-3.0,8.0,0.0
-3.0,8.0,0.0
-3.0,8.0,0.0
-3.0,8.0,0.0
-3.0,8.0,0.0
-3.0,8.0,0.0
-3.0,8.0,0.0
-3.0,8.0,0.0
-3.0,8.0,0.0
-3.0,8.0,0.0
-3.0,8.0,0.0
-3.0,8.0,0.0
-3.0,8.0,0.0
-3.0,8.0,0.0
-3.0,8.0,0.0
-3.0,8.0,0.0
-3.0,8.0,0.0
-3.0,8.0,0.0
-3.0,8.0,0.0
-3.0,8.0,0.0
-3.0,8.0,0.0
-3.0,8.0,0.0
-3.0,8.0,0.0
-3.0,8.0,0.0
-3.0,8.0,0.0
-3.0,8.0,0.0
-3.0,8.0,0.0
-3.0,8.0,0.0
-3.0,8.0,0.0
-3.0,8.0,0.0
-3.0,8.0,0.0
-3.0,8.0,0.0
-3.0,8.0,0.0
-3.0,8.0,0.0
-3.0,8.0,0.0
-3.0,8.0,0.0
-3.0,8.0,0.0
-3.0,8.0,0.0
-3.0,8.0,0.0
-3.0,8.0,0.0
-3.0,8.0,0.0
-3.0,8.0,0.0
-3.0,8.0,0.0
-3.0,8.0,0.0
-3.0,8.0,0.0
-3.0,8.0,0.0
-3.0,8.0,0.0
-3.0,8.0,0.0
-3.0,8.0,0.0
-3.0,8.0,0.0
-3.0,8.0,0.0
-3.0,8.0,0.0
-3.0,8.0,0.0
-3.0,8.0,0.0
-3.0,8.0,0.0
-3.0,8.0,0.0
-3.0,8.0,0.0
-3.0,8.0,0.0
-3.0,8.0,0.0
-3.0,8.0,0.0
-3.0,8.0,0.0
-3.0,8.0,0.0
-3.0,8.0,0.0
-3.0,8.0,0.0
-3.0,8.0,0.0
-3.0,8.0,0.0
-3.0,8.0,0.0
-3.0,8.0,0.0
-3.0,8.0,0.0
-3.0,8.0,0.0
-3.0,8.0,0.0
-3.0,8.0,0.0
-3.0,8.0,0.0
-3.0,8.0,0.0
-3.0,8.0,0.0
-3.0,8.0,0.0
-3.0,8.0,0.0
-3.0,8.0,0.0
-3.0,8.0,0.0
-3.0,8.0,0.0
-3.0,8.0,0.0
-3.0,8.0,0.0
-3.0,8.0,0.0
-3.0,8.0,0.0
-3.0,8.0,0.0
-3.0,8.0,0.0
-3.0,8.0,0.0
-3.0,8.0,0.0
-3.0,8.0,0.0
-3.0,8.0,0.0
-3.0,8.0,0.0
-3.0,8.0,0.0
-3.0,8.0,0.0
-3.0,8.0,0.0
-3.0,8.0,0.0
-3.0,8.0,0.0
-3.0,8.0,0.0
-3.0,8.0,0.0
-3.0,8.0,0.0
-3.0,8.0,0.0
-3.0,8.0,0.0
-3.0,8.0,0.0
-3.0,8.0,0.0
-3.0,8.0,0.0
-3.0,8.0,0.0
-3.0,8.0,0.0
-3.0,8.0,0.0
-3.0,8.0,0.0
-3.0,8.0,0.0
-3.0,8.0,0.0
-3.0,8.0,0.0
-3.0,8.0,0.0
-3.0,8.0,0.0
-3.0,8.0,0.0
-3.0,8.0,0.0
-3.0,8.0,0.0
-3.0,8.0,0.0
-3.0,8.0,0.0
-3.0,8.0,0.0
-3.0,8.0,0.0
-3.0,8.0,0.0
-3.0,8.0,0.0
-3.0,8.0,0.0
-3.0,8.0,0.0
-3.0,8.0,0.0
-3.0,8.0,0.0
-3.0,8.0,0.0
-3.0,8.0,0.0
-3.0,8.0,0.0
-3.0,8.0,0.0
-3.0,8.0,0.0
-3.0,8.0,0.0
-3.0,8.0,0.0
-3.0,8.0,0.0
-3.0,8.0,0.0
-3.0,8.0,0.0
-3.0,8.0,0.0
-3.0,8.0,0.0
-3.0,8.0,0.0
-3.0,8.0,0.0
-3.0,8.0,0.0
-3.0,8.0,0.0
-3.0,8.0,0.0
-3.0,8.0,0.0
-3.0,8.0,0.0
-3.0,8.0,0.0
-3.0,8.0,0.0
-3.0,8.0,0.0
-3.0,8.0,0.0
-3.0,8.0,0.0
-3.0,8.0,0.0
-3.0,8.0,0.0
-3.0,8.0,0.0
-3.0,8.0,0.0
-3.0,8.0,0.0
-3.0,8.0,0.0
-3.0,8.0,0.0
-3.0,8.0,0.0
-3.0,8.0,0.0
-3.0,8.0,0.0
-3.0,8.0,0.0
