26
4
-11.325967, -20.385514
-8.563536, -20.852804
-8.563536, -17.932243
-10.865562, -17.932243
1
4
-10.865562, -15.362150
-11.325967, -17.815421
-8.931860, -18.282710
-8.471455, -15.829439
1
4
-10.497238, -13.259346
-10.865562, -15.245327
-8.931860, -16.296729
-8.563536, -13.259346
1
4
-10.497238, -11.273364
-10.497238, -13.259346
-8.563536, -14.193925
-8.563536, -11.740654
1
4
-9.668508, -9.170561
-10.497238, -11.156542
-8.931860, -12.207944
-8.563536, -9.754673
1
4
-10.128913, -7.651869
-10.497238, -9.170561
-8.931860, -10.689252
-8.195212, -7.651869
1
4
-10.497238, -5.665888
-10.497238, -7.535047
-8.931860, -8.119159
-8.563536, -5.665888
1
4
-10.497238, -3.095794
-10.497238, -5.081776
-8.931860, -6.600467
-8.563536, -4.147196
1
4
-9.668508, -0.992991
-10.497238, -2.511682
-8.931860, -4.497664
-7.734807, -2.044393
1
4
-9.668508, 1.460280
-10.128913, -0.992991
-8.563536, -2.511682
-8.195212, 0.992991
1
4
-9.300184, 4.614486
-10.128913, 1.577103
-8.471455, 0.642523
-7.734807, 3.563084
1
4
-8.471455, 6.600467
-9.668508, 5.198598
-8.563536, 3.095794
-6.998158, 5.081776
1
4
-8.471455, 8.235981
-9.300184, 6.250000
-7.274401, 4.731308
-6.537753, 8.119159
1
4
-8.103131, 10.689252
-8.471455, 8.820093
-6.998158, 7.184579
-5.709024, 9.637850
1
4
-6.906077, 12.792056
-8.103131, 10.806075
-6.169429, 8.820093
-4.972376, 11.273364
1
4
1.197053, 20.385514
4.327808, 20.969626
4.327808, 17.464953
2.025783, 16.997664
1
4
1.565378, 17.348131
3.959484, 17.815421
4.788214, 14.427570
2.025783, 13.843458
1
4
2.670350, 14.310748
5.156538, 14.778037
5.893186, 11.273364
3.222836, 10.806075
1
4
3.499079, 11.273364
5.893186, 11.740654
6.353591, 8.820093
4.419890, 8.119159
1
4
5.156538, 8.703271
6.721915, 8.703271
7.918969, 5.665888
4.788214, 4.731308
1
4
5.893186, 5.549065
8.747698, 6.133178
8.471455, 2.044393
5.985267, 1.577103
1
4
14.364641, 9.754673
16.390424, 10.806075
16.850829, 6.717290
15.285451, 6.717290
1
4
15.653775, 9.170561
18.047882, 10.221963
18.416206, 7.301402
16.850829, 7.184579
1
4
18.139963, 8.703271
20.441989, 10.221963
20.810313, 6.717290
18.139963, 6.133178
1
4
14.825046, 10.806075
15.193370, 7.651869
13.627993, 7.301402
12.891344, 10.221963
1
4
12.430939, 13.259346
14.364641, 13.376168
14.364641, 10.338785
13.259669, 9.287383
1
