17
4
-51.324885, 34.897661
-38.145161, 34.254386
-39.665899, 28.786550
-51.071429, 29.751462
0
4
-40.679724, 36.184211
-41.440092, 26.856725
-30.541475, 27.821637
-33.329493, 36.505848
0
4
-27.500000, 33.932749
-35.610599, 33.611111
-33.836406, 26.856725
-25.725806, 28.786550
-1
4
-28.513825, 36.505848
-26.486175, 25.248538
-16.094470, 29.429825
-19.642857, 36.184211
-1
4
-15.587558, 35.540936
-20.910138, 34.254386
-17.868664, 25.570175
-8.744240, 27.500000
0
4
-10.011521, 33.932749
-11.278802, 24.605263
-0.380184, 25.570175
-1.900922, 33.932749
0
4
9.504608, 32.967836
11.025346, 23.961988
19.896313, 27.178363
18.629032, 33.932749
0
4
27.500000, 34.254386
27.500000, 25.891813
17.868664, 25.570175
17.361751, 32.002924
0
4
-3.675115, 32.002924
4.688940, 31.681287
5.449309, 23.961988
-2.407834, 22.997076
-1
4
3.421659, 32.967836
2.661290, 24.926901
12.799539, 25.570175
13.306452, 32.324561
-1
4
-1.140553, 7.880117
7.476959, 8.201754
5.449309, 0.160819
-1.647465, 1.125731
1
4
3.928571, 9.809942
6.970046, 0.160819
14.066820, 1.125731
13.306452, 8.523392
1
4
-6.716590, 7.236842
1.394009, 6.593567
0.633641, 2.090643
-7.223502, 2.412281
1
4
11.785714, 5.628655
21.163594, 4.663743
19.135945, -1.125731
12.292627, -0.804094
1
4
18.629032, 7.236842
17.868664, 0.804094
25.725806, 0.160819
25.725806, 8.201754
1
4
-6.209677, 9.166667
-5.195853, 1.447368
-13.052995, 2.090643
-13.306452, 9.809942
1
4
-20.910138, 8.201754
-11.025346, 7.558480
-11.025346, 2.412281
-20.656682, 2.090643
1