-14.701270532488184,2.071919775561895,-17.63720657561107,27.20976190643118
-7.0,-10.0,5.5,0.0
-14.209409250641611,-2.703706376633619,-0.6880762284699138,11.979305897712447
-7.0,-10.0,5.5,0.0
-8.853558886766537,-5.320423642859833,-1.1532785646063815,8.342675295567195
-7.0,-10.0,5.5,0.0
-13.805473674075053,-13.116987323112967,-16.04345974633454,24.012630006389493
-10.607642503994521,-12.63005878754984,-10.92033218054004,17.95378030974841
-16.495941836290466,-19.796953090284887,-12.466720432218938,24.75193702490851
-16.39434269622167,-13.791609652060934,-6.214235755175528,16.081986804005
-16.06584539239111,-13.978318812450441,-12.689860303526492,22.60711835686971
-16.39434269622167,-13.791609652060934,-6.214235755175528,16.081986804005
-14.868951385854361,-17.484452889414868,-19.914453895397955,Inf
-11.036890308045999,-13.063204759977376,-15.12924935764734,22.08374158887353
-12.163255804822972,-19.958311114366207,-9.42137260405878,20.657865696529498
-12.110316784991388,-17.04767176105446,-0.9535951119593307,11.327648393845866
-19.75003143569686,-16.115354634353068,-7.270596617128113,20.298186031939284
-16.39434269622167,-13.791609652060934,-6.214235755175528,16.081986804005
-16.39434269622167,-13.791609652060934,-6.214235755175528,16.081986804005
-11.56604746803997,-13.627175731650265,1.1473936146531827,7.276700874326822
-8.861295502104598,-13.620554257441038,-5.859904905543996,12.67324573150961
-6.697401612718545,-13.260986905735344,-2.669546074708535,8.801538754680816
-12.110316784991388,-17.04767176105446,-0.9535951119593307,11.327648393845866
-11.56604746803997,-13.627175731650265,1.1473936146531827,7.276700874326822
-10.607642503994521,-12.63005878754984,-10.92033218054004,17.95378030974841
-6.697401612718545,-13.260986905735344,-2.669546074708535,8.801538754680816
-11.58228228059686,-2.5572582518192206,-15.469544434413951,25.48591630125413
-10.996673552026905,-1.960506213951561,-13.966060506303402,23.765592349272048
-12.865339852516255,-5.455870646489007,-19.11096736461588,30.253078351439324
-8.983288228721653,-9.265368848419016,-14.23516144676026,21.783339568256274
-19.782295123836988,-12.506663914195784,-17.302075341448457,30.150952458173094
-16.06584539239111,-13.978318812450441,-12.689860303526492,22.60711835686971
-11.918549624784571,-8.937899517177126,-18.904189290465112,26.847176281414036
-8.312689981060526,-11.743501683380728,-10.110311498837135,16.565359206615106
-12.79449731892667,-12.385071619356047,-19.998766872425655,27.295104046189827
-10.607642503994521,-12.63005878754984,-10.92033218054004,17.95378030974841
-15.94094012798795,-5.797155184681904,-11.42180373451474,25.880734995830363
-16.39434269622167,-13.791609652060934,-6.214235755175528,16.081986804005
-12.59718717564935,-0.8908775528390649,-17.747859312127197,28.009146465788607
-10.996673552026905,-1.960506213951561,-13.966060506303402,23.765592349272048
-13.80818832848231,-2.967824354518463,-19.228166792935298,Inf
-10.996673552026905,-1.960506213951561,-13.966060506303402,23.765592349272048
-18.840576239916444,-0.16330911142372173,-11.498277502099574,26.201704894472904
-14.811319282636868,1.221851772508586,-6.524224625704997,19.038550232870634
-8.983288228721653,-9.265368848419016,-14.23516144676026,21.783339568256274
-8.312689981060526,-11.743501683380728,-10.110311498837135,16.565359206615106
-11.036890308045999,-13.063204759977376,-15.12924935764734,22.08374158887353
-8.533380549456533,-12.671789392673949,-9.711464688364977,16.102674976318127
-10.996673552026905,-1.960506213951561,-13.966060506303402,23.765592349272048
-6.08612719980707,-4.323283806767746,-7.2886721971585455,15.146793241419598
-10.642630861158633,-0.3299879970809343,-18.130630990435492,28.25196986345968
-10.996673552026905,-1.960506213951561,-13.966060506303402,23.765592349272048
-18.959654011741538,-4.130728639495258,-4.828789397943769,18.440476332000205
-14.209409250641611,-2.703706376633619,-0.6880762284699138,11.979305897712447
-13.643103475040546,-10.631344107359029,-2.6846756760131996,13.137692194226608
-9.12889357712431,-8.169553431894672,-0.9337027993937141,7.019633481339053
-14.009122548894437,1.208912665801158,-2.2565494796679886,16.19935457916671
-14.209409250641611,-2.703706376633619,-0.6880762284699138,11.979305897712447
-14.811319282636868,1.221851772508586,-6.524224625704997,19.038550232870634
-14.209409250641611,-2.703706376633619,-0.6880762284699138,11.979305897712447
-12.534455546159107,-3.140333844893,-1.1145224315373952,12.620910186521279
-8.853558886766537,-5.320423642859833,-1.1532785646063815,8.342675295567195
-9.12889357712431,-8.169553431894672,-0.9337027993937141,7.019633481339053
-7.0,-10.0,5.5,0.0
-8.533380549456533,-12.671789392673949,-9.711464688364977,16.102674976318127
-6.697401612718545,-13.260986905735344,-2.669546074708535,8.801538754680816
-8.312689981060526,-11.743501683380728,-10.110311498837135,16.565359206615106
-6.697401612718545,-13.260986905735344,-2.669546074708535,8.801538754680816
-8.451463375752377,-11.56127218979897,-17.947139269743488,24.40553364053266
-8.312689981060526,-11.743501683380728,-10.110311498837135,16.565359206615106
-19.35469617380616,-3.161855791393677,8.024212862044369,14.861813203832048
-11.667821416676558,-7.304833761903495,6.87741028943373,5.563248775167036
-19.678516285367095,-0.34048468509473295,14.999890986420901,20.49229421163699
-11.934570629423806,-3.4277868182581983,14.285604715201082,12.125076414729126
-19.96695978227555,-13.239604382641108,15.889504783481804,18.912973541477662
-15.264870479335615,-14.92704366539182,8.856722527877857,10.28643765500909
-19.758959793240596,-11.113309811469039,10.623181637249548,14.70661499188578
-10.86718830724652,-12.569428558515954,6.294131361537474,4.710387790872312
-19.56199117171274,-5.661794161454203,15.05055992584198,17.841959207396734
-10.681020241626813,-5.306333741643643,10.844104072178055,8.008736560679802
-19.48115883247839,-16.186216274866744,0.3642680104503526,15.631996328423341
-11.56604746803997,-13.627175731650265,1.1473936146531827,7.276700874326822
-19.48649929937707,0.6618616808833266,5.736480308331167,16.44486685438724
-14.1319300712125,-4.105767833650917,5.331921155279069,9.253899171134947
-9.20135791117711,-2.073303767354524,17.793234410433946,15.56719425758773
-8.752565268041863,-3.683857410823652,10.955574108684026,8.528096568455206
-8.752565268041863,-3.683857410823652,10.955574108684026,8.528096568455206
-7.0,-10.0,5.5,0.0
-9.873601188314858,-17.69759553767568,0.4451733174264838,9.64685615327534
-7.0,-10.0,5.5,0.0
-13.813784784018237,-4.761658325000369,5.572160752368703,8.594945826538922
-7.0,-10.0,5.5,0.0
-13.532619314093264,-6.7022804772749645,4.095890440260057,7.45128128640835
-7.0,-10.0,5.5,0.0
-11.56604746803997,-13.627175731650265,1.1473936146531827,7.276700874326822
-7.0,-10.0,5.5,0.0
-10.681020241626813,-5.306333741643643,10.844104072178055,8.008736560679802
-7.0,-10.0,5.5,0.0
-10.792239499902232,-16.425592175980135,8.713394690973402,8.123744252289821
-7.0,-10.0,5.5,0.0
-14.921214319607836,-17.943568701282608,9.04605885546884,12.535473078891899
-10.86718830724652,-12.569428558515954,6.294131361537474,4.710387790872312
-10.86718830724652,-12.569428558515954,6.294131361537474,4.710387790872312
-7.0,-10.0,5.5,0.0
-13.009454599787187,-9.427402185820304,4.127834221802182,6.190658427547426
-7.0,-10.0,5.5,0.0
-15.264870479335615,-14.92704366539182,8.856722527877857,10.28643765500909
-7.561535578251544,-10.546636847981015,6.157030600498636,1.0226550049770025
-11.667821416676558,-7.304833761903495,6.87741028943373,5.563248775167036
-7.0,-10.0,5.5,0.0
-11.338611166609942,-14.952366678378981,9.805573008909363,7.866857155637171
-7.0,-10.0,5.5,0.0
-14.1319300712125,-4.105767833650917,5.331921155279069,9.253899171134947
-7.0,-10.0,5.5,0.0
-8.125121484452817,-15.451605105127477,9.054198687678365,6.604409503394221
-7.0,-10.0,5.5,0.0
-8.009102009957951,-8.349972322401573,6.636686219530887,2.243420104441755
-7.0,-10.0,5.5,0.0
-7.585075162940251,-2.6815808339523457,0.801777897551645,8.716356059741791
-7.0,-10.0,5.5,0.0
-7.561535578251544,-10.546636847981015,6.157030600498636,1.0226550049770025
-7.0,-10.0,5.5,0.0
-13.127694081541161,-13.947357547167902,14.153653225484462,13.904610177890625
-11.338611166609942,-14.952366678378981,9.805573008909363,7.866857155637171
-17.78079313418072,-9.495923195387084,16.078811063387846,17.77406257677277
-10.681020241626813,-5.306333741643643,10.844104072178055,8.008736560679802
-16.11248286025587,-12.067589359811901,17.59880803382491,17.450504857774565
-11.338611166609942,-14.952366678378981,9.805573008909363,7.866857155637171
-11.81605809869482,-7.39096906320591,18.757548468898555,15.020413441327143
-8.324220221113068,-8.893027330878285,15.070227139527276,9.724617996936004
-7.345145981805654,-19.391296390935917,17.541995413474183,15.994416024725016
-7.148382029549465,-14.733321234687526,13.368323430232167,9.183510262431112
-7.148382029549465,-14.733321234687526,13.368323430232167,9.183510262431112
-7.0,-10.0,5.5,0.0
-8.253386760831107,-13.407948999743393,16.964446825235626,12.363575862942332
-6.581486776098959,-12.075613016830697,13.641476601817303,8.412310263664535
-8.324220221113068,-8.893027330878285,15.070227139527276,9.724617996936004
-7.0,-10.0,5.5,0.0
-11.934570629423806,-3.4277868182581983,14.285604715201082,12.125076414729126
-10.681020241626813,-5.306333741643643,10.844104072178055,8.008736560679802
-9.77300496359323,-2.0415978225988773,19.12161466997628,16.91990997057775
-8.752565268041863,-3.683857410823652,10.955574108684026,8.528096568455206
-18.63762342673614,-1.9155584087821076,8.767714406283538,15.043299658264083
-11.667821416676558,-7.304833761903495,6.87741028943373,5.563248775167036
-14.149226532428019,-0.5886421390994983,9.346471993965181,14.052573981885043
-11.667821416676558,-7.304833761903495,6.87741028943373,5.563248775167036
-7.162668315410734,1.8627174355567533,17.22755753837035,17.050422600046897
-8.752565268041863,-3.683857410823652,10.955574108684026,8.528096568455206
-15.784555931733673,1.6855829503465358,13.131642478013703,16.962272595459496
-10.681020241626813,-5.306333741643643,10.844104072178055,8.008736560679802
-9.154161134951897,1.830090780801605,19.52738801890532,19.838728557114695
-9.20135791117711,-2.073303767354524,17.793234410433946,15.56719425758773
-19.485755260212876,11.66291157013358,-19.55327225036399,38.09781615791884
-14.701270532488184,2.071919775561895,-17.63720657561107,27.20976190643118
-11.183663015361915,10.982496888898154,-19.95134751753823,Inf
-9.364172296075628,4.1843808234687,-15.944562846383734,28.003986041056617
-14.367959173085687,16.437227694963653,11.65323738334805,36.65365137837776
-12.611595828541029,9.139588569741814,12.43764143577814,22.27999932056707
-16.322554086967614,7.970835988614837,-17.550384980287596,33.328038693407954
-13.235358062159257,4.629013281163942,-12.29832792012056,25.700850588916445
-18.810626732772686,4.646682624084715,17.320454241468823,23.31285625131086
-15.784555931733673,1.6855829503465358,13.131642478013703,16.962272595459496
-17.807908717367464,4.654850178496197,0.442561911599757,20.24827775586086
-14.209409250641611,-2.703706376633619,-0.6880762284699138,11.979305897712447
-19.472431983574225,3.5601392196954684,-5.352482317174259,21.396941168965995
-14.209409250641611,-2.703706376633619,-0.6880762284699138,11.979305897712447
-18.969888129761515,2.850953490564212,-7.3233767988072795,21.855723216635553
-14.209409250641611,-2.703706376633619,-0.6880762284699138,11.979305897712447
-18.05186843610074,5.757444459580494,-13.578314432196876,Inf
-14.811319282636868,1.221851772508586,-6.524224625704997,19.038550232870634
-17.46849246306585,7.183716239948463,13.916734232321453,22.744981659456037
-14.149226532428019,-0.5886421390994983,9.346471993965181,14.052573981885043
-17.363159510401715,2.595187730687112,17.37357314843031,20.801558922090052
-11.934570629423806,-3.4277868182581983,14.285604715201082,12.125076414729126
-19.167627071518005,10.341174600601633,17.758207687060306,27.999838462487087
-17.46849246306585,7.183716239948463,13.916734232321453,22.744981659456037
-15.290110598657707,15.589206023829306,-3.810422689402113,Inf
-14.509948000621131,8.639568168835794,-4.696950787251399,23.316056071954453
-16.920274854782278,11.837146304098248,11.758912410455949,27.04691520026816
-16.6353767180722,8.611914132641083,11.170507652261588,23.75609316503609
-16.6353767180722,8.611914132641083,11.170507652261588,23.75609316503609
-10.73922084623951,2.347987956368442,10.286263588839766,14.913856937594872
-19.984957219881068,8.665496831489161,-17.981939824321607,Inf
-13.235358062159257,4.629013281163942,-12.29832792012056,25.700850588916445
-16.421822010654754,11.203099120324637,-5.203710853216927,26.553919400438335
-14.509948000621131,8.639568168835794,-4.696950787251399,23.316056071954453
-17.45361201397558,9.869717822396574,-10.546976201323135,Inf
-14.811319282636868,1.221851772508586,-6.524224625704997,19.038550232870634
-15.374034694773124,14.634493173488316,15.152081306140232,Inf
-12.611595828541029,9.139588569741814,12.43764143577814,22.27999932056707
-18.747427617434973,19.57314080328601,-3.580171479369163,Inf
-16.421822010654754,11.203099120324637,-5.203710853216927,26.553919400438335
-19.27887910376361,17.258843057166324,-14.983734254770535,Inf
-17.45361201397558,9.869717822396574,-10.546976201323135,Inf
-15.010461111559694,19.390314955596317,12.43199259558083,Inf
-10.668239798815646,13.243534861023527,14.45810013802042,26.903096403918383
-14.856958372965607,14.454814590725718,1.2400442658178719,Inf
-8.551051855008964,7.0292502709109606,1.8115099241355352,18.527212825708254
-14.509948000621131,8.639568168835794,-4.696950787251399,23.316056071954453
-10.511881149654307,2.5581107312306806,-3.0696814770147967,15.858397691588653
-12.289853298107163,18.063012306782255,8.789799808029855,38.34123237075381
-12.611595828541029,9.139588569741814,12.43764143577814,22.27999932056707
-13.980854725237757,6.345093447534715,8.686185132579702,21.019712346388257
-10.73922084623951,2.347987956368442,10.286263588839766,14.913856937594872
-8.551051855008964,7.0292502709109606,1.8115099241355352,18.527212825708254
-7.585075162940251,-2.6815808339523457,0.801777897551645,8.716356059741791
-13.235358062159257,4.629013281163942,-12.29832792012056,25.700850588916445
-10.511881149654307,2.5581107312306806,-3.0696814770147967,15.858397691588653
-9.364172296075628,4.1843808234687,-15.944562846383734,28.003986041056617
-6.657006960004619,3.220686646810478,-6.606274526542881,18.233567453942474
-10.066717329721833,4.479763381077451,-19.52120327646778,Inf
-9.364172296075628,4.1843808234687,-15.944562846383734,28.003986041056617
-10.511881149654307,2.5581107312306806,-3.0696814770147967,15.858397691588653
-7.585075162940251,-2.6815808339523457,0.801777897551645,8.716356059741791
-14.211925930711793,11.380231981900213,-10.021022580110124,40.49980049341158
-14.509948000621131,8.639568168835794,-4.696950787251399,23.316056071954453
-9.959390251945228,15.57244962838751,-11.275303422506866,Inf
-13.862968891466148,14.315056771021034,-9.871663946021538,Inf
-12.784852012455907,12.41371607563515,-12.284425785107729,Inf
-14.509948000621131,8.639568168835794,-4.696950787251399,23.316056071954453
-10.618589148985444,12.515128338538268,1.828056081612015,24.389792668250713
-8.551051855008964,7.0292502709109606,1.8115099241355352,18.527212825708254
-13.862968891466148,14.315056771021034,-9.871663946021538,Inf
-14.509948000621131,8.639568168835794,-4.696950787251399,23.316056071954453
-10.163951265009432,5.883975980297045,6.334346920335712,20.247879036466916
-10.73922084623951,2.347987956368442,10.286263588839766,14.913856937594872
-8.726113956444923,10.169638261164362,0.8068148338320853,21.829044997876736
-8.551051855008964,7.0292502709109606,1.8115099241355352,18.527212825708254
-7.470526591989302,5.81448508075362,8.596330342543652,18.39866719037313
-8.752565268041863,-3.683857410823652,10.955574108684026,8.528096568455206
-8.065055050884036,14.848706902610765,-16.175932430215685,Inf
-6.532775765983736,12.216947624477783,-14.605154377519032,Inf
-8.377934711356394,12.081544383107527,0.1379787315382508,23.852281087633035
-8.551051855008964,7.0292502709109606,1.8115099241355352,18.527212825708254
-7.9284211233074675,10.758358868860284,-13.648794516151872,Inf
-5.9670390113272465,3.7145681666052184,-8.7492268646385,20.53839270743704
-11.926730024274113,8.910266276924837,13.371419112016355,22.261772247840895
-10.73922084623951,2.347987956368442,10.286263588839766,14.913856937594872
-12.611595828541029,9.139588569741814,12.43764143577814,22.27999932056707
-10.73922084623951,2.347987956368442,10.286263588839766,14.913856937594872
-9.982777051382197,14.435871231665388,13.579379309231207,28.123044355523177
-11.926730024274113,8.910266276924837,13.371419112016355,22.261772247840895
-10.73922084623951,2.347987956368442,10.286263588839766,14.913856937594872
-8.752565268041863,-3.683857410823652,10.955574108684026,8.528096568455206
-10.668239798815646,13.243534861023527,14.45810013802042,26.903096403918383
-11.926730024274113,8.910266276924837,13.371419112016355,22.261772247840895
-7.825261467122715,19.108888824321284,11.143081342927292,Inf
-5.796198568089883,14.701036034019722,7.713033001969336,27.484611080166594
-8.717191264245026,19.817458292664803,11.087087239843552,Inf
-9.982777051382197,14.435871231665388,13.579379309231207,28.123044355523177
-9.68017505839522,19.766914993032508,-11.574476907283406,Inf
-5.103420071316354,18.263293522316417,-4.291889565797549,Inf
-12.175047492436146,19.18883007499563,-6.828928458148962,Inf
-16.421822010654754,11.203099120324637,-5.203710853216927,26.553919400438335
-13.945487420560951,18.45485236279479,-11.05226140473758,Inf
-13.862968891466148,14.315056771021034,-9.871663946021538,Inf
-9.212105964127817,18.237138021912322,-5.64439031731558,Inf
-8.377934711356394,12.081544383107527,0.1379787315382508,23.852281087633035
-11.449302908758474,19.983574116373795,3.618329319028703,Inf
-10.618589148985444,12.515128338538268,1.828056081612015,24.389792668250713
-12.02943278185911,18.391926906470744,18.666909501225753,Inf
-10.668239798815646,13.243534861023527,14.45810013802042,26.903096403918383
5.889998965076593,-13.435247203237592,-4.306805770787587,16.556764058625106
-7.0,-10.0,5.5,0.0
16.544832174242742,-16.442952409916085,-16.05971684996181,32.70305403993062
5.889998965076593,-13.435247203237592,-4.306805770787587,16.556764058625106
17.108238736471613,-16.129725322297055,-19.18393590126037,35.89308269862285
16.544832174242742,-16.442952409916085,-16.05971684996181,32.70305403993062
-6.314513915149043,-15.107648018863165,-16.919157914950517,24.02780071892881
-8.533380549456533,-12.671789392673949,-9.711464688364977,16.102674976318127
7.7970932954209005,-15.222989551305464,-18.51657430192119,32.07053896639214
3.4762777075160933,-14.907306331501786,-12.137496795503084,23.01935074099059
4.18419859100835,-17.69470296253468,-18.097199653015224,Inf
0.49002913968924133,-15.101933375948038,-9.767867790341223,19.210476096885174
11.17210974953477,-18.430315972711053,-17.565420723164742,Inf
7.173484751356234,-15.308439823656688,-9.665545160539057,22.376753251402732
16.881790779248774,-18.26477474905265,-18.402746842068012,Inf
16.544832174242742,-16.442952409916085,-16.05971684996181,32.70305403993062
16.82239146699581,-14.985756525558784,-18.147394025203578,Inf
10.331796113697152,-12.468659979491221,-11.524243151784939,25.086433168222577
9.880433319500899,-14.038061231391925,-18.383037320880895,Inf
7.173484751356234,-15.308439823656688,-9.665545160539057,22.376753251402732
0.49002913968924133,-15.101933375948038,-9.767867790341223,19.210476096885174
-3.2317942186245645,-15.020392157066418,-6.459054094459384,14.229826926855008
-2.890677237846681,-15.948348603447604,-12.633709216986633,20.483132440190126
-3.2317942186245645,-15.020392157066418,-6.459054094459384,14.229826926855008
-4.64973962921623,-17.59150885959672,4.498958659364849,8.009794900087813
-7.0,-10.0,5.5,0.0
-3.1698284484256263,-17.34566599748664,18.032906670941927,16.07374152784196
-7.148382029549465,-14.733321234687526,13.368323430232167,9.183510262431112
-5.638294834467823,-18.80668260449533,7.139576398090046,9.060911114194399
-7.0,-10.0,5.5,0.0
-4.74871183758129,-15.577830002207111,-13.814395135898252,22.39575272414541
-3.2317942186245645,-15.020392157066418,-6.459054094459384,14.229826926855008
-5.085457527729007,-14.509379191955976,-15.643855576548722,23.206066496176057
-8.533380549456533,-12.671789392673949,-9.711464688364977,16.102674976318127
-2.658669501127669,-13.784075675645733,2.355855839339938,6.561403944466882
-7.0,-10.0,5.5,0.0
-3.2317942186245645,-15.020392157066418,-6.459054094459384,14.229826926855008
-6.697401612718545,-13.260986905735344,-2.669546074708535,8.801538754680816
-1.841595928544642,-14.144528725332961,6.130132778038568,6.647053349979664
-7.0,-10.0,5.5,0.0
12.730945817447605,-16.514910423312948,-5.350947455912989,24.13126808494038
5.889998965076593,-13.435247203237592,-4.306805770787587,16.556764058625106
13.743092062901255,-18.77720391399963,-14.005837040872269,31.133747188987652
7.173484751356234,-15.308439823656688,-9.665545160539057,22.376753251402732
10.131150721201081,-19.10440276956484,-9.43516311355502,25.29900302177486
5.889998965076593,-13.435247203237592,-4.306805770787587,16.556764058625106
6.841989180641114,-18.86526348024077,-6.974608589547655,22.681185175664183
5.889998965076593,-13.435247203237592,-4.306805770787587,16.556764058625106
4.994831644732685,-19.670347861826187,-8.920344101265618,24.364615279091183
-3.2317942186245645,-15.020392157066418,-6.459054094459384,14.229826926855008
9.634711883336465,-18.956786993524872,0.04307555351897463,20.098782544409637
1.1994163267880786,-15.360974708083353,1.6978549056885939,10.780930226261212
7.97125968507337,-19.300486974323476,18.258648150884667,24.654254247774468
4.79143910283625,-18.149042299469265,13.4775081254068,18.79794280475033
8.21085195999208,-19.055856253455524,-6.97813697921732,23.19857218175924
5.889998965076593,-13.435247203237592,-4.306805770787587,16.556764058625106
5.505146548678546,-18.497533469032472,-13.666583702859727,26.413356658481874
0.49002913968924133,-15.101933375948038,-9.767867790341223,19.210476096885174
4.79143910283625,-18.149042299469265,13.4775081254068,18.79794280475033
1.2141877984539384,-13.787086762812653,12.20526568117777,13.0150383584213
4.736748063314238,-18.394460338212788,9.021307973859738,15.80530177980281
-1.841595928544642,-14.144528725332961,6.130132778038568,6.647053349979664
11.03792699949457,-18.750146487826107,-0.5478818094204456,21.635318767745215
9.634711883336465,-18.956786993524872,0.04307555351897463,20.098782544409637
18.463430195298784,-19.215953757635056,13.99182128313008,Inf
13.680163201293993,-16.400590601752782,12.341326005383799,25.775778913979224
10.981121153563116,-19.680764791925178,-9.831398896670569,26.326469494064767
5.889998965076593,-13.435247203237592,-4.306805770787587,16.556764058625106
14.280589203665613,-19.277146117644968,6.8125541105244665,23.958072507765685
7.167021907695698,-16.327870552879027,4.832490271838729,16.324983869533483
11.374877523025766,-19.25377668306119,19.18550107076885,27.581067701677426
4.79143910283625,-18.149042299469265,13.4775081254068,18.79794280475033
15.257944881952518,-18.026814327812808,-4.7189451805155525,27.14307892969112
12.730945817447605,-16.514910423312948,-5.350947455912989,24.13126808494038
13.112379038638615,-17.432404831241524,6.490971207035486,22.277256710259387
7.167021907695698,-16.327870552879027,4.832490271838729,16.324983869533483
8.632618967242244,-14.527253395267659,5.085084030944415,17.74412724063498
0.8638392987335735,-9.227592743359372,3.3677067720843112,8.184329899034664
14.520864152071084,-13.857955678993319,-2.7488875791931022,25.33728940869672
7.358783790055099,-10.491333470447035,-2.5578351783992304,17.066525121927942
7.167021907695698,-16.327870552879027,4.832490271838729,16.324983869533483
-1.841595928544642,-14.144528725332961,6.130132778038568,6.647053349979664
3.4762777075160933,-14.907306331501786,-12.137496795503084,23.01935074099059
-3.2317942186245645,-15.020392157066418,-6.459054094459384,14.229826926855008
11.16280353873739,-13.91711413367986,-13.315335825150738,27.53522996294503
10.331796113697152,-12.468659979491221,-11.524243151784939,25.086433168222577
7.173484751356234,-15.308439823656688,-9.665545160539057,22.376753251402732
5.889998965076593,-13.435247203237592,-4.306805770787587,16.556764058625106
1.1994163267880786,-15.360974708083353,1.6978549056885939,10.780930226261212
-2.658669501127669,-13.784075675645733,2.355855839339938,6.561403944466882
1.3599901231433975,-14.835992455256148,-10.140051708371027,20.11780027300361
-3.2317942186245645,-15.020392157066418,-6.459054094459384,14.229826926855008
13.466892159713176,-15.897862078262621,-1.287738449164415,23.758702668927057
5.319888663489873,-10.337660239343975,-0.158223426687087,13.83069608940713
18.990140903521862,-14.815528399954667,0.27240308340605424,Inf
16.49772142744485,-13.970573429314594,1.921883868014067,25.80216512788484
18.8481165355092,-16.48061641843877,-11.46612370401833,Inf
12.730945817447605,-16.514910423312948,-5.350947455912989,24.13126808494038
16.165154570800446,-13.84096478320716,-9.107762773917267,Inf
12.397210922225163,-10.798394956189652,-4.740748595167945,22.274646808890125
16.49772142744485,-13.970573429314594,1.921883868014067,25.80216512788484
9.344626809552715,-11.535626161522199,5.806888959396996,17.30575439337357
18.68728368161758,-13.951603803770194,14.31045164015017,42.35473020408803
11.64182957389852,-11.631274754201284,10.647759292830994,21.576219336754583
1.714611366295891,-16.020155575852264,5.785641231454228,10.781341928456275
-1.841595928544642,-14.144528725332961,6.130132778038568,6.647053349979664
13.680163201293993,-16.400590601752782,12.341326005383799,25.775778913979224
8.425504661760765,-15.434806978270812,6.887990718453352,17.607314107955194
7.701182344207442,-15.408278351804121,11.99190098617806,19.704947543001065
1.714611366295891,-16.020155575852264,5.785641231454228,10.781341928456275
8.425504661760765,-15.434806978270812,6.887990718453352,17.607314107955194
1.714611366295891,-16.020155575852264,5.785641231454228,10.781341928456275
1.2141877984539384,-13.787086762812653,12.20526568117777,13.0150383584213
-4.292863424769031,-11.292527676677437,7.212479540539718,3.454244115388714
16.50865015168104,9.249492239511703,-8.216709710885146,41.90711919280404
12.949140234458376,3.540847474386144,-2.5711044909003107,27.327236117321668
-6.033321779494356,16.02937364989736,-11.240176777621356,49.98612860647659
-4.720756236451358,13.211583200500144,-2.593018557507989,25.67031120289894
-6.054902930717132,4.699906106750831,-18.208101746812034,Inf
-5.024484838317607,0.06960364776892547,-10.058674812574484,19.690547705352063
-6.532775765983736,12.216947624477783,-14.605154377519032,Inf
-4.896954871819812,5.793370719561306,-12.859244732886772,25.15614492186279
13.340943598119566,14.331606661346598,-8.65130571981104,47.91137813934131
16.50865015168104,9.249492239511703,-8.216709710885146,41.90711919280404
16.103670461725237,-1.3414397790532995,-16.317698812696044,47.61615030958929
9.624124968865367,-7.440618395605227,-14.731225795918643,29.654083626865678
2.5877153614118775,-9.387932144058704,-18.40071255464232,27.910234702737018
-0.8903945936862172,-8.889876490894908,-13.447321607968554,21.83722966700796
-4.03635358081516,3.9760059585145697,-18.841444839682573,43.73314417752024
-5.024484838317607,0.06960364776892547,-10.058674812574484,19.690547705352063
-5.766185850222465,0.11436933249827419,-19.846151785462247,Inf
-4.4620663771634295,-0.352867216521247,-16.07074710915885,24.817539269349997
0.24368802818489854,-7.967276609042884,-17.0428498750615,25.62010103838385
-3.3376619518081014,-10.539537686450222,-9.860616476497643,17.192345030941137
-0.6151864581191475,-5.828927307005722,-18.676157644551637,27.902365751359575
-0.8903945936862172,-8.889876490894908,-13.447321607968554,21.83722966700796
-1.603605915470041,-12.286101815315824,-16.86412364685375,24.615723593201714
-3.3376619518081014,-10.539537686450222,-9.860616476497643,17.192345030941137
0.8173392620885593,-10.951274215990336,-17.704899752938267,26.078645846144646
-3.3376619518081014,-10.539537686450222,-9.860616476497643,17.192345030941137
18.750357146490742,4.143628982804898,-18.14030426157118,Inf
16.103670461725237,-1.3414397790532995,-16.317698812696044,47.61615030958929
17.414295171088455,-10.61100934574661,-18.695301617326734,Inf
12.820498450836851,-12.287215981039497,-12.336601480622411,28.131282257411073
19.59690825857681,9.59976981956568,-17.539551354337828,Inf
10.241539195921916,8.256366643631175,-14.61025679330044,Inf
15.480049952246134,4.496527752945482,-19.77235655374379,Inf
8.448874306040757,5.6609767111715925,-12.946530366035693,Inf
9.624124968865367,-7.440618395605227,-14.731225795918643,29.654083626865678
7.724206551509603,-5.249418704632971,-9.325131181772877,23.136878805814263
-3.726750701850552,-3.9412185797570665,-11.154070664972444,19.69145347203952
-6.08612719980707,-4.323283806767746,-7.2886721971585455,15.146793241419598
3.388458687380602,-5.171988236026319,-16.182264200221,28.130971754153144
-0.788544618707494,-6.246380534387308,-8.851234391264713,19.383673054537283
-3.3376619518081014,-10.539537686450222,-9.860616476497643,17.192345030941137
-6.697401612718545,-13.260986905735344,-2.669546074708535,8.801538754680816
8.356770365754286,-11.945059835246568,-10.312500311165795,23.218144279514018
5.889998965076593,-13.435247203237592,-4.306805770787587,16.556764058625106
-0.8903945936862172,-8.889876490894908,-13.447321607968554,21.83722966700796
-3.3376619518081014,-10.539537686450222,-9.860616476497643,17.192345030941137
0.40809599768030225,-7.000697386413552,-13.270167748266779,23.37127156879071
-3.3376619518081014,-10.539537686450222,-9.860616476497643,17.192345030941137
-1.2402054710429056,-6.459109465716191,-9.408835174269274,19.920925880878926
-0.25379304773565536,-7.8161040060744735,-3.876653482245729,14.13996766229807
-0.788544618707494,-6.246380534387308,-8.851234391264713,19.383673054537283
-0.25379304773565536,-7.8161040060744735,-3.876653482245729,14.13996766229807
1.929836559034559,-10.125913928616237,-9.12499929960303,20.275812669826184
-0.25379304773565536,-7.8161040060744735,-3.876653482245729,14.13996766229807
7.724206551509603,-5.249418704632971,-9.325131181772877,23.136878805814263
1.4452080867872823,-7.745206246471952,-2.74756893493997,14.50351152063714
5.557609840225819,9.579547465375924,-11.161029094891894,53.80265956154179
4.783019455799362,3.2418221598154844,-5.810771062716711,22.554580065169016
9.399581292426351,10.548675522155271,-16.18066342131753,53.479928987907456
5.639491256978808,6.610361382457999,-9.231338133273148,27.431144380839594
6.220396633184251,7.0265478469608595,-13.217578621433006,Inf
4.783019455799362,3.2418221598154844,-5.810771062716711,22.554580065169016
-5.891975436356631,-3.9087803082716306,-13.588894639261326,21.463620837412066
-6.08612719980707,-4.323283806767746,-7.2886721971585455,15.146793241419598
7.270218061964393,5.287739000181642,-14.030233723639904,Inf
4.783019455799362,3.2418221598154844,-5.810771062716711,22.554580065169016
-4.4620663771634295,-0.352867216521247,-16.07074710915885,24.817539269349997
-5.414599225733232,-2.9303485078903257,-9.114484575067943,17.338213291819734
-4.896954871819812,5.793370719561306,-12.859244732886772,25.15614492186279
-5.1717094250026285,2.4125870392454196,-6.414523480078929,17.87331440179863
8.448874306040757,5.6609767111715925,-12.946530366035693,Inf
4.783019455799362,3.2418221598154844,-5.810771062716711,22.554580065169016
-0.9969155830583709,4.9846873645499485,-13.228978743081825,26.268634779106172
-5.1717094250026285,2.4125870392454196,-6.414523480078929,17.87331440179863
4.852009537998569,3.2817626071620687,-12.389847782636432,Inf
4.783019455799362,3.2418221598154844,-5.810771062716711,22.554580065169016
7.294298106993367,-3.5457699122849533,-11.367545518100055,25.306473592700293
1.2351340434442726,-6.683040659039579,-5.033141598796185,15.996231388528624
4.209912672285682,13.0131610180294,-15.125576024570337,Inf
1.4964553655894903,8.122211558136847,-8.74042953775989,27.478730739277005
-2.4782644741591398,13.005179340362801,-15.614456292323515,Inf
-2.5139413197235356,7.858829856630898,-13.017580329855871,26.835772317390088
-2.5139413197235356,7.858829856630898,-13.017580329855871,26.835772317390088
-5.1717094250026285,2.4125870392454196,-6.414523480078929,17.87331440179863
6.404597967952732,9.453774834608257,-11.395580735647757,Inf
4.783019455799362,3.2418221598154844,-5.810771062716711,22.554580065169016
2.165592001653856,9.50135475228376,-11.788304677998118,Inf
0.37823718706147247,4.39497418521502,-8.042220172029033,23.987328035595386
5.639491256978808,6.610361382457999,-9.231338133273148,27.431144380839594
4.783019455799362,3.2418221598154844,-5.810771062716711,22.554580065169016
1.4964553655894903,8.122211558136847,-8.74042953775989,27.478730739277005
-5.1717094250026285,2.4125870392454196,-6.414523480078929,17.87331440179863
-5.9670390113272465,3.7145681666052184,-8.7492268646385,20.53839270743704
-6.657006960004619,3.220686646810478,-6.606274526542881,18.233567453942474
-5.024484838317607,0.06960364776892547,-10.058674812574484,19.690547705352063
-6.741756728368102,-4.12853299396942,-3.5075983332637577,11.722487901055793
-5.414599225733232,-2.9303485078903257,-9.114484575067943,17.338213291819734
-8.853558886766537,-5.320423642859833,-1.1532785646063815,8.342675295567195
14.456969148797619,9.746355212782412,-13.714720873650679,47.796465039134894
16.50865015168104,9.249492239511703,-8.216709710885146,41.90711919280404
16.408350938842233,4.416368943455737,-8.78994523282187,46.775151617776686
12.949140234458376,3.540847474386144,-2.5711044909003107,27.327236117321668
12.820498450836851,-12.287215981039497,-12.336601480622411,28.131282257411073
10.331796113697152,-12.468659979491221,-11.524243151784939,25.086433168222577
10.331796113697152,-12.468659979491221,-11.524243151784939,25.086433168222577
5.889998965076593,-13.435247203237592,-4.306805770787587,16.556764058625106
10.241539195921916,8.256366643631175,-14.61025679330044,Inf
4.803116229233872,5.45172881243041,-8.16093507937829,25.780624423014252
10.914211762520747,-6.005987712030807,-14.899159276582852,Inf
7.724206551509603,-5.249418704632971,-9.325131181772877,23.136878805814263
11.961990387230472,-7.281988828370984,-16.223091838819652,Inf
7.724206551509603,-5.249418704632971,-9.325131181772877,23.136878805814263
11.559158329934071,-5.561858981708552,-15.859882519485629,Inf
7.724206551509603,-5.249418704632971,-9.325131181772877,23.136878805814263
11.801997445756669,3.945334908504698,-11.079822232997385,Inf
4.783019455799362,3.2418221598154844,-5.810771062716711,22.554580065169016
9.646439036768886,1.180702973370078,-11.755550789698175,Inf
7.724206551509603,-5.249418704632971,-9.325131181772877,23.136878805814263
19.4388630313954,-10.815634610845422,-15.962688232237685,Inf
12.820498450836851,-12.287215981039497,-12.336601480622411,28.131282257411073
16.753996683993634,-4.888038326999107,-12.896450836657465,Inf
7.724206551509603,-5.249418704632971,-9.325131181772877,23.136878805814263
12.946100282419678,-9.794643411160635,-12.407378739146182,Inf
8.356770365754286,-11.945059835246568,-10.312500311165795,23.218144279514018
17.44733558054343,3.125005446741838,-8.788758552373528,Inf
14.334689611949244,3.3991773313547036,-5.429835621283718,Inf
19.94532452081628,12.53124210052409,-8.305250503876982,Inf
14.962332118960816,7.1459352030494045,-3.819506187348445,47.02096808491743
3.2175163701407783,18.549690052953302,-14.413715448510613,Inf
5.557609840225819,9.579547465375924,-11.161029094891894,53.80265956154179
0.921211976705596,19.439053787105784,-17.002100253366336,Inf
5.208933948577066,16.083068646140568,-10.371299460011665,Inf
4.992538039538054,14.43886472730469,-18.35339258894227,Inf
4.209912672285682,13.0131610180294,-15.125576024570337,Inf
12.856340661851789,19.958706613496624,-15.418677737884838,Inf
5.731939401602375,15.175304206914603,-11.976287740740066,Inf
16.77208513894088,17.500798448339985,-16.046876994586974,Inf
15.382121178119249,16.24089139396365,-6.824934766180899,Inf
14.953416991358026,16.871472110581593,-19.62900136609595,Inf
9.399581292426351,10.548675522155271,-16.18066342131753,53.479928987907456
5.208933948577066,16.083068646140568,-10.371299460011665,Inf
1.4964553655894903,8.122211558136847,-8.74042953775989,27.478730739277005
2.2673205447760303,17.127621310518002,-13.634158346233267,Inf
5.557609840225819,9.579547465375924,-11.161029094891894,53.80265956154179
1.4852437111963646,18.248436940976084,-12.329938385038615,Inf
-3.6595392825765956,16.176966637924266,-6.254276165253092,Inf
5.731939401602375,15.175304206914603,-11.976287740740066,Inf
1.4964553655894903,8.122211558136847,-8.74042953775989,27.478730739277005
19.049485554218876,18.91793718181826,-11.092501488423707,Inf
15.713545137253256,10.718629713524265,-7.679226841398572,Inf
4.816465024384968,17.373803238748735,-6.325406822876918,49.33359531098342
0.24866315641501657,12.580763203281904,-2.8400071042040693,26.978388478068098
-3.6696985197401233,5.435088320946598,9.861660169883713,21.20342158319274
-1.5197832114773036,2.0764800297857917,10.07636557633284,17.209866287755425
-4.561699574131257,-3.5811021252562085,2.6882693953753574,7.4197970245933895
-7.0,-10.0,5.5,0.0
-5.6119790023835225,-2.379759869969096,-2.2188468143316165,12.336905465998157
-7.585075162940251,-2.6815808339523457,0.801777897551645,8.716356059741791
-6.697401612718545,-13.260986905735344,-2.669546074708535,8.801538754680816
-7.0,-10.0,5.5,0.0
-6.442768054672943,0.5004450467433585,-1.292178978639285,12.693139890221211
-7.585075162940251,-2.6815808339523457,0.801777897551645,8.716356059741791
-6.08612719980707,-4.323283806767746,-7.2886721971585455,15.146793241419598
-9.12889357712431,-8.169553431894672,-0.9337027993937141,7.019633481339053
-6.657006960004619,3.220686646810478,-6.606274526542881,18.233567453942474
-7.585075162940251,-2.6815808339523457,0.801777897551645,8.716356059741791
-6.741756728368102,-4.12853299396942,-3.5075983332637577,11.722487901055793
-8.853558886766537,-5.320423642859833,-1.1532785646063815,8.342675295567195
3.6412369423877067,1.0604608883319884,1.1483475846208258,16.969856390188333
-4.561699574131257,-3.5811021252562085,2.6882693953753574,7.4197970245933895
-1.9865754369507798,-0.9588310050680775,0.6418239502093286,11.626400061451395
-4.561699574131257,-3.5811021252562085,2.6882693953753574,7.4197970245933895
-3.2245787644659174,-1.198460644648307,-6.115566425376544,16.637844412381533
-4.561699574131257,-3.5811021252562085,2.6882693953753574,7.4197970245933895
-4.341497570176989,0.9983437876456414,-2.2741018483649533,14.175901090727931
-4.561699574131257,-3.5811021252562085,2.6882693953753574,7.4197970245933895
1.4452080867872823,-7.745206246471952,-2.74756893493997,14.50351152063714
-1.500541468481991,-11.500424359457,3.0317208763307306,6.211901418300172
-0.25379304773565536,-7.8161040060744735,-3.876653482245729,14.13996766229807
-1.500541468481991,-11.500424359457,3.0317208763307306,6.211901418300172
1.2351340434442726,-6.683040659039579,-5.033141598796185,15.996231388528624
-1.500541468481991,-11.500424359457,3.0317208763307306,6.211901418300172
0.3014693990388473,-2.454934739838535,0.7605427534472398,12.770946008464264
-4.561699574131257,-3.5811021252562085,2.6882693953753574,7.4197970245933895
0.1654659892736099,-1.9993222919761244,0.9863969032696396,12.687101048873604
-4.561699574131257,-3.5811021252562085,2.6882693953753574,7.4197970245933895
4.379134191571001,-11.207694984246324,1.1878475421301715,12.38086771964327
-1.500541468481991,-11.500424359457,3.0317208763307306,6.211901418300172
0.37823718706147247,4.39497418521502,-8.042220172029033,23.987328035595386
-4.341497570176989,0.9983437876456414,-2.2741018483649533,14.175901090727931
-5.1717094250026285,2.4125870392454196,-6.414523480078929,17.87331440179863
-7.585075162940251,-2.6815808339523457,0.801777897551645,8.716356059741791
4.783019455799362,3.2418221598154844,-5.810771062716711,22.554580065169016
0.1654659892736099,-1.9993222919761244,0.9863969032696396,12.687101048873604
2.425619411250022,3.1233646545667355,-7.631641800226863,23.91117912790415
-4.341497570176989,0.9983437876456414,-2.2741018483649533,14.175901090727931
-4.700195940746514,2.4955841397416556,-3.1084677595405736,15.816749456610566
-7.585075162940251,-2.6815808339523457,0.801777897551645,8.716356059741791
-2.348092526132241,-8.87785378941075,6.979440623256529,5.008812216594689
-7.0,-10.0,5.5,0.0
-2.349444420094553,3.9746518096520944,9.524018787977031,19.353806772370614
-1.5197832114773036,2.0764800297857917,10.07636557633284,17.209866287755425
-4.566096362658909,-11.634866698283766,15.213476594989778,11.00600257664867
-7.561535578251544,-10.546636847981015,6.157030600498636,1.0226550049770025
-6.581486776098959,-12.075613016830697,13.641476601817303,8.412310263664535
-7.0,-10.0,5.5,0.0
-2.9863956782281598,-11.693759332771032,6.025958929184753,4.387991923908217
-7.0,-10.0,5.5,0.0
-3.935060675339468,-11.79885823595991,7.80022611776392,4.233294722763185
-7.0,-10.0,5.5,0.0
-4.292863424769031,-11.292527676677437,7.212479540539718,3.454244115388714
-7.0,-10.0,5.5,0.0
-4.801512838643154,-2.2747099035087643,17.72516094454535,16.492003770670472
-8.752565268041863,-3.683857410823652,10.955574108684026,8.528096568455206
-1.5197832114773036,2.0764800297857917,10.07636557633284,17.209866287755425
-4.561699574131257,-3.5811021252562085,2.6882693953753574,7.4197970245933895
-1.121942986090314,-6.081842044473751,16.18235802739916,14.704935829659966
-2.348092526132241,-8.87785378941075,6.979440623256529,5.008812216594689
-0.21385020022018253,-4.767813601991326,12.064860535275905,11.886959956319416
-2.348092526132241,-8.87785378941075,6.979440623256529,5.008812216594689
-1.8951313703237105,-11.8808464326571,14.166113927703748,10.918544250088267
-4.292863424769031,-11.292527676677437,7.212479540539718,3.454244115388714
-1.6029848598548568,-3.638657671178507,13.549741562244733,13.445234196825076
-2.348092526132241,-8.87785378941075,6.979440623256529,5.008812216594689
-1.500541468481991,-11.500424359457,3.0317208763307306,6.211901418300172
-7.0,-10.0,5.5,0.0
-1.0145842124245803,-3.8576225128708614,12.23996010208623,12.401648727692677
-2.348092526132241,-8.87785378941075,6.979440623256529,5.008812216594689
2.008356377177485,-4.420641554661238,13.211692292039672,13.822798194334812
-2.348092526132241,-8.87785378941075,6.979440623256529,5.008812216594689
0.8638392987335735,-9.227592743359372,3.3677067720843112,8.184329899034664
-7.0,-10.0,5.5,0.0
4.754635195976906,-7.5402505968477485,5.980463644116661,12.305104316012306
-2.348092526132241,-8.87785378941075,6.979440623256529,5.008812216594689
4.511409074725677,-5.9947153933956265,6.47691081711055,12.466545480047742
-2.348092526132241,-8.87785378941075,6.979440623256529,5.008812216594689
0.07336402099559436,-1.9878257348893058,14.884457217831212,15.856966253843378
-1.0145842124245803,-3.8576225128708614,12.23996010208623,12.401648727692677
2.9446486879869056,-4.269151253285717,15.999716538790771,16.76773822821729
2.008356377177485,-4.420641554661238,13.211692292039672,13.822798194334812
4.2330525135326695,-12.23652567403148,18.304073349547465,18.274805945766097
1.2141877984539384,-13.787086762812653,12.20526568117777,13.0150383584213
-0.699914303309555,-1.7043753765919618,18.78967278267624,19.292634256201612
-1.6029848598548568,-3.638657671178507,13.549741562244733,13.445234196825076
1.5203807441854522,-3.2652396692850942,17.08702505196382,17.408501572975176
-0.21385020022018253,-4.767813601991326,12.064860535275905,11.886959956319416
4.499878162583741,-10.531610957997879,16.57293993750089,17.656958848174117
1.2141877984539384,-13.787086762812653,12.20526568117777,13.0150383584213
1.4600181402193684,2.7390937352604965,12.94790746806968,19.62874688678499
-1.0145842124245803,-3.8576225128708614,12.23996010208623,12.401648727692677
-2.2920119535430317,3.8632947768169856,16.195304156167474,21.429784923458676
-1.0145842124245803,-3.8576225128708614,12.23996010208623,12.401648727692677
4.039285670803512,3.9235477148727327,16.066984411998263,22.872818164026135
2.008356377177485,-4.420641554661238,13.211692292039672,13.822798194334812
-0.5616910465198117,2.270020345162685,13.325946663726654,19.04534232564272
-1.0145842124245803,-3.8576225128708614,12.23996010208623,12.401648727692677
-2.717437121088917,15.88337133096325,-0.15716829506681407,32.16515966803289
-5.596312891559192,9.727404819944027,0.2576558448448374,22.087567013761493
-5.298028571989617,5.735642955695059,-2.838953681927201,18.16808420162144
-7.585075162940251,-2.6815808339523457,0.801777897551645,8.716356059741791
-6.1439689533736885,18.009809671088405,-4.952654437220847,Inf
-4.720756236451358,13.211583200500144,-2.593018557507989,25.67031120289894
-1.3267409938443748,15.779838237234912,-3.8242870592711498,30.677683862254497
-4.720756236451358,13.211583200500144,-2.593018557507989,25.67031120289894
0.24866315641501657,12.580763203281904,-2.8400071042040693,26.978388478068098
-5.298028571989617,5.735642955695059,-2.838953681927201,18.16808420162144
-0.9042232837060666,9.068567222792918,-5.79983897679095,24.427537117883265
-4.341497570176989,0.9983437876456414,-2.2741018483649533,14.175901090727931
-2.312783587885754,15.586853102884902,-4.1738606657466,Inf
-4.720756236451358,13.211583200500144,-2.593018557507989,25.67031120289894
4.803116229233872,5.45172881243041,-8.16093507937829,25.780624423014252
4.783019455799362,3.2418221598154844,-5.810771062716711,22.554580065169016
-4.720756236451358,13.211583200500144,-2.593018557507989,25.67031120289894
-5.298028571989617,5.735642955695059,-2.838953681927201,18.16808420162144
-5.209556001781133,15.010276090434836,-0.7702551820031545,27.556491796496612
-5.596312891559192,9.727404819944027,0.2576558448448374,22.087567013761493
-5.103420071316354,18.263293522316417,-4.291889565797549,Inf
-4.720756236451358,13.211583200500144,-2.593018557507989,25.67031120289894
0.0451969547804687,17.33340194475037,-5.823773607500815,Inf
0.24866315641501657,12.580763203281904,-2.8400071042040693,26.978388478068098
-3.6595392825765956,16.176966637924266,-6.254276165253092,Inf
-4.720756236451358,13.211583200500144,-2.593018557507989,25.67031120289894
-3.7206173721426623,19.34913811698833,-0.2988263683384744,Inf
-5.596312891559192,9.727404819944027,0.2576558448448374,22.087567013761493
-4.063035449464936,13.837335050244505,10.696051469212353,27.364488197348496
-7.470526591989302,5.81448508075362,8.596330342543652,18.39866719037313
-4.535948733502151,7.961460269254292,18.991864222285173,23.92116477163692
-7.162668315410734,1.8627174355567533,17.22755753837035,17.050422600046897
-5.002497931019443,7.373870689235265,5.108239535806334,21.55003720716259
-1.9865754369507798,-0.9588310050680775,0.6418239502093286,11.626400061451395
-5.796198568089883,14.701036034019722,7.713033001969336,27.484611080166594
-7.470526591989302,5.81448508075362,8.596330342543652,18.39866719037313
-5.596312891559192,9.727404819944027,0.2576558448448374,22.087567013761493
-6.442768054672943,0.5004450467433585,-1.292178978639285,12.693139890221211
-6.954115796715339,9.39099135990893,7.922112696153629,22.074622400793483
-7.470526591989302,5.81448508075362,8.596330342543652,18.39866719037313
-5.4434906205029865,14.78599627591705,19.179144956300277,Inf
-4.535948733502151,7.961460269254292,18.991864222285173,23.92116477163692
-5.361136419361232,15.266927231037556,14.241663229812872,Inf
-6.954115796715339,9.39099135990893,7.922112696153629,22.074622400793483
3.312024093801405,16.321917742552557,9.966841071045849,37.47257202443082
-0.4390683632895005,7.955388137965755,8.418814078683141,23.412847997778314
3.519175358278737,6.9145897043793525,2.502228333039067,21.41236705274961
-1.9865754369507798,-0.9588310050680775,0.6418239502093286,11.626400061451395
0.7921333187466217,7.153737830959692,1.4254008796017388,20.2373807415223
-1.9865754369507798,-0.9588310050680775,0.6418239502093286,11.626400061451395
-3.0737553853585737,12.467377650073537,1.7521172179565525,26.24586125027
-3.5013161570808933,6.858367477745553,2.3025635269057076,19.760346674906003
-3.5013161570808933,6.858367477745553,2.3025635269057076,19.760346674906003
-1.9865754369507798,-0.9588310050680775,0.6418239502093286,11.626400061451395
-2.3066826220793217,13.917977884243236,1.5698192666818578,26.957718592861315
-3.5013161570808933,6.858367477745553,2.3025635269057076,19.760346674906003
-3.4695035059814856,14.560028158428544,1.9102284198299984,27.47205959237074
-3.5013161570808933,6.858367477745553,2.3025635269057076,19.760346674906003
3.1466716017403584,15.68428334718093,8.921985831259136,37.307192583938736
-0.4390683632895005,7.955388137965755,8.418814078683141,23.412847997778314
-0.4390683632895005,7.955388137965755,8.418814078683141,23.412847997778314
-1.5197832114773036,2.0764800297857917,10.07636557633284,17.209866287755425
-1.3097358432851003,6.691653326871531,19.886131685200866,25.09053807557872
-7.162668315410734,1.8627174355567533,17.22755753837035,17.050422600046897
-3.6139826272642424,7.05737403078361,8.241824586622506,22.916048626691484
-7.470526591989302,5.81448508075362,8.596330342543652,18.39866719037313
-3.5876001262844497,14.921274535771587,5.808735371672114,Inf
-3.5013161570808933,6.858367477745553,2.3025635269057076,19.760346674906003
1.5547654449663355,12.867918564985771,3.0425184748092526,26.224745649208067
0.7921333187466217,7.153737830959692,1.4254008796017388,20.2373807415223
1.4144200282354475,15.471694079723306,11.656161180684919,Inf
-0.4390683632895005,7.955388137965755,8.418814078683141,23.412847997778314
-1.5061283761833444,9.915061124405131,6.2003637922455646,25.954403431692683
-3.5013161570808933,6.858367477745553,2.3025635269057076,19.760346674906003
-3.285938343098689,11.743460216081345,16.79267272009134,Inf
-4.535948733502151,7.961460269254292,18.991864222285173,23.92116477163692
-0.7657442255960412,10.021141318262767,5.920433036959185,25.289855871060972
-3.5013161570808933,6.858367477745553,2.3025635269057076,19.760346674906003
2.2461725286737604,15.205990143803866,10.282263160365996,Inf
-0.4390683632895005,7.955388137965755,8.418814078683141,23.412847997778314
4.011486938568076,8.613836866083595,16.142469627318462,26.786108640350648
1.4600181402193684,2.7390937352604965,12.94790746806968,19.62874688678499
4.232738742950151,10.226785489108934,16.784494927912107,Inf
1.4600181402193684,2.7390937352604965,12.94790746806968,19.62874688678499
3.736806022106684,8.614689087832524,7.3238663628591,26.039144852707885
-1.5197832114773036,2.0764800297857917,10.07636557633284,17.209866287755425
3.7461297424398126,18.696252570204962,18.04285083453108,Inf
3.1466716017403584,15.68428334718093,8.921985831259136,37.307192583938736
2.5999502420801868,17.010650865419308,1.7575232036044852,Inf
1.5547654449663355,12.867918564985771,3.0425184748092526,26.224745649208067
7.628958822674321,9.452870996600787,3.3542286437853264,26.519745628659614
3.519175358278737,6.9145897043793525,2.502228333039067,21.41236705274961
7.683597239398825,4.2347830014408245,14.404256863577203,24.55281584235863
7.443592122410585,3.612987392416951,13.630213568371083,23.531358423551826
13.611939918088169,0.8822820133937626,13.328714115871534,27.55914165230514
10.262805291024915,-1.5071420231354793,10.126745952211557,21.466435760546034
7.670434942636728,8.922080307870814,11.290700996856032,33.3459346371712
1.4600181402193684,2.7390937352604965,12.94790746806968,19.62874688678499
8.434740951639661,3.0229353085446853,10.194296263324418,24.671632851292802
5.272914272467091,-2.2287341945378643,5.290748612402787,16.676800271666565
7.358783790055099,-10.491333470447035,-2.5578351783992304,17.066525121927942
5.319888663489873,-10.337660239343975,-0.158223426687087,13.83069608940713
6.296980890642381,2.017644560135274,8.69813574875792,21.875363219697785
4.511409074725677,-5.9947153933956265,6.47691081711055,12.466545480047742
5.272914272467091,-2.2287341945378643,5.290748612402787,16.676800271666565
4.511409074725677,-5.9947153933956265,6.47691081711055,12.466545480047742
5.192196214721491,-1.301225128718393,-0.34920619519863294,17.95046624668852
0.3014693990388473,-2.454934739838535,0.7605427534472398,12.770946008464264
5.471553706152328,-0.6362232137511903,-2.0459594432419763,19.56062627906927
0.3014693990388473,-2.454934739838535,0.7605427534472398,12.770946008464264
5.319888663489873,-10.337660239343975,-0.158223426687087,13.83069608940713
-1.500541468481991,-11.500424359457,3.0317208763307306,6.211901418300172
5.638555552201964,-8.30544390314258,-0.16482880802286104,14.194910687059355
0.8638392987335735,-9.227592743359372,3.3677067720843112,8.184329899034664
7.0102619950334955,-8.05554327323665,4.78328204590732,14.599629212228464
0.8638392987335735,-9.227592743359372,3.3677067720843112,8.184329899034664
6.719751337390704,-3.703717839353473,0.34688275846698247,16.78260167194594
0.8638392987335735,-9.227592743359372,3.3677067720843112,8.184329899034664
6.497413795845269,6.365146387337816,7.407901650552404,25.611928671708696
5.272914272467091,-2.2287341945378643,5.290748612402787,16.676800271666565
10.755521710851255,-0.8306317491053861,-1.6203894150259934,22.112913669744824
6.719751337390704,-3.703717839353473,0.34688275846698247,16.78260167194594
13.36598595661549,-4.068440888255207,-5.993951298842015,26.50828983968433
6.719751337390704,-3.703717839353473,0.34688275846698247,16.78260167194594
7.721533659872051,-7.128982586926442,-6.6915781997117385,21.14541204079928
1.4452080867872823,-7.745206246471952,-2.74756893493997,14.50351152063714
12.408812123179928,-7.930526803228819,-2.9291358159265,22.740886858340325
5.638555552201964,-8.30544390314258,-0.16482880802286104,14.194910687059355
9.477408167644825,-4.9758152169397984,9.59882930003527,18.78379888973408
4.511409074725677,-5.9947153933956265,6.47691081711055,12.466545480047742
9.344626809552715,-11.535626161522199,5.806888959396996,17.30575439337357
0.8638392987335735,-9.227592743359372,3.3677067720843112,8.184329899034664
12.397210922225163,-10.798394956189652,-4.740748595167945,22.274646808890125
5.319888663489873,-10.337660239343975,-0.158223426687087,13.83069608940713
10.262805291024915,-1.5071420231354793,10.126745952211557,21.466435760546034
4.511409074725677,-5.9947153933956265,6.47691081711055,12.466545480047742
13.054226193222533,-1.3462696073534204,-0.7467039331675629,23.629430552372707
6.719751337390704,-3.703717839353473,0.34688275846698247,16.78260167194594
13.546874841321753,7.11914527973213,-3.825402003880427,46.31204163396522
10.755521710851255,-0.8306317491053861,-1.6203894150259934,22.112913669744824
10.650795688957704,5.633997732027581,6.176663398027777,26.243879600607848
5.272914272467091,-2.2287341945378643,5.290748612402787,16.676800271666565
10.450319002791435,2.661043756416124,5.508267112517345,23.61247445411804
5.272914272467091,-2.2287341945378643,5.290748612402787,16.676800271666565
12.949140234458376,3.540847474386144,-2.5711044909003107,27.327236117321668
6.719751337390704,-3.703717839353473,0.34688275846698247,16.78260167194594
8.185318444818506,-3.6669911619438267,12.020570128382431,20.358075916596192
4.511409074725677,-5.9947153933956265,6.47691081711055,12.466545480047742
7.443592122410585,3.612987392416951,13.630213568371083,23.531358423551826
2.008356377177485,-4.420641554661238,13.211692292039672,13.822798194334812
7.3927451053747895,1.7461343458452028,12.92906754778663,22.014296453473328
2.008356377177485,-4.420641554661238,13.211692292039672,13.822798194334812
11.64182957389852,-11.631274754201284,10.647759292830994,21.576219336754583
4.754635195976906,-7.5402505968477485,5.980463644116661,12.305104316012306
9.748434517712372,4.389248778545607,11.656518340930564,26.663506737025557
7.3927451053747895,1.7461343458452028,12.92906754778663,22.014296453473328
13.340164452809084,-8.459029307176245,10.896870695011582,22.241226559048744
4.754635195976906,-7.5402505968477485,5.980463644116661,12.305104316012306
9.44832288077503,-10.195616741420732,10.22392037058978,19.16721757896709
4.754635195976906,-7.5402505968477485,5.980463644116661,12.305104316012306
14.962332118960816,7.1459352030494045,-3.819506187348445,47.02096808491743
10.755521710851255,-0.8306317491053861,-1.6203894150259934,22.112913669744824
16.96998246163197,-2.9977446701226214,4.7160483105901285,27.943110153687797
15.353169906913834,-6.5549743381627845,6.862012630600496,23.327569427351566
16.379765198514633,3.1000042442168336,1.7281396171850893,54.03203418296641
13.054226193222533,-1.3462696073534204,-0.7467039331675629,23.629430552372707
14.334689611949244,3.3991773313547036,-5.429835621283718,Inf
10.755521710851255,-0.8306317491053861,-1.6203894150259934,22.112913669744824
14.683561844299177,6.017259527227459,-7.530606281831149,Inf
10.755521710851255,-0.8306317491053861,-1.6203894150259934,22.112913669744824
19.98643549108526,1.12964445674832,-2.634802242895347,Inf
13.054226193222533,-1.3462696073534204,-0.7467039331675629,23.629430552372707
17.65472995317854,0.03249449568200902,-0.43694768408984785,Inf
13.054226193222533,-1.3462696073534204,-0.7467039331675629,23.629430552372707
18.426010380770627,-12.182630685642737,-4.733866780412095,Inf
12.397210922225163,-10.798394956189652,-4.740748595167945,22.274646808890125
19.97065728229552,3.2755530466693727,4.336880677155861,Inf
10.450319002791435,2.661043756416124,5.508267112517345,23.61247445411804
19.427316914209484,-6.554369419863413,9.410921268986215,28.133358587293937
15.353169906913834,-6.5549743381627845,6.862012630600496,23.327569427351566
18.677052715201732,-7.738148215058498,4.894035635042229,27.367498981347133
15.353169906913834,-6.5549743381627845,6.862012630600496,23.327569427351566
13.623481347548122,1.1122576556332646,11.963544474272567,26.51984645746152
10.262805291024915,-1.5071420231354793,10.126745952211557,21.466435760546034
15.353169906913834,-6.5549743381627845,6.862012630600496,23.327569427351566
7.0102619950334955,-8.05554327323665,4.78328204590732,14.599629212228464
14.512293624398787,5.745864705089545,13.969670905530513,Inf
7.3927451053747895,1.7461343458452028,12.92906754778663,22.014296453473328
13.85399554767531,8.66084312632691,-7.548171922835065,44.70723376529441
12.949140234458376,3.540847474386144,-2.5711044909003107,27.327236117321668
15.389777657609812,7.641549788714926,-7.5996270861285975,43.96093163527291
12.949140234458376,3.540847474386144,-2.5711044909003107,27.327236117321668
14.585523294907503,7.430218460513949,14.23494798934999,Inf
7.3927451053747895,1.7461343458452028,12.92906754778663,22.014296453473328
15.308446454218902,9.402202440031154,6.9702136572167745,Inf
10.450319002791435,2.661043756416124,5.508267112517345,23.61247445411804
16.962510809068178,7.980432084824322,12.335050842076612,Inf
13.623481347548122,1.1122576556332646,11.963544474272567,26.51984645746152
7.813675786839678,-2.8716544493955425,16.08138664046359,21.06133050467576
2.008356377177485,-4.420641554661238,13.211692292039672,13.822798194334812
5.79142142922878,3.8583137770496023,15.59887925208146,23.232970570795764
2.008356377177485,-4.420641554661238,13.211692292039672,13.822798194334812
6.599476283419932,-10.950452291623671,16.08232841450409,18.511927745977484
1.2141877984539384,-13.787086762812653,12.20526568117777,13.0150383584213
6.775212920222444,-1.696991790974991,16.39775131163465,20.170408879745597
2.008356377177485,-4.420641554661238,13.211692292039672,13.822798194334812
17.109781340526744,-2.201822523437194,16.24967599707216,30.341967620972916
8.185318444818506,-3.6669911619438267,12.020570128382431,20.358075916596192
19.997318286667856,-4.882431005836452,15.004840809872782,Inf
13.340164452809084,-8.459029307176245,10.896870695011582,22.241226559048744
19.750036190186755,-5.305430625234235,16.320088821208365,Inf
13.340164452809084,-8.459029307176245,10.896870695011582,22.241226559048744
10.574843660141493,-3.4594521327422427,18.052296478836524,23.709154366718458
2.008356377177485,-4.420641554661238,13.211692292039672,13.822798194334812
8.724553056915909,-6.070612358412806,18.72995046947787,22.67044617597522
2.008356377177485,-4.420641554661238,13.211692292039672,13.822798194334812
14.388060843550562,-5.958133300779123,18.35482665073699,28.038183389740883
6.599476283419932,-10.950452291623671,16.08232841450409,18.511927745977484
15.605278081413374,-10.640238541952298,15.406282680435936,27.227159576195696
9.44832288077503,-10.195616741420732,10.22392037058978,19.16721757896709
9.261671770581444,-5.023511058722283,19.014954528039155,23.131497803565704
2.008356377177485,-4.420641554661238,13.211692292039672,13.822798194334812
12.27942341329296,-12.905235259955523,19.463356902661523,25.40499161403828
6.599476283419932,-10.950452291623671,16.08232841450409,18.511927745977484
13.327652163712699,4.430183517576715,14.953441467994246,30.280497142324098
7.3927451053747895,1.7461343458452028,12.92906754778663,22.014296453473328
11.864053858196606,3.152745214375223,15.42375170525191,28.350461971303403
6.775212920222444,-1.696991790974991,16.39775131163465,20.170408879745597
9.70119542837977,4.211356240030646,16.43500194576255,27.820064823369655
6.775212920222444,-1.696991790974991,16.39775131163465,20.170408879745597
9.144263182438461,6.475492333123121,19.54575786701291,Inf
5.79142142922878,3.8583137770496023,15.59887925208146,23.232970570795764
12.67187907395386,9.12442044785869,19.094677006327743,Inf
5.79142142922878,3.8583137770496023,15.59887925208146,23.232970570795764
19.056783193042563,7.021684925639498,16.74285418861728,Inf
13.623481347548122,1.1122576556332646,11.963544474272567,26.51984645746152
10.471355011960306,14.172208976821345,-5.44618659102059,47.72192674975521
7.0,12.0,-0.5,28.26735888534292
15.08955992372735,14.550215377283152,-5.889645492715969,Inf
7.286510080016349,11.924940336488639,-1.485535495256478,42.16493019723429
5.812723597011818,13.551567746090633,-6.052727931423556,Inf
-0.9042232837060666,9.068567222792918,-5.79983897679095,24.427537117883265
9.495948121361273,14.224195071680946,-7.923486113693032,Inf
4.803116229233872,5.45172881243041,-8.16093507937829,25.780624423014252
15.713545137253256,10.718629713524265,-7.679226841398572,Inf
12.949140234458376,3.540847474386144,-2.5711044909003107,27.327236117321668
15.382121178119249,16.24089139396365,-6.824934766180899,Inf
11.639986985876625,16.32991159352636,-4.843398834358252,Inf
7.286510080016349,11.924940336488639,-1.485535495256478,42.16493019723429
0.7921333187466217,7.153737830959692,1.4254008796017388,20.2373807415223
6.248064297326685,10.357056508204536,1.656194619104241,26.63836959482974
3.519175358278737,6.9145897043793525,2.502228333039067,21.41236705274961
5.091640192714742,9.811241611399105,8.856792680649193,Inf
3.736806022106684,8.614689087832524,7.3238663628591,26.039144852707885
4.989021064272528,10.887164447507534,7.999325575624326,36.15939298417588
3.519175358278737,6.9145897043793525,2.502228333039067,21.41236705274961
7.0,12.0,-0.5,28.26735888534292
3.519175358278737,6.9145897043793525,2.502228333039067,21.41236705274961
5.164145499292836,12.97370702540534,1.6347967639424184,27.519576740499506
0.7921333187466217,7.153737830959692,1.4254008796017388,20.2373807415223
4.862131222886774,19.95101281004799,-4.674418450723223,Inf
0.24866315641501657,12.580763203281904,-2.8400071042040693,26.978388478068098
5.09036771266171,19.643846039343693,11.813290684637892,Inf
3.312024093801405,16.321917742552557,9.966841071045849,37.47257202443082
5.575307648769517,18.666114539382058,13.941562938667396,Inf
2.2461725286737604,15.205990143803866,10.282263160365996,Inf
19.40271034192846,19.234734739451902,5.20681384562338,64.9697533143456
10.471355011960306,14.172208976821345,-5.44618659102059,47.72192674975521
10.772056081383667,10.336337251964256,12.295198341087492,35.257351462328415
7.443592122410585,3.612987392416951,13.630213568371083,23.531358423551826
16.301478702263516,10.839306367713071,4.280929889231587,Inf
10.650795688957704,5.633997732027581,6.176663398027777,26.243879600607848
12.980394150542914,16.99028900141699,-4.985091661750021,Inf
7.0,12.0,-0.5,28.26735888534292
9.88355030875929,14.29072801183949,8.489497360243845,Inf
7.628958822674321,9.452870996600787,3.3542286437853264,26.519745628659614
7.87408597552691,12.87205208890633,1.0906932022946592,Inf
3.519175358278737,6.9145897043793525,2.502228333039067,21.41236705274961
15.506353841549142,15.474667070287865,-4.476841563039411,Inf
7.286510080016349,11.924940336488639,-1.485535495256478,42.16493019723429
11.639986985876625,16.32991159352636,-4.843398834358252,Inf
7.286510080016349,11.924940336488639,-1.485535495256478,42.16493019723429
8.598972341693248,14.61757581502519,9.559612221975648,Inf
4.989021064272528,10.887164447507534,7.999325575624326,36.15939298417588
14.731629974470778,17.564773207504672,11.16515099724343,Inf
10.772056081383667,10.336337251964256,12.295198341087492,35.257351462328415
12.424764748203138,17.174724894420415,2.773300430149746,Inf
6.248064297326685,10.357056508204536,1.656194619104241,26.63836959482974
19.02807421089763,12.164920290617857,8.616722335881555,Inf
15.308446454218902,9.402202440031154,6.9702136572167745,Inf
19.699013159064414,17.391252745171528,5.698440056538921,Inf
15.308446454218902,9.402202440031154,6.9702136572167745,Inf
12.601359161342707,15.716471721967395,15.289707272927153,Inf
7.670434942636728,8.922080307870814,11.290700996856032,33.3459346371712
9.505536642510208,11.586618120271545,18.81459452123685,Inf
5.79142142922878,3.8583137770496023,15.59887925208146,23.232970570795764
10.986991176155499,10.360383642260807,13.871391810349365,Inf
7.443592122410585,3.612987392416951,13.630213568371083,23.531358423551826
11.366950131790698,18.930339950324097,18.973502515785576,Inf
9.505536642510208,11.586618120271545,18.81459452123685,Inf
11.695826333619259,15.954619418987065,16.82831372796916,Inf
9.505536642510208,11.586618120271545,18.81459452123685,Inf
11.220801759790724,18.924021351956156,19.69510556194038,Inf
9.505536642510208,11.586618120271545,18.81459452123685,Inf
13.190926339180457,14.781565238446746,16.595084449840655,Inf
10.772056081383667,10.336337251964256,12.295198341087492,35.257351462328415
17.67819219974968,17.560951958014677,16.609490252574716,Inf
13.190926339180457,14.781565238446746,16.595084449840655,Inf
