-7.0,-10.0,5.5,0.0,0.0
-14.701270532488184,2.071919775561895,-17.63720657561107,27.20976190643118,27.20976190643118
-14.209409250641611,-2.703706376633619,-0.6880762284699138,11.979305897712447,11.979305897712447
-8.853558886766537,-5.320423642859833,-1.1532785646063815,8.342675295567195,8.342675295567195
-13.805473674075053,-13.116987323112967,-16.04345974633454,24.012630006389493,24.012630006389493
-16.495941836290466,-19.796953090284887,-12.466720432218938,24.75193702490851,24.75193702490851
-16.06584539239111,-13.978318812450441,-12.689860303526492,22.60711835686971,22.568625693322247
-14.868951385854361,-17.484452889414868,-19.914453895397955,Inf,29.642201061161344
-12.163255804822972,-19.958311114366207,-9.42137260405878,20.657865696529498,20.18588952734173
-19.75003143569686,-16.115354634353068,-7.270596617128113,20.298186031939284,20.046126933458904
-16.39434269622167,-13.791609652060934,-6.214235755175528,16.081986804005,15.671124540079706
-8.861295502104598,-13.620554257441038,-5.859904905543996,12.67324573150961,12.67324573150961
-12.110316784991388,-17.04767176105446,-0.9535951119593307,11.327648393845866,11.327648393845866
-11.407701732814894,-19.8760183157652,-5.108786642397458,15.806844912685712,15.806844912685712
-10.607642503994521,-12.63005878754984,-10.92033218054004,17.95378030974841,17.95378030974841
-11.58228228059686,-2.5572582518192206,-15.469544434413951,25.48591630125413,25.48591630125413
-12.865339852516255,-5.455870646489007,-19.11096736461588,30.253078351439324,29.08786451577409
-19.782295123836988,-12.506663914195784,-17.302075341448457,30.150952458173094,28.710420274844484
-11.918549624784571,-8.937899517177126,-18.904189290465112,26.847176281414036,26.47524890828847
-12.79449731892667,-12.385071619356047,-19.998766872425655,27.295104046189827,27.295104046189827
-17.406513195034883,-6.195989923046401,-18.72424115273093,Inf,31.596928578926157
-15.94094012798795,-5.797155184681904,-11.42180373451474,24.138204438006106,24.138204438006106
-19.288314334703102,-7.873674870330749,-14.137576666687659,Inf,28.92279122306834
-12.59718717564935,-0.8908775528390649,-17.747859312127197,28.009146465788607,28.009146465788607
-13.80818832848231,-2.967824354518463,-19.228166792935298,Inf,29.816135113880293
-18.840576239916444,-0.16330911142372173,-11.498277502099574,24.494541119980013,24.494541119980013
-8.983288228721653,-9.265368848419016,-14.23516144676026,21.783339568256274,21.423880735883344
-11.036890308045999,-13.063204759977376,-15.12924935764734,22.08374158887353,22.08374158887353
-10.996673552026905,-1.960506213951561,-13.966060506303402,23.765592349272048,23.765592349272048
-10.642630861158633,-0.3299879970809343,-18.130630990435492,28.25196986345968,28.25196986345968
-18.959654011741538,-4.130728639495258,-4.828789397943769,18.440476332000205,18.440476332000205
-13.643103475040546,-10.631344107359029,-2.6846756760131996,10.644020177258799,10.644020177258799
-14.009122548894437,1.208912665801158,-2.2565494796679886,16.19935457916671,16.19935457916671
-14.811319282636868,1.221851772508586,-6.524224625704997,19.038550232870634,19.038550232870634
-18.258735009500697,-1.791476820829672,-5.939552118796829,18.67312400776943,18.67312400776943
-18.170999457726165,-9.560246275735738,-3.4122039874804244,15.011994530195889,15.011994530195889
-10.662475583459816,0.4300108643466949,-2.5254836825905542,14.213906956989389,14.213906956989389
-12.534455546159107,-3.140333844893,-1.1145224315373952,12.620910186521279,12.620910186521279
-9.12889357712431,-8.169553431894672,-0.9337027993937141,7.019633481339053,7.019633481339053
-11.615898598892942,-1.5511280710999564,-2.182094723698718,13.12771160490579,13.12771160490579
-8.533380549456533,-12.671789392673949,-9.711464688364977,16.102674976318127,16.102674976318127
-8.312689981060526,-11.743501683380728,-10.110311498837135,16.565359206615106,16.565359206615106
-8.451463375752377,-11.56127218979897,-17.947139269743488,24.40553364053266,24.40553364053266
-8.712092541394671,-6.935147353702442,-17.83584538451345,25.673798567102192,25.673798567102192
-19.35469617380616,-3.161855791393677,8.024212862044369,14.861813203832048,14.37048819149224
-19.678516285367095,-0.34048468509473295,14.999890986420901,20.49229421163699,19.90430261331405
-19.96695978227555,-13.239604382641108,15.889504783481804,18.912973541477662,17.41960254884873
-19.758959793240596,-11.113309811469039,10.623181637249548,14.70661499188578,13.819673331423289
-19.56199117171274,-5.661794161454203,15.05055992584198,17.841959207396734,17.6047583427668
-19.48115883247839,-16.186216274866744,0.3642680104503526,15.631996328423341,15.631996328423341
-19.802928822515895,-1.1333966680941359,17.611896921894107,20.9703862826917,20.9703862826917
-19.48649929937707,0.6618616808833266,5.736480308331167,16.44486685438724,16.434802381413107
-9.20135791117711,-2.073303767354524,17.793234410433946,15.56719425758773,15.56719425758773
-8.752565268041863,-3.683857410823652,10.955574108684026,8.528096568455206,8.528096568455206
-9.873601188314858,-17.69759553767568,0.4451733174264838,9.64685615327534,9.64685615327534
-13.813784784018237,-4.761658325000369,5.572160752368703,8.594945826538922,8.594945826538922
-13.532619314093264,-6.7022804772749645,4.095890440260057,7.45128128640835,7.45128128640835
-11.56604746803997,-13.627175731650265,1.1473936146531827,7.276700874326822,7.276700874326822
-14.638483625019205,-6.629098788781773,3.8636732733088834,8.50805337441901,8.50805337441901
-11.149762138650914,-10.718290818694989,-0.4829841106865729,7.316595272141963,7.316595272141963
-10.681020241626813,-5.306333741643643,10.844104072178055,8.008736560679802,8.008736560679802
-10.792239499902232,-16.425592175980135,8.713394690973402,8.123744252289821,8.123744252289821
-14.921214319607836,-17.943568701282608,9.04605885546884,12.535473078891899,11.982912394808249
-17.35210286227432,-18.23970521130713,7.455124149668109,13.402571541765495,13.402571541765495
-18.0285948541116,-18.75977675916929,4.7296680451028195,14.304849737395616,14.304849737395616
-10.86718830724652,-12.569428558515954,6.294131361537474,4.710387790872312,4.710387790872312
-13.009454599787187,-9.427402185820304,4.127834221802182,6.190658427547426,6.190658427547426
-15.264870479335615,-14.92704366539182,8.856722527877857,10.28643765500909,10.28643765500909
-17.191369206264113,-15.081118802241145,6.957565568524153,11.547345950092193,11.547345950092193
-11.667821416676558,-7.304833761903495,6.87741028943373,5.563248775167036,5.563248775167036
-11.338611166609942,-14.952366678378981,9.805573008909363,7.866857155637171,7.866857155637171
-14.932734219495476,-15.503063779810304,7.556004554465012,9.871126475220315,9.871126475220315
-14.179989434905043,-10.71888895997886,8.822442366167664,7.944033792641703,7.944033792641703
-14.1319300712125,-4.105767833650917,5.331921155279069,9.253899171134947,9.253899171134947
-12.249672941643412,-3.9100225709222087,8.751180274608448,8.672777194123173,8.672777194123173
-8.125121484452817,-15.451605105127477,9.054198687678365,6.604409503394221,6.604409503394221
-8.009102009957951,-8.349972322401573,6.636686219530887,2.243420104441755,2.243420104441755
-7.585075162940251,-2.6815808339523457,0.801777897551645,8.716356059741791,8.716356059741791
-7.692554432381229,-2.2540729177813574,5.0490782106690375,7.789887577170324,7.789887577170324
-7.561535578251544,-10.546636847981015,6.157030600498636,1.0226550049770025,1.0226550049770025
-13.127694081541161,-13.947357547167902,14.153653225484462,13.904610177890625,12.674836211341157
-17.78079313418072,-9.495923195387084,16.078811063387846,16.136488810038983,16.136488810038983
-16.11248286025587,-12.067589359811901,17.59880803382491,17.450504857774565,17.03128408852146
-15.93979692126255,-13.156756008416801,13.534536712616543,13.57039802406793,13.533662694879752
-15.454212502837894,-10.020034844671724,18.781761483981512,17.841416815661635,17.841416815661635
-19.105155636538882,-3.411062399540967,11.265946070265382,15.03608583805001,15.03608583805001
-17.826351920190717,-7.8521618173013685,12.859105893121558,14.166024388776767,14.092914692000743
-15.375565984461348,-8.200339405016042,19.641012370248454,18.156306514801443,18.156306514801443
-11.81605809869482,-7.39096906320591,18.757548468898555,15.020413441327143,15.020413441327143
-7.345145981805654,-19.391296390935917,17.541995413474183,15.994416024725016,15.440904802719748
-7.148382029549465,-14.733321234687526,13.368323430232167,9.183510262431112,9.183510262431112
-8.253386760831107,-13.407948999743393,16.964446825235626,12.363575862942332,12.363575862942332
-8.324220221113068,-8.893027330878285,15.070227139527276,9.724617996936004,9.724617996936004
-10.229412129151099,-10.17082898391335,19.21456807738538,14.461504641152786,14.461504641152786
-11.934570629423806,-3.4277868182581983,14.285604715201082,12.125076414729126,12.125076414729126
-10.927003914677638,-5.033900694340918,15.702846458766714,12.881323687853978,12.881323687853978
-9.77300496359323,-2.0415978225988773,19.12161466997628,16.91990997057775,16.91990997057775
-18.63762342673614,-1.9155584087821076,8.767714406283538,15.043299658264083,14.574113247867288
-14.149226532428019,-0.5886421390994983,9.346471993965181,14.052573981885043,12.545017378860194
-7.162668315410734,1.8627174355567533,17.22755753837035,17.050422600046897,17.050422600046897
-15.784555931733673,1.6855829503465358,13.131642478013703,16.962272595459496,16.60969397702727
-18.127338965802792,-0.20965304659345207,-0.11044800451314174,16.449000038593304,16.449000038593304
-9.154161134951897,1.830090780801605,19.52738801890532,19.838728557114695,19.838728557114695
-19.485755260212876,11.66291157013358,-19.55327225036399,38.09781615791884,36.5516288410266
-11.183663015361915,10.982496888898154,-19.95134751753823,Inf,36.009829342894065
-11.228196483892141,10.210484322795715,-19.738191405528333,Inf,35.21573814849116
-14.367959173085687,16.437227694963653,11.65323738334805,36.65365137837776,29.82689528629347
-16.322554086967614,7.970835988614837,-17.550384980287596,33.328038693407954,32.64942322413279
-18.810626732772686,4.646682624084715,17.320454241468823,23.31285625131086,22.91805631889785
-17.807908717367464,4.654850178496197,0.442561911599757,20.24827775586086,20.24827775586086
-19.472431983574225,3.5601392196954684,-5.352482317174259,21.396941168965995,21.396941168965995
-18.969888129761515,2.850953490564212,-7.3233767988072795,21.855723216635553,21.855723216635553
-18.05186843610074,5.757444459580494,-13.578314432196876,28.029264489095677,28.029264489095677
-18.46255812040247,7.302348990412149,-17.614137713489278,Inf,32.3701475310582
-17.46849246306585,7.183716239948463,13.916734232321453,22.744981659456037,22.744981659456037
-14.730835704005578,5.419137101081297,12.607933683343113,19.40568884588807,19.40568884588807
-14.549917693001895,7.277880666993202,0.7211537898345455,22.731311600799245,22.731311600799245
-17.363159510401715,2.595187730687112,17.37357314843031,20.801558922090052,20.801558922090052
-19.167627071518005,10.341174600601633,17.758207687060306,27.999838462487087,27.79835785514146
-15.290110598657707,15.589206023829306,-3.810422689402113,Inf,30.365315044584857
-16.920274854782278,11.837146304098248,11.758912410455949,26.020181880676446,26.020181880676446
-16.6353767180722,8.611914132641083,11.170507652261588,23.75609316503609,23.365035732905614
-19.984957219881068,8.665496831489161,-17.981939824321607,Inf,33.64936390440023
-16.421822010654754,11.203099120324637,-5.203710853216927,26.553919400438335,26.553919400438335
-17.45361201397558,9.869717822396574,-10.546976201323135,Inf,28.93551079326638
-16.876377203943036,9.671047377639344,-16.42039713300326,Inf,33.00676401348956
-18.737324333004103,9.029998271298574,-13.207681508020217,Inf,30.391513879060938
-18.79033117695725,11.664135537302307,-7.864869158672718,Inf,29.440220889351387
-15.374034694773124,14.634493173488316,15.152081306140232,Inf,28.987399528723234
-18.747427617434973,19.57314080328601,-3.580171479369163,Inf,35.39144842790027
-19.27887910376361,17.258843057166324,-14.983734254770535,Inf,37.74548205933784
-19.756709522487466,16.577772203508083,6.208243421005957,Inf,33.45207577776227
-19.723198588256786,13.96256181729072,-18.653269199675044,Inf,37.820712861183075
-19.10292101185376,16.336820642123314,0.818731184547346,Inf,32.94923820367612
-19.538341435990894,19.975970396902753,-14.831420914626063,Inf,40.44996853078754
-15.010461111559694,19.390314955596317,12.43199259558083,Inf,33.84007843673029
-14.856958372965607,14.454814590725718,1.2400442658178719,Inf,28.28580060671174
-14.509948000621131,8.639568168835794,-4.696950787251399,23.316056071954453,23.316056071954453
-12.289853298107163,18.063012306782255,8.789799808029855,38.34123237075381,31.92560754336982
-13.980854725237757,6.345093447534715,8.686185132579702,21.019712346388257,19.795580178627606
-8.551051855008964,7.0292502709109606,1.8115099241355352,18.527212825708254,17.658978500874415
-13.235358062159257,4.629013281163942,-12.29832792012056,25.700850588916445,25.700850588916445
-9.364172296075628,4.1843808234687,-15.944562846383734,28.003986041056617,28.003986041056617
-10.066717329721833,4.479763381077451,-19.52120327646778,Inf,31.643576658084097
-10.511881149654307,2.5581107312306806,-3.0696814770147967,15.858397691588653,15.858397691588653
-9.23008269253045,3.8748476958431084,-15.290369314315653,27.28859829789782,27.28859829789782
-14.211925930711793,11.380231981900213,-10.021022580110124,40.49980049341158,29.311537349208827
-9.959390251945228,15.57244962838751,-11.275303422506866,Inf,32.00599659633789
-12.784852012455907,12.41371607563515,-12.284425785107729,Inf,31.776595334243975
-9.648272208138993,12.89741085351536,-15.424339565240874,Inf,32.60891389429913
-8.957270217328057,15.784576885191967,-15.16073080209373,Inf,34.605727665588475
-10.618589148985444,12.515128338538268,1.828056081612015,24.389792668250713,24.389792668250713
-13.862968891466148,14.315056771021034,-9.871663946021538,Inf,31.023676269964106
-11.467394197526923,10.450921644985716,2.9746160807402617,23.171101668311785,22.209027551238595
-13.612935260374162,14.78290918438131,-3.492557035613668,Inf,29.64028211143416
-10.163951265009432,5.883975980297045,6.334346920335712,16.391489627247278,16.391489627247278
-8.726113956444923,10.169638261164362,0.8068148338320853,21.829044997876736,21.829044997876736
-9.357248499398958,10.81753882500194,-8.692893953662786,26.56167936613465,26.56167936613465
-7.470526591989302,5.81448508075362,8.596330342543652,16.606571887313272,16.606571887313272
-8.065055050884036,14.848706902610765,-16.175932430215685,Inf,34.425547300952985
-8.377934711356394,12.081544383107527,0.1379787315382508,23.852281087633035,23.852281087633035
-7.9284211233074675,10.758358868860284,-13.648794516151872,Inf,29.339970430670938
-7.70144868858293,14.305411043131585,-14.079219115548263,Inf,32.4343320330725
-11.926730024274113,8.910266276924837,13.371419112016355,22.261772247840895,22.261772247840895
-12.611595828541029,9.139588569741814,12.43764143577814,22.27999932056707,22.27999932056707
-12.895860413359044,5.683055992803201,9.44957095590631,18.31292574703116,18.31292574703116
-9.982777051382197,14.435871231665388,13.579379309231207,28.123044355523177,28.123044355523177
-10.73922084623951,2.347987956368442,10.286263588839766,14.913856937594872,14.913856937594872
-10.668239798815646,13.243534861023527,14.45810013802042,26.903096403918383,26.595390412344337
-10.600192031375553,6.222770145128081,14.14811354488382,20.386255964044686,20.386255964044686
-9.216351640988458,7.769865365653146,16.92095678252607,23.31189334526981,23.31189334526981
-7.825261467122715,19.108888824321284,11.143081342927292,Inf,31.203813141182216
-8.717191264245026,19.817458292664803,11.087087239843552,Inf,32.00389459702452
-9.68017505839522,19.766914993032508,-11.574476907283406,Inf,35.9690772889407
-12.175047492436146,19.18883007499563,-6.828928458148962,Inf,35.589019823093636
-13.945487420560951,18.45485236279479,-11.05226140473758,Inf,35.32931527118566
-9.212105964127817,18.237138021912322,-5.64439031731558,Inf,32.33891567044542
-11.449302908758474,19.983574116373795,3.618329319028703,Inf,32.11461279248377
-12.02943278185911,18.391926906470744,18.666909501225753,Inf,33.69079581141396
5.889998965076593,-13.435247203237592,-4.306805770787587,16.556764058625106,16.556764058625106
16.544832174242742,-16.442952409916085,-16.05971684996181,32.70305403993062,32.70305403993062
17.108238736471613,-16.129725322297055,-19.18393590126037,35.89308269862285,35.89308269862285
-6.314513915149043,-15.107648018863165,-16.919157914950517,24.02780071892881,24.02780071892881
7.7970932954209005,-15.222989551305464,-18.51657430192119,32.07053896639214,30.730494175840974
4.18419859100835,-17.69470296253468,-18.097199653015224,Inf,28.68397129890773
-1.6847094645898864,-19.484065963112638,-16.069095377778897,25.558320475261695,25.558320475261695
11.17210974953477,-18.430315972711053,-17.565420723164742,Inf,31.765211403360553
16.881790779248774,-18.26477474905265,-18.402746842068012,Inf,35.69008723036789
6.632510356502301,-17.68922992830273,-16.282512934039516,Inf,28.530603794349382
7.695366901782386,-18.411234158452203,-17.42189347720167,Inf,29.85840921473867
14.024486276041834,-16.008103148054033,-16.607876901255807,Inf,32.15538918168025
16.82239146699581,-14.985756525558784,-18.147394025203578,Inf,34.69526923481011
9.880433319500899,-14.038061231391925,-18.383037320880895,Inf,31.592831695290158
0.49002913968924133,-15.101933375948038,-9.767867790341223,19.210476096885174,19.210476096885174
-2.890677237846681,-15.948348603447604,-12.633709216986633,20.483132440190126,20.483132440190126
-4.64973962921623,-17.59150885959672,4.498958659364849,8.009794900087813,8.009794900087813
-5.9764771457949095,-17.444853735367083,-12.176962597256713,20.601212767654093,20.601212767654093
-3.3269121509395205,-19.5937475112147,-1.2935257434587584,13.454648537030039,13.454648537030039
-0.16974340698098445,-17.463906144217674,-6.209908862287659,16.08286564812006,16.08286564812006
-1.140242310103936,-18.56648214511088,-5.073023617025489,15.526072524555639,15.526072524555639
-3.1698284484256263,-17.34566599748664,18.032906670941927,16.07374152784196,15.847710932211971
-5.638294834467823,-18.80668260449533,7.139576398090046,9.060911114194399,9.060911114194399
-4.74871183758129,-15.577830002207111,-13.814395135898252,22.39575272414541,21.76061824316244
-5.085457527729007,-14.509379191955976,-15.643855576548722,23.206066496176057,23.206066496176057
-2.658669501127669,-13.784075675645733,2.355855839339938,6.561403944466882,6.561403944466882
-3.2317942186245645,-15.020392157066418,-6.459054094459384,14.229826926855008,13.623069560578074
-1.841595928544642,-14.144528725332961,6.130132778038568,6.647053349979664,6.647053349979664
12.730945817447605,-16.514910423312948,-5.350947455912989,24.13126808494038,24.13126808494038
13.743092062901255,-18.77720391399963,-14.005837040872269,31.133747188987652,30.980833571160616
10.131150721201081,-19.10440276956484,-9.43516311355502,25.29900302177486,25.29900302177486
6.841989180641114,-18.86526348024077,-6.974608589547655,22.681185175664183,22.29114372315536
4.994831644732685,-19.670347861826187,-8.920344101265618,22.318864341407284,22.318864341407284
9.634711883336465,-18.956786993524872,0.04307555351897463,20.098782544409637,20.098782544409637
7.97125968507337,-19.300486974323476,18.258648150884667,22.164509875774364,22.164509875774364
4.515682109672838,-19.44718475181075,12.704430241476004,17.258440852489354,17.258440852489354
8.21085195999208,-19.055856253455524,-6.97813697921732,23.19857218175924,23.19857218175924
1.750068378337943,-19.12328538179527,-0.5032153671895223,14.052626684452804,14.052626684452804
5.505146548678546,-18.497533469032472,-13.666583702859727,26.413356658481874,25.510206796793405
4.79143910283625,-18.149042299469265,13.4775081254068,16.67332443629003,16.67332443629003
4.736748063314238,-18.394460338212788,9.021307973859738,15.80530177980281,14.995431779489955
5.786220571310736,-17.062366808493703,18.554582918348416,19.77708375084117,19.77708375084117
8.666989259792697,-18.706420342914942,-12.632943151239502,27.128834707058946,27.089249600356418
4.926817321071617,-18.327070825774634,-10.175946701157894,22.59818917512667,22.59818917512667
11.03792699949457,-18.750146487826107,-0.5478818094204456,21.635318767745215,21.252433550642984
18.463430195298784,-19.215953757635056,13.99182128313008,Inf,29.298102695933107
10.981121153563116,-19.680764791925178,-9.831398896670569,26.326469494064767,26.326469494064767
10.901765820009153,-19.817820514314157,2.154918259519796,21.689856490229403,21.689856490229403
14.280589203665613,-19.277146117644968,6.8125541105244665,23.958072507765685,23.591646813277556
11.374877523025766,-19.25377668306119,19.18550107076885,25.456449333217126,25.456449333217126
15.257944881952518,-18.026814327812808,-4.7189451805155525,27.14307892969112,26.871814405521807
13.112379038638615,-17.432404831241524,6.490971207035486,22.277256710259387,21.69825068102434
11.97174306885115,-18.36915842135287,11.359892606915949,22.242175212893514,22.242175212893514
18.804100008625923,-17.606700347602782,4.739314419550283,27.466112031237525,27.466112031237525
18.72182454302012,-17.89336223617446,11.462822371708175,Inf,28.97901648342847
8.632618967242244,-14.527253395267659,5.085084030944415,16.527333689386918,16.527333689386918
14.520864152071084,-13.857955678993319,-2.7488875791931022,23.73380744419609,23.73380744419609
7.167021907695698,-16.327870552879027,4.832490271838729,16.324983869533483,15.978927470346107
3.4762777075160933,-14.907306331501786,-12.137496795503084,23.01935074099059,23.01935074099059
11.16280353873739,-13.91711413367986,-13.315335825150738,27.53522996294503,27.53522996294503
7.173484751356234,-15.308439823656688,-9.665545160539057,22.376753251402732,22.376753251402732
1.1994163267880786,-15.360974708083353,1.6978549056885939,10.780930226261212,10.780930226261212
1.3599901231433975,-14.835992455256148,-10.140051708371027,20.11780027300361,20.11780027300361
4.653340586831945,-13.998033971488555,1.1561018361757647,13.113079934221865,13.09274258228324
13.466892159713176,-15.897862078262621,-1.287738449164415,22.4544071152694,22.4544071152694
18.990140903521862,-14.815528399954667,0.27240308340605424,28.07948427773041,28.07948427773041
18.8481165355092,-16.48061641843877,-11.46612370401833,Inf,32.780911674018036
18.3652366503875,-16.3900617295458,-8.390917467572976,Inf,30.534567082978654
16.165154570800446,-13.84096478320716,-9.107762773917267,Inf,28.441085354798
16.49772142744485,-13.970573429314594,1.921883868014067,25.80216512788484,25.02295400604074
18.68728368161758,-13.951603803770194,14.31045164015017,42.35473020408803,28.456160791944967
1.714611366295891,-16.020155575852264,5.785641231454228,10.781341928456275,10.682305613709165
13.680163201293993,-16.400590601752782,12.341326005383799,23.648117415581574,23.648117415581574
7.701182344207442,-15.408278351804121,11.99190098617806,17.577286044603415,17.2751744367945
8.425504661760765,-15.434806978270812,6.887990718453352,16.587985218323425,16.491692420903593
2.981511529147298,-15.508487351867428,11.31071067944756,12.807657685893716,12.807657685893716
10.670480003889065,-14.16408434149167,5.3430937710741055,18.61331988116902,18.61331988116902
1.2141877984539384,-13.787086762812653,12.20526568117777,13.0150383584213,11.295057316554061
16.50865015168104,9.249492239511703,-8.216709710885146,41.90711919280404,36.109695579518004
-6.033321779494356,16.02937364989736,-11.240176777621356,49.98612860647659,32.10564583889743
-6.054902930717132,4.699906106750831,-18.208101746812034,Inf,29.12000270886497
-6.532775765983736,12.216947624477783,-14.605154377519032,Inf,31.551116050821854
13.340943598119566,14.331606661346598,-8.65130571981104,47.91137813934131,47.91137813934131
16.103670461725237,-1.3414397790532995,-16.317698812696044,47.61615030958929,34.802534044827816
2.5877153614118775,-9.387932144058704,-18.40071255464232,26.833283293354395,26.833283293354395
-4.03635358081516,3.9760059585145697,-18.841444839682573,43.73314417752024,29.353540603234194
-5.766185850222465,0.11436933249827419,-19.846151785462247,Inf,28.83907107484464
0.24368802818489854,-7.967276609042884,-17.0428498750615,24.543149629001228,24.543149629001228
-0.6151864581191475,-5.828927307005722,-18.676157644551637,26.825414341976952,26.825414341976952
-1.603605915470041,-12.286101815315824,-16.86412364685375,23.53877218381909,23.53877218381909
0.8173392620885593,-10.951274215990336,-17.704899752938267,25.001694436762023,25.001694436762023
-5.538029579133452,7.325788645896772,-19.57009512689366,Inf,32.06952285830268
18.750357146490742,4.143628982804898,-18.14030426157118,Inf,45.050073399762866
17.414295171088455,-10.61100934574661,-18.695301617326734,Inf,35.73222234404603
2.704877396193588,-4.5745477973271775,-19.1968238282125,Inf,28.797990506476584
16.42693287281149,-5.996415567657669,-17.995835542576764,Inf,35.836359594688716
6.826484254790124,-2.635221256769718,-16.797806066724412,Inf,30.544830325389505
19.59690825857681,9.59976981956568,-17.539551354337828,Inf,48.28643135438437
15.480049952246134,4.496527752945482,-19.77235655374379,Inf,40.802110377449296
13.800946951669964,8.067644275171936,-19.658209683399903,Inf,39.84905717599199
9.624124968865367,-7.440618395605227,-14.731225795918643,29.654083626865678,28.31328464357381
-3.726750701850552,-3.9412185797570665,-11.154070664972444,19.69145347203952,19.69145347203952
3.388458687380602,-5.171988236026319,-16.182264200221,26.844819545668013,26.844819545668013
-3.3376619518081014,-10.539537686450222,-9.860616476497643,16.115393621558514,16.115393621558514
-4.8373024326775305,-12.52727400437296,-13.748668630037422,20.732423704858455,20.732423704858455
8.356770365754286,-11.945059835246568,-10.312500311165795,23.218144279514018,23.218144279514018
-0.8903945936862172,-8.889876490894908,-13.447321607968554,20.760278257625338,20.760278257625338
0.40809599768030225,-7.000697386413552,-13.270167748266779,22.294320159408088,22.294320159408088
-1.2402054710429056,-6.459109465716191,-9.408835174269274,19.920925880878926,19.920925880878926
-0.788544618707494,-6.246380534387308,-8.851234391264713,19.383673054537283,19.383673054537283
1.929836559034559,-10.125913928616237,-9.12499929960303,20.275812669826184,20.275812669826184
7.724206551509603,-5.249418704632971,-9.325131181772877,23.136878805814263,22.522633126546783
8.843069531611416,-4.24596520409855,-10.700812627927538,25.17434604169102,25.109653432866697
8.59149463020831,-6.90230373392513,-12.22838991993319,26.58841887254031,25.655025678111745
4.940297433576433,-8.323274661043989,-12.260227054965833,23.028097288867038,23.028097288867038
5.557609840225819,9.579547465375924,-11.161029094891894,53.80265956154179,30.884766937217094
9.399581292426351,10.548675522155271,-16.18066342131753,53.479928987907456,36.259605022234815
6.220396633184251,7.0265478469608595,-13.217578621433006,Inf,30.99561080133281
-5.891975436356631,-3.9087803082716306,-13.588894639261326,21.463620837412066,21.463620837412066
7.270218061964393,5.287739000181642,-14.030233723639904,Inf,31.382461977525665
-4.4620663771634295,-0.352867216521247,-16.07074710915885,24.817539269349997,24.817539269349997
-4.896954871819812,5.793370719561306,-12.859244732886772,25.15614492186279,25.15614492186279
8.448874306040757,5.6609767111715925,-12.946530366035693,Inf,30.9337125597229
-0.9969155830583709,4.9846873645499485,-13.228978743081825,26.268634779106172,26.268634779106172
4.852009537998569,3.2817626071620687,-12.389847782636432,Inf,28.75996383747697
7.294298106993367,-3.5457699122849533,-11.367545518100055,25.306473592700293,25.306473592700293
5.160035682155161,3.485840959354867,-11.764561196763772,28.03366404139412,28.03366404139412
4.209912672285682,13.0131610180294,-15.125576024570337,Inf,35.44332047045042
-2.4782644741591398,13.005179340362801,-15.614456292323515,Inf,32.60031485001653
-2.5139413197235356,7.858829856630898,-13.017580329855871,26.835772317390088,26.835772317390088
-5.5962022464558725,12.06100350733955,-13.507486853113182,Inf,30.153045115150924
6.404597967952732,9.453774834608257,-11.395580735647757,Inf,31.063867461173857
2.165592001653856,9.50135475228376,-11.788304677998118,Inf,28.946889132925158
6.272147420252018,11.961662101112694,-14.425406172145347,Inf,34.41234555916745
9.58979626237727,13.058436707570635,-15.039627324424387,Inf,36.966279847210636
5.639491256978808,6.610361382457999,-9.231338133273148,27.431144380839594,27.431144380839594
1.4964553655894903,8.122211558136847,-8.74042953775989,27.478730739277005,26.954838107123393
-5.9670390113272465,3.7145681666052184,-8.7492268646385,20.53839270743704,20.53839270743704
-5.024484838317607,0.06960364776892547,-10.058674812574484,19.690547705352063,19.690547705352063
-5.414599225733232,-2.9303485078903257,-9.114484575067943,17.338213291819734,17.338213291819734
-3.30019780587385,1.090204363864828,-10.581741956960071,21.162988705342492,21.162988705342492
-5.456942384609658,11.16266905462501,-10.463135756316158,27.143708760166614,27.143708760166614
2.416472231522661,13.991316149971802,-9.808362517946314,Inf,30.794100716918877
6.253031131900659,-1.988545676529327,-8.942781102672956,23.435236236894532,23.435236236894532
6.227441521437331,11.964833345282806,-10.001951883552405,Inf,32.13146022206097
14.456969148797619,9.746355212782412,-13.714720873650679,47.796465039134894,47.796465039134894
16.408350938842233,4.416368943455737,-8.78994523282187,46.775151617776686,34.103648354615295
12.820498450836851,-12.287215981039497,-12.336601480622411,28.131282257411073,27.710644916898808
10.331796113697152,-12.468659979491221,-11.524243151784939,25.086433168222577,25.086433168222577
10.241539195921916,8.256366643631175,-14.61025679330044,Inf,34.670854358087375
10.914211762520747,-6.005987712030807,-14.899159276582852,Inf,28.92369266249404
11.961990387230472,-7.281988828370984,-16.223091838819652,Inf,31.15784177537023
11.559158329934071,-5.561858981708552,-15.859882519485629,Inf,30.72024541407729
11.801997445756669,3.945334908504698,-11.079822232997385,Inf,31.35934482330478
9.646439036768886,1.180702973370078,-11.755550789698175,Inf,28.863958694891377
10.841374800930357,3.7041390340372615,-13.432634505556287,Inf,32.015349314146285
19.4388630313954,-10.815634610845422,-15.962688232237685,Inf,35.39939036596486
15.096220317217146,-13.271795189006488,-9.299897123845842,27.836933898678627,27.554007434085925
16.753996683993634,-4.888038326999107,-12.896450836657465,Inf,31.630122491469425
16.605869312390887,-0.17812187931041734,-13.784330156490894,Inf,34.400320260411995
15.706913737132943,1.2147621878643022,-15.745249973152209,Inf,36.11986754205164
12.946100282419678,-9.794643411160635,-12.407378739146182,28.235466244739346,28.235466244739346
19.361937458101004,5.292353693670133,-12.425247058817064,Inf,37.657060911712854
19.898599120156547,-1.017659475127175,-12.525818290176414,Inf,35.704321827467666
16.840676462139335,-3.0454459824727564,-12.592291129237827,Inf,32.11343960879621
17.44733558054343,3.125005446741838,-8.788758552373528,Inf,33.42462284809998
11.405043990905153,9.291493908550201,-8.562271746659125,Inf,31.81545427389114
19.94532452081628,12.53124210052409,-8.305250503876982,Inf,39.9947308626982
16.593195565923196,11.579619067948535,-11.616885287047669,Inf,38.25619160680256
3.2175163701407783,18.549690052953302,-14.413715448510613,Inf,42.25049593709719
0.921211976705596,19.439053787105784,-17.002100253366336,Inf,44.99269543114467
4.992538039538054,14.43886472730469,-18.35339258894227,Inf,39.05772682631885
12.856340661851789,19.958706613496624,-15.418677737884838,Inf,45.0414151876212
16.77208513894088,17.500798448339985,-16.046876994586974,Inf,49.49675777961332
14.953416991358026,16.871472110581593,-19.62900136609595,Inf,45.35432229385695
6.285256380794493,18.51398832337442,-17.68279096393515,Inf,41.729702079767534
17.002567221445368,15.81733770944225,-17.57491383343335,Inf,45.27220458275299
5.208933948577066,16.083068646140568,-10.371299460011665,Inf,34.98311554328646
2.2673205447760303,17.127621310518002,-13.634158346233267,Inf,39.48219624563887
1.4852437111963646,18.248436940976084,-12.329938385038615,Inf,38.72624199740755
5.731939401602375,15.175304206914603,-11.976287740740066,Inf,35.79543872254297
19.049485554218876,18.91793718181826,-11.092501488423707,Inf,46.04785428522601
14.878602144888688,15.902412550907947,-12.652835354350325,Inf,43.091352731077606
14.793064690699254,15.354130075066564,-9.042446956894956,Inf,40.43388448496096
12.730970983295933,19.715041639957562,-8.597190704391542,Inf,41.021712978119346
4.816465024384968,17.373803238748735,-6.325406822876918,49.33359531098342,32.79126518718828
-3.6696985197401233,5.435088320946598,9.861660169883713,17.712967510496796,17.712967510496796
-4.561699574131257,-3.5811021252562085,2.6882693953753574,7.4197970245933895,7.4197970245933895
-5.6119790023835225,-2.379759869969096,-2.2188468143316165,12.336905465998157,12.336905465998157
-6.697401612718545,-13.260986905735344,-2.669546074708535,8.801538754680816,8.801538754680816
-6.442768054672943,0.5004450467433585,-1.292178978639285,12.693139890221211,12.693139890221211
-6.08612719980707,-4.323283806767746,-7.2886721971585455,15.146793241419598,15.046952666635836
-6.657006960004619,3.220686646810478,-6.606274526542881,18.233567453942474,18.233567453942474
-6.741756728368102,-4.12853299396942,-3.5075983332637577,11.722487901055793,11.722487901055793
-6.098001749660371,-2.8483647775370287,-2.148677015868941,12.024586465328623,12.024586465328623
3.6412369423877067,1.0604608883319884,1.1483475846208258,16.969856390188333,16.969856390188333
-1.9865754369507798,-0.9588310050680775,0.6418239502093286,11.626400061451395,11.626400061451395
-3.2245787644659174,-1.198460644648307,-6.115566425376544,16.637844412381533,16.637844412381533
-4.341497570176989,0.9983437876456414,-2.2741018483649533,14.175901090727931,14.175901090727931
-4.95155311345286,-11.702457666286747,-0.8168922970504084,6.855481386820183,6.855481386820183
-4.129840747515727,-4.371279457986423,-6.505577598625303,15.413869786828576,15.413869786828576
1.4452080867872823,-7.745206246471952,-2.74756893493997,14.50351152063714,12.982425292973137
-0.25379304773565536,-7.8161040060744735,-3.876653482245729,14.13996766229807,13.152870514228901
3.6673143600766522,-9.5229434256904,-2.1444765644979142,13.50017978401399,13.50017978401399
1.2351340434442726,-6.683040659039579,-5.033141598796185,15.996231388528624,15.869160061170064
-1.0137047653431992,-2.04989093309149,-5.6466238406072655,16.6069249835056,16.6069249835056
2.1348626237013413,-7.350903795531556,-1.4598586383484218,12.647436049376996,12.647436049376996
0.3014693990388473,-2.454934739838535,0.7605427534472398,12.770946008464264,12.770946008464264
0.1654659892736099,-1.9993222919761244,0.9863969032696396,12.687101048873604,12.687101048873604
4.379134191571001,-11.207694984246324,1.1878475421301715,12.38086771964327,12.301604464795124
4.097052331495739,-10.437969428122491,2.177823804608529,11.8359733250184,11.780426043919629
0.37823718706147247,4.39497418521502,-8.042220172029033,23.987328035595386,22.366394557678895
-5.1717094250026285,2.4125870392454196,-6.414523480078929,17.87331440179863,17.87331440179863
4.783019455799362,3.2418221598154844,-5.810771062716711,22.554580065169016,22.433530525281924
2.425619411250022,3.1233646545667355,-7.631641800226863,23.91117912790415,23.06481667481154
-4.700195940746514,2.4955841397416556,-3.1084677595405736,15.816749456610566,15.816749456610566
-3.062217864543186,5.370603779039278,-0.0930757849097752,16.91281366875257,16.91281366875257
-2.348092526132241,-8.87785378941075,6.979440623256529,5.008812216594689,5.008812216594689
-2.349444420094553,3.9746518096520944,9.524018787977031,17.13712938981092,17.13712938981092
-4.566096362658909,-11.634866698283766,15.213476594989778,11.00600257664867,10.6234942574869
-6.581486776098959,-12.075613016830697,13.641476601817303,8.412310263664535,8.412310263664535
-2.9863956782281598,-11.693759332771032,6.025958929184753,4.387991923908217,4.387991923908217
-3.935060675339468,-11.79885823595991,7.80022611776392,4.233294722763185,4.233294722763185
-4.292863424769031,-11.292527676677437,7.212479540539718,3.454244115388714,3.454244115388714
-3.110203915442842,-11.022166070218296,3.7803059157830354,4.3740924541935025,4.3740924541935025
-4.801512838643154,-2.2747099035087643,17.72516094454535,16.492003770670472,16.492003770670472
-5.675256886214397,-12.182969285456027,16.71249313363265,11.616045664788743,11.616045664788743
-4.544922248043033,-0.3628070006571882,15.399106901803528,15.490755492611992,15.490755492611992
-2.725358670184754,-6.236620119742833,19.735914315911558,17.481704226037273,17.481704226037273
-5.19948434626901,5.2558997715049145,10.375614592055086,18.165523380451752,17.32860227414719
-1.5197832114773036,2.0764800297857917,10.07636557633284,17.209866287755425,16.852470632473327
-1.121942986090314,-6.081842044473751,16.18235802739916,14.704935829659966,14.704935829659966
-0.21385020022018253,-4.767813601991326,12.064860535275905,11.886959956319416,11.886959956319416
-1.8951313703237105,-11.8808464326571,14.166113927703748,10.918544250088267,10.833151158704961
-0.48437120638043396,-12.171654896065274,12.842058474197827,10.3076838806221,10.3076838806221
-1.6029848598548568,-3.638657671178507,13.549741562244733,13.445234196825076,13.445234196825076
-1.500541468481991,-11.500424359457,3.0317208763307306,6.211901418300172,6.211901418300172
-1.0145842124245803,-3.8576225128708614,12.23996010208623,12.401648727692677,12.401648727692677
2.008356377177485,-4.420641554661238,13.211692292039672,13.822798194334812,13.822798194334812
0.8638392987335735,-9.227592743359372,3.3677067720843112,8.184329899034664,8.184329899034664
4.754635195976906,-7.5402505968477485,5.980463644116661,12.305104316012306,12.305104316012306
4.511409074725677,-5.9947153933956265,6.47691081711055,12.466545480047742,12.466545480047742
-0.21267710615610014,-11.237240795510575,6.544590180747321,6.9777994738375,6.9777994738375
3.0538759050286934,-8.582130253293938,12.170945623204481,12.506841257986656,12.506841257986656
2.806679817955775,-6.782420173816979,9.050166169900884,10.946018987986486,10.946018987986486
1.3553452070853034,-11.262848098599001,8.103583566327906,8.842241018913203,8.842241018913203
0.35655938108892116,-12.683789206136593,6.963176854934325,7.966340247521329,7.966340247521329
0.07336402099559436,-1.9878257348893058,14.884457217831212,15.856966253843378,15.81824591564677
2.9446486879869056,-4.269151253285717,15.999716538790771,16.76773822821729,16.76773822821729
4.2330525135326695,-12.23652567403148,18.304073349547465,18.274805945766097,17.52515582511717
-0.699914303309555,-1.7043753765919618,18.78967278267624,19.292634256201612,19.103313696098912
1.5203807441854522,-3.2652396692850942,17.08702505196382,17.408501572975176,17.408501572975176
3.248245015061766,-8.391281825897945,19.371340740646758,18.940294179564283,18.725235265744992
4.499878162583741,-10.531610957997879,16.57293993750089,17.656958848174117,16.746003722322246
1.4600181402193684,2.7390937352604965,12.94790746806968,19.62874688678499,19.48271584607774
1.932555843304229,4.844088387967929,12.893974232762957,21.612139571995314,21.612139571995314
-2.2920119535430317,3.8632947768169856,16.195304156167474,21.429784923458676,20.345595458717067
4.039285670803512,3.9235477148727327,16.066984411998263,22.872818164026135,22.872818164026135
-0.5616910465198117,2.270020345162685,13.325946663726654,19.04534232564272,18.641238940791318
-2.196950260764339,2.8695718624618927,18.610819881355035,20.616801320616663,20.616801320616663
4.471791157953433,4.187872495858631,16.625144734048902,23.405422190453695,23.405422190453695
-2.717437121088917,15.88337133096325,-0.15716829506681407,28.175101146732185,28.175101146732185
-5.298028571989617,5.735642955695059,-2.838953681927201,18.16808420162144,18.16808420162144
-6.1439689533736885,18.009809671088405,-4.952654437220847,Inf,31.203519421056974
-1.3267409938443748,15.779838237234912,-3.8242870592711498,30.677683862254497,29.008177402521163
0.24866315641501657,12.580763203281904,-2.8400071042040693,25.308882018334764,25.308882018334764
-0.9042232837060666,9.068567222792918,-5.79983897679095,24.427537117883265,23.629693087191363
-2.312783587885754,15.586853102884902,-4.1738606657466,Inf,29.403848554606466
4.803116229233872,5.45172881243041,-8.16093507937829,25.780624423014252,25.780624423014252
3.8735917759373706,9.500219931827907,-3.359143445329611,25.620648238885153,25.620648238885153
-4.720756236451358,13.211583200500144,-2.593018557507989,25.67031120289894,25.308135085180332
-5.209556001781133,15.010276090434836,-0.7702551820031545,27.556491796496612,26.811950766629863
-5.103420071316354,18.263293522316417,-4.291889565797549,Inf,31.0137531169526
0.0451969547804687,17.33340194475037,-5.823773607500815,Inf,30.924203562851183
-3.6595392825765956,16.176966637924266,-6.254276165253092,Inf,30.499854413639675
-3.7206173721426623,19.34913811698833,-0.2988263683384744,Inf,31.455506584903198
-0.9013045065350767,16.81409988989921,-0.6326598853438092,Inf,29.553612066466542
-4.063035449464936,13.837335050244505,10.696051469212353,25.57239289428864,25.57239289428864
-4.535948733502151,7.961460269254292,18.991864222285173,23.92116477163692,23.92116477163692
-5.002497931019443,7.373870689235265,5.108239535806334,17.78674719120928,17.78674719120928
-5.796198568089883,14.701036034019722,7.713033001969336,25.60354075970409,25.60354075970409
-5.596312891559192,9.727404819944027,0.2576558448448374,22.087567013761493,21.965176046105
-6.356213409106726,13.501172190483913,7.642571188392786,24.43194786017019,24.43194786017019
-6.954115796715339,9.39099135990893,7.922112696153629,20.282527097733627,20.282527097733627
-5.4434906205029865,14.78599627591705,19.179144956300277,Inf,30.80832660044788
-5.361136419361232,15.266927231037556,14.241663229812872,Inf,29.05754416927055
3.312024093801405,16.321917742552557,9.966841071045849,37.47257202443082,30.987457020113073
3.519175358278737,6.9145897043793525,2.502228333039067,21.41236705274961,21.41236705274961
0.7921333187466217,7.153737830959692,1.4254008796017388,20.2373807415223,20.2373807415223
-3.0737553853585737,12.467377650073537,1.7521172179565525,24.24555324607345,24.184201214484453
-3.5013161570808933,6.858367477745553,2.3025635269057076,19.760346674906003,19.760346674906003
-2.3066826220793217,13.917977884243236,1.5698192666818578,25.65316020361742,25.65316020361742
-3.4695035059814856,14.560028158428544,1.9102284198299984,26.326879196194135,25.800373472559567
3.1466716017403584,15.68428334718093,8.921985831259136,37.307192583938736,30.140433382979154
-0.4390683632895005,7.955388137965755,8.418814078683141,21.688752819249643,21.688752819249643
-1.3097358432851003,6.691653326871531,19.886131685200866,25.09053807557872,24.45542129748331
-3.6139826272642424,7.05737403078361,8.241824586622506,20.006171056154034,20.006171056154034
-3.5876001262844497,14.921274535771587,5.808735371672114,25.497514665113577,25.497514665113577
1.5547654449663355,12.867918564985771,3.0425184748092526,26.224745649208067,26.224745649208067
1.4144200282354475,15.471694079723306,11.656161180684919,Inf,30.079860641608793
-1.5061283761833444,9.915061124405131,6.2003637922455646,22.244884053541632,22.244884053541632
-1.5319291481996267,8.68246030891158,6.846998522215735,21.883152601056732,21.883152601056732
-2.840494439782688,8.50862475408606,15.436874544326038,24.52451450685738,24.13303144577361
-3.285938343098689,11.743460216081345,16.79267272009134,26.652160277767802,26.652160277767802
-0.7657442255960412,10.021141318262767,5.920433036959185,22.84814838327512,22.84814838327512
-1.2211185418483694,14.404235642757534,19.707273677165603,Inf,31.10615909027522
-1.151281834784072,13.811269471667899,17.02605306853927,Inf,29.633277503410067
2.2461725286737604,15.205990143803866,10.282263160365996,Inf,29.64200313436987
4.011486938568076,8.613836866083595,16.142469627318462,26.786108640350648,26.786108640350648
4.232738742950151,10.226785489108934,16.784494927912107,Inf,28.487240589355302
3.736806022106684,8.614689087832524,7.3238663628591,26.039144852707885,25.10036121375345
3.7111727938350185,11.922645081487147,13.038051291482937,Inf,28.91215336095014
3.820488547940588,13.356832431205241,14.921831690348782,Inf,30.564418997437436
3.7461297424398126,18.696252570204962,18.04285083453108,Inf,36.61982040424849
2.5999502420801868,17.010650865419308,1.7575232036044852,Inf,30.68634345943165
4.435544914899097,16.722549463684366,16.28026475403857,Inf,34.77602716422669
7.628958822674321,9.452870996600787,3.3542286437853264,26.519745628659614,26.317374348582348
7.683597239398825,4.2347830014408245,14.404256863577203,24.55281584235863,24.55281584235863
13.611939918088169,0.8822820133937626,13.328714115871534,25.03613045463405,25.03613045463405
7.670434942636728,8.922080307870814,11.290700996856032,33.3459346371712,28.547543504325933
8.434740951639661,3.0229353085446853,10.194296263324418,24.671632851292802,24.526765882011226
7.358783790055099,-10.491333470447035,-2.5578351783992304,17.066525121927942,16.98328952308108
6.296980890642381,2.017644560135274,8.69813574875792,21.875363219697785,20.419522369373833
5.272914272467091,-2.2287341945378643,5.290748612402787,16.676800271666565,16.48767533771393
5.192196214721491,-1.301225128718393,-0.34920619519863294,17.95046624668852,17.91699278064278
5.471553706152328,-0.6362232137511903,-2.0459594432419763,19.56062627906927,18.928375499559184
5.319888663489873,-10.337660239343975,-0.158223426687087,13.83069608940713,13.703991837540332
5.638555552201964,-8.30544390314258,-0.16482880802286104,14.194910687059355,14.194910687059355
7.0102619950334955,-8.05554327323665,4.78328204590732,14.599629212228464,14.599629212228464
6.719751337390704,-3.703717839353473,0.34688275846698247,16.78260167194594,16.78260167194594
6.497413795845269,6.365146387337816,7.407901650552404,25.611928671708696,25.611928671708696
4.954165328517881,7.731648158365587,5.147451980144382,24.53069815690171,24.53069815690171
10.755521710851255,-0.8306317491053861,-1.6203894150259934,22.112913669744824,22.112913669744824
13.36598595661549,-4.068440888255207,-5.993951298842015,26.50828983968433,25.975622614950034
7.721533659872051,-7.128982586926442,-6.6915781997117385,20.04570313278704,20.04570313278704
10.457242297424827,-2.038985572657282,-6.927020220794136,25.128249444756626,25.128249444756626
12.275051634451856,-7.152910515834545,-6.040020031838065,23.132991318546917,23.132991318546917
12.408812123179928,-7.930526803228819,-2.9291358159265,22.740886858340325,21.51736451775185
9.477408167644825,-4.9758152169397984,9.59882930003527,18.78379888973408,17.87880121562982
9.344626809552715,-11.535626161522199,5.806888959396996,17.30575439337357,16.568174599756958
12.397210922225163,-10.798394956189652,-4.740748595167945,22.274646808890125,22.274646808890125
9.401572656570607,-12.087846264793294,-1.6160928403300119,18.199942910749414,18.199942910749414
9.174734111090473,-10.671636377719276,-4.360385587476854,19.416219101179664,19.416219101179664
8.278184053568978,-10.81623500122852,7.54949135179406,15.53827816816985,15.53827816816985
10.262805291024915,-1.5071420231354793,10.126745952211557,21.466435760546034,20.1428331464268
10.873799190502538,-0.8528768322472402,0.20880137258905762,21.82268842545202,21.82268842545202
13.054226193222533,-1.3462696073534204,-0.7467039331675629,23.629430552372707,23.629430552372707
13.364387027229341,-10.947876227592879,0.6516610178568101,21.241964509288124,21.241964509288124
13.546874841321753,7.11914527973213,-3.825402003880427,46.31204163396522,30.822258514463435
10.650795688957704,5.633997732027581,6.176663398027777,26.243879600607848,26.243879600607848
10.450319002791435,2.661043756416124,5.508267112517345,23.61247445411804,23.61247445411804
7.367711382081783,8.167221321260605,5.062212159846922,25.89795761687381,25.89795761687381
12.949140234458376,3.540847474386144,-2.5711044909003107,27.327236117321668,26.77277995881446
8.185318444818506,-3.6669911619438267,12.020570128382431,17.835064718925103,17.835064718925103
7.443592122410585,3.612987392416951,13.630213568371083,23.531358423551826,23.531358423551826
7.3927451053747895,1.7461343458452028,12.92906754778663,22.014296453473328,22.014296453473328
5.321877670940989,5.501281641528124,13.971958200306048,24.339908550382397,24.339908550382397
11.64182957389852,-11.631274754201284,10.647759292830994,20.183454722383495,19.931769036048646
9.748434517712372,4.389248778545607,11.656518340930564,26.663506737025557,25.776570765059148
13.340164452809084,-8.459029307176245,10.896870695011582,22.241226559048744,21.5906802202454
9.44832288077503,-10.195616741420732,10.22392037058978,17.276166472703533,17.276166472703533
8.625054223210658,-6.777718303879183,11.349825890236318,17.202370772903897,17.202370772903897
14.962332118960816,7.1459352030494045,-3.819506187348445,47.02096808491743,31.395100304923886
16.96998246163197,-2.9977446701226214,4.7160483105901285,27.943110153687797,27.78549816287851
16.379765198514633,3.1000042442168336,1.7281396171850893,54.03203418296641,28.76886141405118
14.334689611949244,3.3991773313547036,-5.429835621283718,Inf,28.83702016204283
16.194035168601758,-12.99186690590231,-6.716001073304962,26.741831711340616,26.741831711340616
14.683561844299177,6.017259527227459,-7.530606281831149,Inf,31.974646663246585
19.98643549108526,1.12964445674832,-2.634802242895347,Inf,31.228811542255247
17.65472995317854,0.03249449568200902,-0.43694768408984785,Inf,28.44207787282235
18.426010380770627,-12.182630685642737,-4.733866780412095,27.748239861821638,27.748239861821638
17.429296559292283,-4.77161579379727,-4.681705660281157,27.70246627908897,27.70246627908897
17.461284173343245,-5.766573535476542,-6.975168543716732,Inf,28.34235890581159
19.97065728229552,3.2755530466693727,4.336880677155861,Inf,33.22426974974035
18.289161858717918,6.946437347245656,-4.307435212797044,Inf,33.34002578225409
19.427316914209484,-6.554369419863413,9.410921268986215,28.133358587293937,28.133358587293937
18.677052715201732,-7.738148215058498,4.894035635042229,27.367498981347133,27.367498981347133
13.623481347548122,1.1122576556332646,11.963544474272567,24.78279295710056,24.78279295710056
15.353169906913834,-6.5549743381627845,6.862012630600496,23.327569427351566,23.327569427351566
14.512293624398787,5.745864705089545,13.969670905530513,Inf,29.90966771765822
19.99001736842206,1.2395736054798157,6.126174512317526,Inf,32.42684356122382
19.768760367879864,-1.446077075901158,13.808855455448239,Inf,31.50662852990085
13.85399554767531,8.66084312632691,-7.548171922835065,44.70723376529441,34.52475783217428
15.389777657609812,7.641549788714926,-7.5996270861285975,43.96093163527291,34.25966065659724
14.585523294907503,7.430218460513949,14.23494798934999,Inf,31.274436519050347
15.308446454218902,9.402202440031154,6.9702136572167745,Inf,32.049411720185034
16.962510809068178,7.980432084824322,12.335050842076612,Inf,32.42863854251567
7.813675786839678,-2.8716544493955425,16.08138664046359,21.06133050467576,20.42241906868112
5.79142142922878,3.8583137770496023,15.59887925208146,23.232970570795764,23.232970570795764
6.599476283419932,-10.950452291623671,16.08232841450409,18.511927745977484,18.19257958988156
6.775212920222444,-1.696991790974991,16.39775131163465,20.170408879745597,20.170408879745597
17.109781340526744,-2.201822523437194,16.24967599707216,27.818956423301827,27.818956423301827
19.997318286667856,-4.882431005836452,15.004840809872782,Inf,30.842689867195794
19.750036190186755,-5.305430625234235,16.320088821208365,Inf,31.21022511968464
10.574843660141493,-3.4594521327422427,18.052296478836524,23.709154366718458,23.709154366718458
8.724553056915909,-6.070612358412806,18.72995046947787,21.533736963082713,21.533736963082713
14.388060843550562,-5.958133300779123,18.35482665073699,26.310279453715484,26.310279453715484
15.605278081413374,-10.640238541952298,15.406282680435936,26.152087494169628,25.33610846993214
9.261671770581444,-5.023511058722283,19.014954528039155,23.131497803565704,22.408404668368064
12.27942341329296,-12.905235259955523,19.463356902661523,25.40499161403828,25.40499161403828
13.327652163712699,4.430183517576715,14.953441467994246,30.280497142324098,28.296923817062126
11.864053858196606,3.152745214375223,15.42375170525191,26.29813409884131,26.29813409884131
9.70119542837977,4.211356240030646,16.43500194576255,27.820064823369655,26.76368861772682
9.144263182438461,6.475492333123121,19.54575786701291,Inf,29.03547194670602
12.67187907395386,9.12442044785869,19.094677006327743,Inf,32.576052439632676
19.056783193042563,7.021684925639498,16.74285418861728,Inf,33.924040155122455
17.568997169374185,1.3894988125416496,15.729272615570082,Inf,29.692121442787702
12.2615464315231,8.429579072374729,19.013356711089003,Inf,31.859536530876788
10.471355011960306,14.172208976821345,-5.44618659102059,47.72192674975521,33.97012190176536
15.08955992372735,14.550215377283152,-5.889645492715969,Inf,43.51213167138396
5.812723597011818,13.551567746090633,-6.052727931423556,Inf,30.857923171076592
9.495948121361273,14.224195071680946,-7.923486113693032,Inf,34.267038005205016
15.713545137253256,10.718629713524265,-7.679226841398572,Inf,36.56062153583112
15.382121178119249,16.24089139396365,-6.824934766180899,Inf,40.08593507051347
7.286510080016349,11.924940336488639,-1.485535495256478,42.16493019723429,28.805627554293203
6.248064297326685,10.357056508204536,1.656194619104241,26.63836959482974,25.885976957760434
5.091640192714742,9.811241611399105,8.856792680649193,26.61767322479973,26.61767322479973
4.989021064272528,10.887164447507534,7.999325575624326,27.781486335836696,27.781486335836696
7.0,12.0,-0.5,28.26735888534292,28.26735888534292
5.164145499292836,12.97370702540534,1.6347967639424184,27.519576740499506,27.519576740499506
4.862131222886774,19.95101281004799,-4.674418450723223,Inf,34.19537355631692
5.282931144650071,17.676584712491945,1.1264862354859702,Inf,32.25133626128875
6.561619281132209,13.420078899206644,6.969929960299446,Inf,29.87039356712917
5.09036771266171,19.643846039343693,11.813290684637892,Inf,36.90763248997281
5.575307648769517,18.666114539382058,13.941562938667396,Inf,37.40315689702765
6.783737883586198,17.693522497108553,11.120635275705155,Inf,34.99135400757756
19.40271034192846,19.234734739451902,5.20681384562338,64.9697533143456,64.9697533143456
10.772056081383667,10.336337251964256,12.295198341087492,35.257351462328415,31.15135654147394
16.301478702263516,10.839306367713071,4.280929889231587,Inf,34.15711295025561
12.980394150542914,16.99028900141699,-4.985091661750021,Inf,37.25535898146057
9.88355030875929,14.29072801183949,8.489497360243845,Inf,33.18753675643965
7.87408597552691,12.87205208890633,1.0906932022946592,Inf,28.92562440043845
15.506353841549142,15.474667070287865,-4.476841563039411,Inf,38.24566480738778
14.252644158882212,14.867847090726713,-0.4987879887203128,Inf,35.323374929628386
11.241615696242953,14.698443900566609,-1.1594929497845712,Inf,33.07703366382067
12.205821179033684,10.140476796192821,6.496673286150809,Inf,31.021835665604907
11.396461647443019,13.290885939799473,3.6113239764103255,Inf,31.70166021106347
11.639986985876625,16.32991159352636,-4.843398834358252,Inf,35.85061010567479
8.598972341693248,14.61757581502519,9.559612221975648,Inf,32.60901552747903
7.675766568518032,15.4022382246713,11.931763595864755,Inf,33.501886933362606
14.731629974470778,17.564773207504672,11.16515099724343,Inf,39.4703419830705
12.424764748203138,17.174724894420415,2.773300430149746,Inf,35.15313164932226
10.336379720661604,19.102894629474527,0.2940763905143058,Inf,35.635816623764924
19.02807421089763,12.164920290617857,8.616722335881555,Inf,37.204527371648005
19.699013159064414,17.391252745171528,5.698440056538921,Inf,41.25372640728383
19.156255549978844,14.371746295867396,-2.507772412987002,Inf,39.852167479135886
19.644861077358307,17.421089279657416,-4.356641607748841,Inf,42.42816792570413
12.601359161342707,15.716471721967395,15.289707272927153,Inf,40.63601004583052
9.505536642510208,11.586618120271545,18.81459452123685,Inf,32.39059933217667
10.986991176155499,10.360383642260807,13.871391810349365,Inf,31.15639612515639
11.366950131790698,18.930339950324097,18.973502515785576,Inf,40.84079511218552
11.695826333619259,15.954619418987065,16.82831372796916,Inf,37.665266683419134
7.30356696199361,13.025271460748506,15.088503600054544,Inf,32.200200458174635
11.220801759790724,18.924021351956156,19.69510556194038,Inf,39.977095249245096
9.122235614639056,11.8244446641312,19.291664718218215,Inf,32.623935853808824
13.190926339180457,14.781565238446746,16.595084449840655,Inf,37.79214005880904
18.698764752567357,14.622002811554054,15.131911307221458,Inf,39.607806823704045
17.67819219974968,17.560951958014677,16.609490252574716,Inf,43.070468673767856
16.58852489330925,17.69899617418637,17.861515273761682,Inf,41.79476054341208
