-2.2313805191364318,-4.433458249043259,-5.178836874785079,3.0
0.003502159784741554,-3.4075092842983628,-4.553773200240137,3.0
2.238384838705915,-2.3815603195534667,-3.928709525695194,1.5
-7.241523803927888,-11.326087051957757,5.046387065416705,3.0
-6.053016858442628,-9.613866105121698,4.54368000580847,3.0
-4.8645099129573675,-7.90164515828564,4.0409729462002355,1.5
-2.2313805191364318,-4.433458249043259,-5.178836874785079,3.0
0.003502159784741554,-3.4075092842983628,-4.553773200240137,3.0
2.238384838705915,-2.3815603195534667,-3.928709525695194,1.5
-7.241523803927888,-11.326087051957757,5.046387065416705,3.0
-6.053016858442628,-9.613866105121698,4.54368000580847,3.0
-4.8645099129573675,-7.90164515828564,4.0409729462002355,1.5
-2.2313805191364318,-4.433458249043259,-5.178836874785079,3.0
0.003502159784741554,-3.4075092842983628,-4.553773200240137,3.0
2.238384838705915,-2.3815603195534667,-3.928709525695194,1.5
-7.175750707674694,-11.306740986319134,4.974629731541968,3.0
-5.94947786850359,-9.50553848552115,4.476099412029004,3.0
-4.723205029332486,-7.704335984723168,3.977569092516041,1.5
-2.2313805191364318,-4.433458249043259,-5.178836874785079,3.0
0.003502159784741554,-3.4075092842983628,-4.553773200240137,3.0
2.238384838705915,-2.3815603195534667,-3.928709525695194,1.5
-7.175750707674694,-11.306740986319134,4.974629731541968,3.0
-5.94947786850359,-9.50553848552115,4.476099412029004,3.0
-4.723205029332486,-7.704335984723168,3.977569092516041,1.5
-2.2313805191364318,-4.433458249043259,-5.178836874785079,3.0
0.003502159784741554,-3.4075092842983628,-4.553773200240137,3.0
2.238384838705915,-2.3815603195534667,-3.928709525695194,1.5
-7.175750707674694,-11.306740986319134,4.974629731541968,3.0
-5.94947786850359,-9.50553848552115,4.476099412029004,3.0
-4.723205029332486,-7.704335984723168,3.977569092516041,1.5
-2.2313805191364318,-4.433458249043259,-5.178836874785079,3.0
0.003502159784741554,-3.4075092842983628,-4.553773200240137,3.0
2.238384838705915,-2.3815603195534667,-3.928709525695194,1.5
-7.102491864390236,-11.275192521873244,4.900329222234312,3.0
-5.839738461807179,-9.385545754698148,4.407378117492326,3.0
-4.576985059224121,-7.495898987523052,3.9144270127503393,1.5
-2.2313805191364318,-4.433458249043259,-5.178836874785079,3.0
0.003502159784741554,-3.4075092842983628,-4.553773200240137,3.0
2.238384838705915,-2.3815603195534667,-3.928709525695194,1.5
-7.102491864390236,-11.275192521873244,4.900329222234312,3.0
-5.839738461807179,-9.385545754698148,4.407378117492326,3.0
-4.576985059224121,-7.495898987523052,3.9144270127503393,1.5
-2.2313805191364318,-4.433458249043259,-5.178836874785079,3.0
0.003502159784741554,-3.4075092842983628,-4.553773200240137,3.0
2.238384838705915,-2.3815603195534667,-3.928709525695194,1.5
-7.02126951797556,-11.23011109906113,4.8236241389528915,3.0
-5.723612357539539,-9.253200560878522,4.337671660042491,3.0
-4.425955197103517,-7.276290022695911,3.8517191811320908,1.5
-2.2313805191364318,-4.433458249043259,-5.178836874785079,3.0
0.003502159784741554,-3.4075092842983628,-4.553773200240137,3.0
2.238384838705915,-2.3815603195534667,-3.928709525695194,1.5
-7.02126951797556,-11.23011109906113,4.8236241389528915,3.0
-5.723612357539539,-9.253200560878522,4.337671660042491,3.0
-4.425955197103517,-7.276290022695911,3.8517191811320908,1.5
-2.2313805191364318,-4.433458249043259,-5.178836874785079,3.0
0.003502159784741554,-3.4075092842983628,-4.553773200240137,3.0
2.238384838705915,-2.3815603195534667,-3.928709525695194,1.5
-7.02126951797556,-11.23011109906113,4.8236241389528915,3.0
-5.723612357539539,-9.253200560878522,4.337671660042491,3.0
-4.425955197103517,-7.276290022695911,3.8517191811320908,1.5
-2.2313805191364318,-4.433458249043259,-5.178836874785079,3.0
0.003502159784741554,-3.4075092842983628,-4.553773200240137,3.0
2.238384838705915,-2.3815603195534667,-3.928709525695194,1.5
-7.02126951797556,-11.23011109906113,4.8236241389528915,3.0
-5.723612357539539,-9.253200560878522,4.337671660042491,3.0
-4.425955197103517,-7.276290022695911,3.8517191811320908,1.5
-2.2313805191364318,-4.433458249043259,-5.178836874785079,3.0
0.003502159784741554,-3.4075092842983628,-4.553773200240137,3.0
2.238384838705915,-2.3815603195534667,-3.928709525695194,1.5
-7.02126951797556,-11.23011109906113,4.8236241389528915,3.0
-5.723612357539539,-9.253200560878522,4.337671660042491,3.0
-4.425955197103517,-7.276290022695911,3.8517191811320908,1.5
-2.2313805191364318,-4.433458249043259,-5.178836874785079,3.0
0.003502159784741554,-3.4075092842983628,-4.553773200240137,3.0
2.238384838705915,-2.3815603195534667,-3.928709525695194,1.5
-7.02126951797556,-11.23011109906113,4.8236241389528915,3.0
-5.723612357539539,-9.253200560878522,4.337671660042491,3.0
-4.425955197103517,-7.276290022695911,3.8517191811320908,1.5
-2.2313805191364318,-4.433458249043259,-5.178836874785079,3.0
0.003502159784741554,-3.4075092842983628,-4.553773200240137,3.0
2.238384838705915,-2.3815603195534667,-3.928709525695194,1.5
-7.02126951797556,-11.23011109906113,4.8236241389528915,3.0
-5.723612357539539,-9.253200560878522,4.337671660042491,3.0
-4.425955197103517,-7.276290022695911,3.8517191811320908,1.5
-2.2313805191364318,-4.433458249043259,-5.178836874785079,3.0
0.003502159784741554,-3.4075092842983628,-4.553773200240137,3.0
2.238384838705915,-2.3815603195534667,-3.928709525695194,1.5
-6.93164368102177,-11.170098750281724,4.744664699965801,3.0
-5.600950060618254,-9.107816717574668,4.26714205818096,3.0
-4.270256440214737,-7.045534684867611,3.789619416396118,1.5
-2.2313805191364318,-4.433458249043259,-5.178836874785079,3.0
0.003502159784741554,-3.4075092842983628,-4.553773200240137,3.0
2.238384838705915,-2.3815603195534667,-3.928709525695194,1.5
-6.833203873486946,-11.093654418572306,4.663649482927617,3.0
-5.47163624161694,-8.948694576448242,4.195976707843588,3.0
-4.110068609746934,-6.803734734324177,3.7283039327595593,1.5
-2.016502095136233,-4.388955595428186,-5.178545808404612,3.0
0.24723290380457819,-3.3250408052700076,-4.518097130631084,3.0
2.5109679027453895,-2.2611260151118295,-3.8576484528575548,1.5
-6.725526454037512,-10.999131751688253,4.580867424301333,3.0
-5.335567405985053,-8.775103677811877,4.12440944234034,3.0
-3.9456083579325925,-6.551075603935504,3.667951460379346,1.5
-1.7776295737530954,-4.328962722539627,-5.166823294038719,3.0
0.5055472408691126,-3.2320709891048955,-4.474256721473603,3.0
2.7887240554913206,-2.135179255670164,-3.7816901489084875,1.5
-6.608136349697471,-10.884703898018497,4.496732980692354,3.0
-5.192631483291489,-8.586269325811552,4.052737961184622,3.0
-3.7771266168855058,-6.287834753604606,3.6087429416768906,1.5
-1.0,3.0,-3.0,3.6425267723255175
