6.355078620251328,-0.8995047438863677,-3.166791985316289,3.0
7.83528800148124,0.31862848369596786,-2.1825293249691606,3.0
9.315497382711152,1.5367617112783034,-1.198266664622033,1.5
2.286962571448078,2.184703759847939,1.8731075059355917,3.0
2.596193711787273,3.236366296763671,1.4489006132086852,3.0
2.905424852126468,4.288028833679403,1.0246937204817788,1.5
6.355078620251328,-0.8995047438863677,-3.166791985316289,3.0
7.83528800148124,0.31862848369596786,-2.1825293249691606,3.0
9.315497382711152,1.5367617112783034,-1.198266664622033,1.5
2.286962571448078,2.184703759847939,1.8731075059355917,3.0
2.596193711787273,3.236366296763671,1.4489006132086852,3.0
2.905424852126468,4.288028833679403,1.0246937204817788,1.5
6.355078620251328,-0.8995047438863677,-3.166791985316289,3.0
7.83528800148124,0.31862848369596786,-2.1825293249691606,3.0
9.315497382711152,1.5367617112783034,-1.198266664622033,1.5
2.3045855568297466,2.199474294850411,1.834374564684257,3.0
2.62340081453998,3.304524899180917,1.403734738216822,3.0
2.9422160722502135,4.409575503511423,0.9730949117493864,1.5
6.355078620251328,-0.8995047438863677,-3.166791985316289,3.0
7.83528800148124,0.31862848369596786,-2.1825293249691606,3.0
9.315497382711152,1.5367617112783034,-1.198266664622033,1.5
2.3045855568297466,2.199474294850411,1.834374564684257,3.0
2.62340081453998,3.304524899180917,1.403734738216822,3.0
2.9422160722502135,4.409575503511423,0.9730949117493864,1.5
6.355078620251328,-0.8995047438863677,-3.166791985316289,3.0
7.83528800148124,0.31862848369596786,-2.1825293249691606,3.0
9.315497382711152,1.5367617112783034,-1.198266664622033,1.5
2.324070289947401,2.2201746345938034,1.7921118366652773,3.0
2.65218196734826,3.378911913394555,1.3562651736755102,3.0
2.9802936447491186,4.537649192195307,0.9204185106857432,1.5
6.355078620251328,-0.8995047438863677,-3.166791985316289,3.0
7.83528800148124,0.31862848369596786,-2.1825293249691606,3.0
9.315497382711152,1.5367617112783034,-1.198266664622033,1.5
2.324070289947401,2.2201746345938034,1.7921118366652773,3.0
2.65218196734826,3.378911913394555,1.3562651736755102,3.0
2.9802936447491186,4.537649192195307,0.9204185106857432,1.5
6.355078620251328,-0.8995047438863677,-3.166791985316289,3.0
7.83528800148124,0.31862848369596786,-2.1825293249691606,3.0
9.315497382711152,1.5367617112783034,-1.198266664622033,1.5
2.324070289947401,2.2201746345938034,1.7921118366652773,3.0
2.65218196734826,3.378911913394555,1.3562651736755102,3.0
2.9802936447491186,4.537649192195307,0.9204185106857432,1.5
6.355078620251328,-0.8995047438863677,-3.166791985316289,3.0
7.83528800148124,0.31862848369596786,-2.1825293249691606,3.0
9.315497382711152,1.5367617112783034,-1.198266664622033,1.5
2.324070289947401,2.2201746345938034,1.7921118366652773,3.0
2.65218196734826,3.378911913394555,1.3562651736755102,3.0
2.9802936447491186,4.537649192195307,0.9204185106857432,1.5
6.355078620251328,-0.8995047438863677,-3.166791985316289,3.0
7.83528800148124,0.31862848369596786,-2.1825293249691606,3.0
9.315497382711152,1.5367617112783034,-1.198266664622033,1.5
2.324070289947401,2.2201746345938034,1.7921118366652773,3.0
2.65218196734826,3.378911913394555,1.3562651736755102,3.0
2.9802936447491186,4.537649192195307,0.9204185106857432,1.5
6.355078620251328,-0.8995047438863677,-3.166791985316289,3.0
7.83528800148124,0.31862848369596786,-2.1825293249691606,3.0
9.315497382711152,1.5367617112783034,-1.198266664622033,1.5
2.324070289947401,2.2201746345938034,1.7921118366652773,3.0
2.65218196734826,3.378911913394555,1.3562651736755102,3.0
2.9802936447491186,4.537649192195307,0.9204185106857432,1.5
6.355078620251328,-0.8995047438863677,-3.166791985316289,3.0
7.83528800148124,0.31862848369596786,-2.1825293249691606,3.0
9.315497382711152,1.5367617112783034,-1.198266664622033,1.5
2.3450133741765606,2.2480436736387865,1.7469459122967845,3.0
2.6823014511472927,3.4602112554499964,1.306898820157604,3.0
3.0195895281180247,4.672378837261206,0.8668517280184233,1.5
6.355078620251328,-0.8995047438863677,-3.166791985316289,3.0
7.83528800148124,0.31862848369596786,-2.1825293249691606,3.0
9.315497382711152,1.5367617112783034,-1.198266664622033,1.5
2.3450133741765606,2.2480436736387865,1.7469459122967845,3.0
2.6823014511472927,3.4602112554499964,1.306898820157604,3.0
3.0195895281180247,4.672378837261206,0.8668517280184233,1.5
6.355078620251328,-0.8995047438863677,-3.166791985316289,3.0
7.83528800148124,0.31862848369596786,-2.1825293249691606,3.0
9.315497382711152,1.5367617112783034,-1.198266664622033,1.5
2.3450133741765606,2.2480436736387865,1.7469459122967845,3.0
2.6823014511472927,3.4602112554499964,1.306898820157604,3.0
3.0195895281180247,4.672378837261206,0.8668517280184233,1.5
6.355078620251328,-0.8995047438863677,-3.166791985316289,3.0
7.83528800148124,0.31862848369596786,-2.1825293249691606,3.0
9.315497382711152,1.5367617112783034,-1.198266664622033,1.5
2.3450133741765606,2.2480436736387865,1.7469459122967845,3.0
2.6823014511472927,3.4602112554499964,1.306898820157604,3.0
3.0195895281180247,4.672378837261206,0.8668517280184233,1.5
6.355078620251328,-0.8995047438863677,-3.166791985316289,3.0
7.83528800148124,0.31862848369596786,-2.1825293249691606,3.0
9.315497382711152,1.5367617112783034,-1.198266664622033,1.5
2.3450133741765606,2.2480436736387865,1.7469459122967845,3.0
2.6823014511472927,3.4602112554499964,1.306898820157604,3.0
3.0195895281180247,4.672378837261206,0.8668517280184233,1.5
6.355078620251328,-0.8995047438863677,-3.166791985316289,3.0
7.83528800148124,0.31862848369596786,-2.1825293249691606,3.0
9.315497382711152,1.5367617112783034,-1.198266664622033,1.5
2.367063484477381,2.2843508171934017,1.6994852078458078,3.0
2.713551953386723,3.549105459665335,1.2560377409820667,3.0
3.0600404222960655,4.8138601021372684,0.8125902741183255,1.5
6.355078620251328,-0.8995047438863677,-3.166791985316289,3.0
7.83528800148124,0.31862848369596786,-2.1825293249691606,3.0
9.315497382711152,1.5367617112783034,-1.198266664622033,1.5
2.367063484477381,2.2843508171934017,1.6994852078458078,3.0
2.713551953386723,3.549105459665335,1.2560377409820667,3.0
3.0600404222960655,4.8138601021372684,0.8125902741183255,1.5
6.355078620251328,-0.8995047438863677,-3.166791985316289,3.0
7.83528800148124,0.31862848369596786,-2.1825293249691606,3.0
9.315497382711152,1.5367617112783034,-1.198266664622033,1.5
2.367063484477381,2.2843508171934017,1.6994852078458078,3.0
2.713551953386723,3.549105459665335,1.2560377409820667,3.0
3.0600404222960655,4.8138601021372684,0.8125902741183255,1.5
6.355078620251328,-0.8995047438863677,-3.166791985316289,3.0
7.83528800148124,0.31862848369596786,-2.1825293249691606,3.0
9.315497382711152,1.5367617112783034,-1.198266664622033,1.5
2.367063484477381,2.2843508171934017,1.6994852078458078,3.0
2.713551953386723,3.549105459665335,1.2560377409820667,3.0
3.0600404222960655,4.8138601021372684,0.8125902741183255,1.5
6.355078620251328,-0.8995047438863677,-3.166791985316289,3.0
7.83528800148124,0.31862848369596786,-2.1825293249691606,3.0
9.315497382711152,1.5367617112783034,-1.198266664622033,1.5
2.367063484477381,2.2843508171934017,1.6994852078458078,3.0
2.713551953386723,3.549105459665335,1.2560377409820667,3.0
3.0600404222960655,4.8138601021372684,0.8125902741183255,1.5
6.355078620251328,-0.8995047438863677,-3.166791985316289,3.0
7.83528800148124,0.31862848369596786,-2.1825293249691606,3.0
9.315497382711152,1.5367617112783034,-1.198266664622033,1.5
2.390093236845841,2.3301127608274106,1.649965429877894,3.0
2.7458584689755856,3.6461067832520433,1.2038702141967814,3.0
3.1016237011053303,4.962100805676676,0.7577749985156688,1.5
6.639611555466189,-0.7214481568751219,-3.034508025912638,3.0
8.073412265642354,0.4839730591922513,-2.0552535882177123,3.0
9.507212975818518,1.6893942752596245,-1.0759991505227864,1.5
2.414139697725088,2.386098250301875,1.5982639298261465,3.0
2.779244590587318,3.7515580409487788,1.1503795545085032,3.0
3.144349483449548,5.117017831595683,0.7024951791908597,1.5
6.947760087003001,-0.51491377670064,-2.8773534662555726,3.0
8.321611235630922,0.6639160924908813,-1.9148836475734514,3.0
9.695462384258843,1.8427459616824027,-0.9524138288913302,1.5
2.4392645602308396,2.4529974119655735,1.5441168990973213,3.0
2.813749063417115,3.8657300200661924,1.0954725405230772,3.0
3.1882335666033907,5.278462628166811,0.646828181948833,1.5
7.280743727566332,-0.27738672631979777,-2.6929813852952815,3.0
8.579769204838406,0.8590201789814003,-1.7608271138824971,3.0
9.878794682110481,1.9954270842825983,-0.8286728424697131,1.5
2.465502344919022,2.531559343948052,1.487286429568984,3.0
2.8493935008348794,3.9888983836606435,1.0390764851277194,3.0
3.2332846567507367,5.446237423373235,0.5908665406864549,1.5
-1.0,3.0,-3.0,3.591507182697215
