9.360723270736779,1.4699055951828144,-1.273923075395214,3.0
10.010142649203631,2.0768796655393387,-0.7684253560937899,3.0
10.659562027670484,2.683853735895863,-0.26292763679236586,1.5
2.7578148795057644,3.9438597365861856,0.8592773053801057,3.0
3.224633191391949,5.561019638765764,0.47910847671742884,3.0
3.691451503278133,7.178179540945342,0.098939648054752,1.5
9.360723270736779,1.4699055951828144,-1.273923075395214,3.0
10.010142649203631,2.0768796655393387,-0.7684253560937899,3.0
10.659562027670484,2.683853735895863,-0.26292763679236586,1.5
2.7578148795057644,3.9438597365861856,0.8592773053801057,3.0
3.224633191391949,5.561019638765764,0.47910847671742884,3.0
3.691451503278133,7.178179540945342,0.098939648054752,1.5
9.360723270736779,1.4699055951828144,-1.273923075395214,3.0
10.010142649203631,2.0768796655393387,-0.7684253560937899,3.0
10.659562027670484,2.683853735895863,-0.26292763679236586,1.5
2.7578148795057644,3.9438597365861856,0.8592773053801057,3.0
3.224633191391949,5.561019638765764,0.47910847671742884,3.0
3.691451503278133,7.178179540945342,0.098939648054752,1.5
9.360723270736779,1.4699055951828144,-1.273923075395214,3.0
10.010142649203631,2.0768796655393387,-0.7684253560937899,3.0
10.659562027670484,2.683853735895863,-0.26292763679236586,1.5
2.7578148795057644,3.9438597365861856,0.8592773053801057,3.0
3.224633191391949,5.561019638765764,0.47910847671742884,3.0
3.691451503278133,7.178179540945342,0.098939648054752,1.5
9.360723270736779,1.4699055951828144,-1.273923075395214,3.0
10.010142649203631,2.0768796655393387,-0.7684253560937899,3.0
10.659562027670484,2.683853735895863,-0.26292763679236586,1.5
2.7578148795057644,3.9438597365861856,0.8592773053801057,3.0
3.224633191391949,5.561019638765764,0.47910847671742884,3.0
3.691451503278133,7.178179540945342,0.098939648054752,1.5
9.360723270736779,1.4699055951828144,-1.273923075395214,3.591507182697215
10.010142649203631,2.0768796655393387,-0.7684253560937899,3.591507182697215
10.659562027670484,2.683853735895863,-0.26292763679236586,2.091507182697215
2.7966563428150666,4.2034673941841465,0.7798079645150165,3.591507182697215
3.272389132461533,5.793441210481147,0.41433360312201395,3.591507182697215
3.748121922107999,7.383415026778147,0.048859241729011356,2.091507182697215
9.360723270736779,1.4699055951828144,-1.273923075395214,3.591507182697215
10.010142649203631,2.0768796655393387,-0.7684253560937899,3.591507182697215
10.659562027670484,2.683853735895863,-0.26292763679236586,2.091507182697215
2.7966563428150666,4.2034673941841465,0.7798079645150165,3.591507182697215
3.272389132461533,5.793441210481147,0.41433360312201395,3.591507182697215
3.748121922107999,7.383415026778147,0.048859241729011356,2.091507182697215
9.360723270736779,1.4699055951828144,-1.273923075395214,3.591507182697215
10.010142649203631,2.0768796655393387,-0.7684253560937899,3.591507182697215
10.659562027670484,2.683853735895863,-0.26292763679236586,2.091507182697215
2.7966563428150666,4.2034673941841465,0.7798079645150165,3.591507182697215
3.272389132461533,5.793441210481147,0.41433360312201395,3.591507182697215
3.748121922107999,7.383415026778147,0.048859241729011356,2.091507182697215
9.360723270736779,1.4699055951828144,-1.273923075395214,3.591507182697215
10.010142649203631,2.0768796655393387,-0.7684253560937899,3.591507182697215
10.659562027670484,2.683853735895863,-0.26292763679236586,2.091507182697215
2.7966563428150666,4.2034673941841465,0.7798079645150165,3.591507182697215
3.272389132461533,5.793441210481147,0.41433360312201395,3.591507182697215
3.748121922107999,7.383415026778147,0.048859241729011356,2.091507182697215
9.360723270736779,1.4699055951828144,-1.273923075395214,3.591507182697215
10.010142649203631,2.0768796655393387,-0.7684253560937899,3.591507182697215
10.659562027670484,2.683853735895863,-0.26292763679236586,2.091507182697215
2.7966563428150666,4.2034673941841465,0.7798079645150165,3.591507182697215
3.272389132461533,5.793441210481147,0.41433360312201395,3.591507182697215
3.748121922107999,7.383415026778147,0.048859241729011356,2.091507182697215
9.360723270736779,1.4699055951828144,-1.273923075395214,3.591507182697215
10.010142649203631,2.0768796655393387,-0.7684253560937899,3.591507182697215
10.659562027670484,2.683853735895863,-0.26292763679236586,2.091507182697215
2.7966563428150666,4.2034673941841465,0.7798079645150165,3.591507182697215
3.272389132461533,5.793441210481147,0.41433360312201395,3.591507182697215
3.748121922107999,7.383415026778147,0.048859241729011356,2.091507182697215
9.360723270736779,1.4699055951828144,-1.273923075395214,3.591507182697215
10.010142649203631,2.0768796655393387,-0.7684253560937899,3.591507182697215
10.659562027670484,2.683853735895863,-0.26292763679236586,2.091507182697215
2.7966563428150666,4.2034673941841465,0.7798079645150165,3.591507182697215
3.272389132461533,5.793441210481147,0.41433360312201395,3.591507182697215
3.748121922107999,7.383415026778147,0.048859241729011356,2.091507182697215
9.360723270736779,1.4699055951828144,-1.273923075395214,3.591507182697215
10.010142649203631,2.0768796655393387,-0.7684253560937899,3.591507182697215
10.659562027670484,2.683853735895863,-0.26292763679236586,2.091507182697215
2.7966563428150666,4.2034673941841465,0.7798079645150165,3.591507182697215
3.272389132461533,5.793441210481147,0.41433360312201395,3.591507182697215
3.748121922107999,7.383415026778147,0.048859241729011356,2.091507182697215
9.360723270736779,1.4699055951828144,-1.273923075395214,3.591507182697215
10.010142649203631,2.0768796655393387,-0.7684253560937899,3.591507182697215
10.659562027670484,2.683853735895863,-0.26292763679236586,2.091507182697215
2.7966563428150666,4.2034673941841465,0.7798079645150165,3.591507182697215
3.272389132461533,5.793441210481147,0.41433360312201395,3.591507182697215
3.748121922107999,7.383415026778147,0.048859241729011356,2.091507182697215
9.360723270736779,1.4699055951828144,-1.273923075395214,3.591507182697215
10.010142649203631,2.0768796655393387,-0.7684253560937899,3.591507182697215
10.659562027670484,2.683853735895863,-0.26292763679236586,2.091507182697215
2.7966563428150666,4.2034673941841465,0.7798079645150165,3.591507182697215
3.272389132461533,5.793441210481147,0.41433360312201395,3.591507182697215
3.748121922107999,7.383415026778147,0.048859241729011356,2.091507182697215
9.360723270736779,1.4699055951828144,-1.273923075395214,3.591507182697215
10.010142649203631,2.0768796655393387,-0.7684253560937899,3.591507182697215
10.659562027670484,2.683853735895863,-0.26292763679236586,2.091507182697215
2.8367134268622722,4.48919804425435,0.6995212330077618,3.591507182697215
3.321316578434687,6.038384236544432,0.34994767667892485,3.591507182697215
3.805919730007102,7.587570428834513,0.00037412035008787967,2.091507182697215
9.868178770181938,1.9492473671413064,-0.8738560198716705,3.591507182697215
10.320907262109163,2.369548420284784,-0.5243136119230023,3.591507182697215
10.773635754036388,2.7898494734282613,-0.1747712039743341,2.091507182697215
2.877898285699214,4.802691153682946,0.6187944214828218,3.591507182697215
3.3713670974136725,6.295955362432793,0.2862242229061116,3.591507182697215
3.864835909128131,7.789219571182641,-0.04634597567059861,2.091507182697215
10.338965277715916,2.391449741751936,-0.5051918660188208,3.591507182697215
10.60337916662955,2.6348698450511616,-0.3031151196112925,3.591507182697215
10.867793055543183,2.878289948350387,-0.10103837320376417,2.091507182697215
2.920098441217163,5.145611101309123,0.5380262846817481,3.591507182697215
3.4224795502191943,6.566185296672127,0.2234407592025808,3.591507182697215
3.9248606592212254,7.986759492035131,-0.09114476627658644,2.091507182697215
10.695352278696658,2.7274023123509767,-0.22487583179869983,3.591507182697215
10.817211367217995,2.836441387410586,-0.13492549907921988,3.591507182697215
10.939070455739332,2.9454804624701953,-0.044975166359739964,2.091507182697215
2.963212666375215,5.519678094146663,0.4576739916996933,3.591507182697215
3.4746004916532236,6.849040014536655,0.16189802636610168,3.591507182697215
3.9859883169312322,8.178401934926647,-0.13387793896748995,2.091507182697215
10.92135858451955,2.9367038553706255,-0.050893885708269096,3.591507182697215
10.95281515071173,2.9620223132223753,-0.030536331424961455,3.591507182697215
10.98427171690391,2.987340771074125,-0.010178777141653819,2.091507182697215
3.007166263056516,5.9266784715586915,0.37827031896658425,3.591507182697215
3.5276937844249128,7.144420998269123,0.10192883057612681,3.591507182697215
4.04822130579331,8.362163524979554,-0.1744126578143306,2.091507182697215
-1.0,3.0,-3.0,3.591507182697215
