4.924166037950564,-1.537564836215112,-3.571673943228433,3.0
6.447274356068163,-0.4848638123649551,-2.7622511576156192,3.0
7.970382674185761,0.5678372114852017,-1.952828372002806,1.5
-0.5592403309336731,-1.6692180619187684,2.6191890101846553,3.0
0.4989176975628904,0.04876811495810052,2.1681331549476592,3.0
1.5570757260594539,1.7667542918349695,1.7170772997106625,1.5
4.924166037950564,-1.537564836215112,-3.571673943228433,3.0
6.447274356068163,-0.4848638123649551,-2.7622511576156192,3.0
7.970382674185761,0.5678372114852017,-1.952828372002806,1.5
-0.5592403309336731,-1.6692180619187684,2.6191890101846553,3.0
0.4989176975628904,0.04876811495810052,2.1681331549476592,3.0
1.5570757260594539,1.7667542918349695,1.7170772997106625,1.5
4.924166037950564,-1.537564836215112,-3.571673943228433,3.0
6.447274356068163,-0.4848638123649551,-2.7622511576156192,3.0
7.970382674185761,0.5678372114852017,-1.952828372002806,1.5
-0.5592403309336731,-1.6692180619187684,2.6191890101846553,3.0
0.4989176975628904,0.04876811495810052,2.1681331549476592,3.0
1.5570757260594539,1.7667542918349695,1.7170772997106625,1.5
4.924166037950564,-1.537564836215112,-3.571673943228433,3.0
6.447274356068163,-0.4848638123649551,-2.7622511576156192,3.0
7.970382674185761,0.5678372114852017,-1.952828372002806,1.5
-0.3771536880439985,-1.4769377881628418,2.5454302599572056,3.0
0.6577338555401182,0.25057582400975664,2.102324344622274,3.0
1.692621399124235,1.978089436182355,1.6592184292873426,1.5
4.924166037950564,-1.537564836215112,-3.571673943228433,3.0
6.447274356068163,-0.4848638123649551,-2.7622511576156192,3.0
7.970382674185761,0.5678372114852017,-1.952828372002806,1.5
-0.3771536880439985,-1.4769377881628418,2.5454302599572056,3.0
0.6577338555401182,0.25057582400975664,2.102324344622274,3.0
1.692621399124235,1.978089436182355,1.6592184292873426,1.5
4.924166037950564,-1.537564836215112,-3.571673943228433,3.0
6.447274356068163,-0.4848638123649551,-2.7622511576156192,3.0
7.970382674185761,0.5678372114852017,-1.952828372002806,1.5
-0.3771536880439985,-1.4769377881628418,2.5454302599572056,3.0
0.6577338555401182,0.25057582400975664,2.102324344622274,3.0
1.692621399124235,1.978089436182355,1.6592184292873426,1.5
4.924166037950564,-1.537564836215112,-3.571673943228433,3.0
6.447274356068163,-0.4848638123649551,-2.7622511576156192,3.0
7.970382674185761,0.5678372114852017,-1.952828372002806,1.5
-0.3771536880439985,-1.4769377881628418,2.5454302599572056,3.0
0.6577338555401182,0.25057582400975664,2.102324344622274,3.0
1.692621399124235,1.978089436182355,1.6592184292873426,1.5
4.924166037950564,-1.537564836215112,-3.571673943228433,3.0
6.447274356068163,-0.4848638123649551,-2.7622511576156192,3.0
7.970382674185761,0.5678372114852017,-1.952828372002806,1.5
-0.18215239425776386,-1.2592402339474957,2.472745735329771,3.0
0.8221853590739674,0.46661828806517436,2.037532495616645,3.0
1.8265231124056986,2.1924768100778445,1.602319255903519,1.5
4.924166037950564,-1.537564836215112,-3.571673943228433,3.0
6.447274356068163,-0.4848638123649551,-2.7622511576156192,3.0
7.970382674185761,0.5678372114852017,-1.952828372002806,1.5
-0.18215239425776386,-1.2592402339474957,2.472745735329771,3.0
0.8221853590739674,0.46661828806517436,2.037532495616645,3.0
1.8265231124056986,2.1924768100778445,1.602319255903519,1.5
4.924166037950564,-1.537564836215112,-3.571673943228433,3.0
6.447274356068163,-0.4848638123649551,-2.7622511576156192,3.0
7.970382674185761,0.5678372114852017,-1.952828372002806,1.5
-0.18215239425776386,-1.2592402339474957,2.472745735329771,3.0
0.8221853590739674,0.46661828806517436,2.037532495616645,3.0
1.8265231124056986,2.1924768100778445,1.602319255903519,1.5
4.924166037950564,-1.537564836215112,-3.571673943228433,3.0
6.447274356068163,-0.4848638123649551,-2.7622511576156192,3.0
7.970382674185761,0.5678372114852017,-1.952828372002806,1.5
0.02626464532967021,-1.0141308991937437,2.4017725393501377,3.0
0.9921277026414141,0.6973322679746325,1.9740991475069927,3.0
1.957990759953158,2.4087954351430088,1.5464257556638477,1.5
4.924166037950564,-1.537564836215112,-3.571673943228433,3.0
6.447274356068163,-0.4848638123649551,-2.7622511576156192,3.0
7.970382674185761,0.5678372114852017,-1.952828372002806,1.5
0.02626464532967021,-1.0141308991937437,2.4017725393501377,3.0
0.9921277026414141,0.6973322679746325,1.9740991475069927,3.0
1.957990759953158,2.4087954351430088,1.5464257556638477,1.5
4.924166037950564,-1.537564836215112,-3.571673943228433,3.0
6.447274356068163,-0.4848638123649551,-2.7622511576156192,3.0
7.970382674185761,0.5678372114852017,-1.952828372002806,1.5
0.02626464532967021,-1.0141308991937437,2.4017725393501377,3.0
0.9921277026414141,0.6973322679746325,1.9740991475069927,3.0
1.957990759953158,2.4087954351430088,1.5464257556638477,1.5
4.924166037950564,-1.537564836215112,-3.571673943228433,3.0
6.447274356068163,-0.4848638123649551,-2.7622511576156192,3.0
7.970382674185761,0.5678372114852017,-1.952828372002806,1.5
0.02626464532967021,-1.0141308991937437,2.4017725393501377,3.0
0.9921277026414141,0.6973322679746325,1.9740991475069927,3.0
1.957990759953158,2.4087954351430088,1.5464257556638477,1.5
4.924166037950564,-1.537564836215112,-3.571673943228433,3.0
6.447274356068163,-0.4848638123649551,-2.7622511576156192,3.0
7.970382674185761,0.5678372114852017,-1.952828372002806,1.5
0.02626464532967021,-1.0141308991937437,2.4017725393501377,3.0
0.9921277026414141,0.6973322679746325,1.9740991475069927,3.0
1.957990759953158,2.4087954351430088,1.5464257556638477,1.5
4.924166037950564,-1.537564836215112,-3.571673943228433,3.0
6.447274356068163,-0.4848638123649551,-2.7622511576156192,3.0
7.970382674185761,0.5678372114852017,-1.952828372002806,1.5
0.02626464532967021,-1.0141308991937437,2.4017725393501377,3.0
0.9921277026414141,0.6973322679746325,1.9740991475069927,3.0
1.957990759953158,2.4087954351430088,1.5464257556638477,1.5
4.924166037950564,-1.537564836215112,-3.571673943228433,3.0
6.447274356068163,-0.4848638123649551,-2.7622511576156192,3.0
7.970382674185761,0.5678372114852017,-1.952828372002806,1.5
0.24855965082078768,-0.7395683607749022,2.333168287938949,3.0
1.1673571955642617,0.9430895097492509,1.9123588300155565,3.0
2.0861547403077356,2.625747380273404,1.4915493720921642,1.5
4.924166037950564,-1.537564836215112,-3.571673943228433,3.0
6.447274356068163,-0.4848638123649551,-2.7622511576156192,3.0
7.970382674185761,0.5678372114852017,-1.952828372002806,1.5
0.24855965082078768,-0.7395683607749022,2.333168287938949,3.0
1.1673571955642617,0.9430895097492509,1.9123588300155565,3.0
2.0861547403077356,2.625747380273404,1.4915493720921642,1.5
4.924166037950564,-1.537564836215112,-3.571673943228433,3.0
6.447274356068163,-0.4848638123649551,-2.7622511576156192,3.0
7.970382674185761,0.5678372114852017,-1.952828372002806,1.5
0.24855965082078768,-0.7395683607749022,2.333168287938949,3.0
1.1673571955642617,0.9430895097492509,1.9123588300155565,3.0
2.0861547403077356,2.625747380273404,1.4915493720921642,1.5
4.924166037950564,-1.537564836215112,-3.571673943228433,3.0
6.447274356068163,-0.4848638123649551,-2.7622511576156192,3.0
7.970382674185761,0.5678372114852017,-1.952828372002806,1.5
0.24855965082078768,-0.7395683607749022,2.333168287938949,3.0
1.1673571955642617,0.9430895097492509,1.9123588300155565,3.0
2.0861547403077356,2.625747380273404,1.4915493720921642,1.5
4.924166037950564,-1.537564836215112,-3.571673943228433,3.0
6.447274356068163,-0.4848638123649551,-2.7622511576156192,3.0
7.970382674185761,0.5678372114852017,-1.952828372002806,1.5
0.24855965082078768,-0.7395683607749022,2.333168287938949,3.0
1.1673571955642617,0.9430895097492509,1.9123588300155565,3.0
2.0861547403077356,2.625747380273404,1.4915493720921642,1.5
4.924166037950564,-1.537564836215112,-3.571673943228433,3.0
6.447274356068163,-0.4848638123649551,-2.7622511576156192,3.0
7.970382674185761,0.5678372114852017,-1.952828372002806,1.5
0.48518674502626746,-0.4334353479099695,2.267644058254153,3.0
1.3476259579712804,1.2042054471793424,1.8526547649370149,3.0
2.2100651709162933,2.8418462422686543,1.437665471619877,1.5
5.076314961200712,-1.4976726922841967,-3.5568576998567094,3.0
6.616488954978074,-0.4033118467408209,-2.7081457198646586,3.0
8.156662948755436,0.6910489988025551,-1.8594337398726077,1.5
0.7366182709537563,-0.09351363499251564,2.205994170538701,3.0
1.5326551300126603,1.480946218045832,1.7953534032928287,3.0
2.3286919890715643,3.0554060710841795,1.3847126360469562,1.5
-1.0,3.0,-3.0,3.591507182697215
