-15.409358072944288,12.39381454027211,-4.152925297628398,18.084897379442864
-12.0,17.0,13.0,0.0
-18.68510003480995,9.001273202786251,7.470467553593949,11.800250926473495
-12.0,17.0,13.0,0.0
-12.572746289667993,-11.837171047246047,-8.86665161334582,42.80407343807232
-11.796985745566397,-2.892327526454352,-6.290198202421058,33.45882517440603
-19.011093547750058,1.9559758588622245,-14.808125647208819,34.12535355542365
-19.35295352133626,7.308863740583533,-8.527387240668931,25.86593760469176
-14.541095564426474,-16.01469200596787,3.5366624097436983,43.25042786370496
-16.687609623556625,-12.20115474471343,10.357663177752421,33.285227064427765
-17.278491510068122,-15.272803666125734,-17.68898523649466,85.5935289955528
-18.603537163021198,-7.4776351877534175,-15.12538983985202,40.96605017135376
-17.863250720471548,1.2429046574801106,-6.4605832740682345,27.944856489739635
-19.269837384984925,3.924859977254769,-0.7093515040603364,21.445007471923713
-18.74079088472074,-12.284117013177367,-6.7291953210774835,43.12824170250746
-16.042769051427122,-7.828770764555113,-8.855558187407269,37.50233279395342
-18.603537163021198,-7.4776351877534175,-15.12538983985202,40.96605017135376
-16.69640751059064,-5.469057575780498,-11.971834054657071,36.7076097821531
-17.8096954706675,-2.4281896874098408,-17.657876364643982,39.49055103811326
-19.011093547750058,1.9559758588622245,-14.808125647208819,34.12535355542365
-19.792766252011642,-2.4338581899736234,2.2912546988654015,28.49556694725946
-19.269837384984925,3.924859977254769,-0.7093515040603364,21.445007471923713
-16.042769051427122,-7.828770764555113,-8.855558187407269,37.50233279395342
-17.863250720471548,1.2429046574801106,-6.4605832740682345,27.944856489739635
-17.04879258149786,-14.952793145456758,-18.189576109865442,86.2305215807744
-18.603537163021198,-7.4776351877534175,-15.12538983985202,40.96605017135376
-16.835340997081474,-9.537562583467363,2.4611913027958465,36.29532860036157
-19.792766252011642,-2.4338581899736234,2.2912546988654015,28.49556694725946
-14.247435266340727,-13.878523322340461,2.8801790987322384,41.3664968070751
-16.687609623556625,-12.20115474471343,10.357663177752421,33.285227064427765
-16.554454680814423,-18.000892236005495,-13.525523256024359,Inf
-12.572746289667993,-11.837171047246047,-8.86665161334582,42.80407343807232
-15.475439908335247,-18.101823933542427,-10.257927646034162,Inf
-12.572746289667993,-11.837171047246047,-8.86665161334582,42.80407343807232
-13.067164159337148,-17.541726633092367,-11.675777898435022,Inf
-12.572746289667993,-11.837171047246047,-8.86665161334582,42.80407343807232
-15.45107543208573,-13.558870488969612,-0.3116919688769144,Inf
-16.835340997081474,-9.537562583467363,2.4611913027958465,36.29532860036157
-16.973979954107456,-1.3938346418020302,-11.493080010736918,33.6954408107343
-17.863250720471548,1.2429046574801106,-6.4605832740682345,27.944856489739635
-14.443166893051949,-6.455877787317412,-15.01035249433798,40.35881092509577
-16.973979954107456,-1.3938346418020302,-11.493080010736918,33.6954408107343
-16.69640751059064,-5.469057575780498,-11.971834054657071,36.7076097821531
-17.863250720471548,1.2429046574801106,-6.4605832740682345,27.944856489739635
-15.128612378073178,-4.431968343276083,-15.291249964314018,38.89753009053015
-16.973979954107456,-1.3938346418020302,-11.493080010736918,33.6954408107343
-12.923192044523573,-0.7656280011541128,-1.1887838634782284,29.351361874583326
-19.269837384984925,3.924859977254769,-0.7093515040603364,21.445007471923713
-17.185112564298866,-1.9493745434983545,7.346117025639725,27.263970053782643
-16.678719573427596,-1.708345854110334,11.998508458243169,22.57789763303693
-19.491635401928605,-13.892840346857236,4.85783295132417,39.68620302609244
-16.687609623556625,-12.20115474471343,10.357663177752421,33.285227064427765
-18.551712055619713,8.712695739504195,-6.745955994709503,23.575692620007572
-15.409358072944288,12.39381454027211,-4.152925297628398,18.084897379442864
-19.35295352133626,7.308863740583533,-8.527387240668931,25.86593760469176
-15.409358072944288,12.39381454027211,-4.152925297628398,18.084897379442864
-19.269837384984925,3.924859977254769,-0.7093515040603364,21.445007471923713
-18.68510003480995,9.001273202786251,7.470467553593949,11.800250926473495
-13.529597355859693,10.915808752752998,0.34936537661157274,17.441817546964444
-14.605286895457636,14.617929739061672,2.5101010492547076,13.022362102014226
-12.352904213076874,-8.798230148652886,-4.206378001603266,37.95100139337391
-12.923192044523573,-0.7656280011541128,-1.1887838634782284,29.351361874583326
-16.814353955291086,11.83557577758636,13.299049213932761,7.066732766153922
-12.0,17.0,13.0,0.0
-18.94217453894708,-5.027733441088955,14.568681601218074,24.66700727610894
-18.916888097217424,4.781523001691312,15.660886048562219,14.79710039107908
-19.580972500824004,-19.563134137304175,9.281163388942247,53.281136606477304
-16.687609623556625,-12.20115474471343,10.357663177752421,33.285227064427765
-18.0501104562366,8.535925611285382,18.71043042603838,13.524118612789449
-14.68720948081982,9.998941278073701,19.223209895017995,9.744960719218836
-17.71920959385809,8.124474905862868,15.781241095134149,11.622203097728416
-16.814353955291086,11.83557577758636,13.299049213932761,7.066732766153922
-19.736601596991463,-5.003331627118017,10.078738722740958,27.465953437925855
-16.678719573427596,-1.708345854110334,11.998508458243169,22.57789763303693
-18.916888097217424,4.781523001691312,15.660886048562219,14.79710039107908
-16.814353955291086,11.83557577758636,13.299049213932761,7.066732766153922
-17.72859545678868,-3.2272097938782522,19.18960186911886,23.629069352322965
-18.916888097217424,4.781523001691312,15.660886048562219,14.79710039107908
-13.1221878684845,0.23399116787655316,19.031556115569046,19.63638500861685
-14.68720948081982,9.998941278073701,19.223209895017995,9.744960719218836
-12.081200402316341,-7.2022768422265315,18.239385519673775,27.186833410917387
-13.1221878684845,0.23399116787655316,19.031556115569046,19.63638500861685
-12.760879961503022,-7.6919848515143485,16.367639671620466,28.005858712736277
-13.1221878684845,0.23399116787655316,19.031556115569046,19.63638500861685
-16.678719573427596,-1.708345854110334,11.998508458243169,22.57789763303693
-18.916888097217424,4.781523001691312,15.660886048562219,14.79710039107908
-16.687609623556625,-12.20115474471343,10.357663177752421,33.285227064427765
-18.94217453894708,-5.027733441088955,14.568681601218074,24.66700727610894
-14.68720948081982,9.998941278073701,19.223209895017995,9.744960719218836
-12.0,17.0,13.0,0.0
-13.144736841132163,0.6469814130830187,10.134021901448953,24.290817375451383
-18.916888097217424,4.781523001691312,15.660886048562219,14.79710039107908
-16.550270390701627,18.109075645086044,-19.988851147627837,34.95921034144786
-15.409358072944288,12.39381454027211,-4.152925297628398,18.084897379442864
-14.380665891364055,13.077149770474662,-1.536060432248867,17.357783677995297
-14.605286895457636,14.617929739061672,2.5101010492547076,13.022362102014226
-17.878769344098828,17.10642036295323,18.228047201081438,7.867892464408922
-12.0,17.0,13.0,0.0
-17.860149637603513,14.726957622189126,0.1545777396028747,15.38659233151144
-14.998632101723075,18.796187085057284,7.7160029334414375,6.335511623019109
-14.505895460355225,16.800870052708767,-0.2424697578501238,14.555083815983904
-14.998632101723075,18.796187085057284,7.7160029334414375,6.335511623019109
-14.605286895457636,14.617929739061672,2.5101010492547076,13.022362102014226
-14.998632101723075,18.796187085057284,7.7160029334414375,6.335511623019109
-18.34023735221427,19.248884958277642,-8.625366356624635,23.748015939299897
-14.144316940536283,19.290437974479545,-0.42788125023984946,14.538985761062241
-14.594157980984432,18.60672535263889,2.758150856934787,11.313442144322071
-14.998632101723075,18.796187085057284,7.7160029334414375,6.335511623019109
-17.008799269449646,18.287108376077057,2.5136783665646263,11.935878938943382
-14.998632101723075,18.796187085057284,7.7160029334414375,6.335511623019109
-14.998632101723075,18.796187085057284,7.7160029334414375,6.335511623019109
-12.0,17.0,13.0,0.0
-14.144316940536283,19.290437974479545,-0.42788125023984946,14.538985761062241
-14.998632101723075,18.796187085057284,7.7160029334414375,6.335511623019109
11.209837474971422,-10.8804634065985,-14.167346905066065,45.321976272460454
-12.0,17.0,13.0,0.0
13.315556317019066,-14.190584616970119,-6.498382215234466,53.93614911046355
11.209837474971422,-10.8804634065985,-14.167346905066065,45.321976272460454
17.467489691339722,-18.380959803211905,-18.240684466209096,55.90534701828848
11.209837474971422,-10.8804634065985,-14.167346905066065,45.321976272460454
8.478512469419002,-14.243481774584348,-13.386160709514057,49.724280294388876
11.209837474971422,-10.8804634065985,-14.167346905066065,45.321976272460454
-1.7820925739437676,-16.113067749374057,-8.428361965582196,54.04520306905067
-1.9825009232871693,-7.144994099837554,-6.392928908632909,37.489298952934014
4.721523033725514,-16.56689571282716,-9.276071395604388,55.23955222484221
11.209837474971422,-10.8804634065985,-14.167346905066065,45.321976272460454
-7.490859304584845,-14.858950504881747,-11.267588506032338,52.614275205959984
-12.572746289667993,-11.837171047246047,-8.86665161334582,42.80407343807232
-1.9939866319041855,-15.22616676823401,-10.502748529227386,Inf
-1.9825009232871693,-7.144994099837554,-6.392928908632909,37.489298952934014
-8.093824211497633,-15.584174604082435,-18.120032408609077,Inf
-10.505873766472105,-13.497548832929755,-17.425560384804946,Inf
-4.437658262964197,-14.30374975308812,-16.263818456041605,Inf
-6.459563508948518,-7.063161829073765,-17.083697454498854,44.9232631496757
9.331368390368482,-16.61073918290147,-15.029719275597913,Inf
11.209837474971422,-10.8804634065985,-14.167346905066065,45.321976272460454
8.80520893334019,-13.319721073724455,-11.300706827298601,49.788500841442804
4.7888210131001046,-6.342209323338457,-5.847195214930423,37.16658281157454
0.3875255585331594,-13.926917969978279,-13.34889790695903,56.34906195539968
-1.9825009232871693,-7.144994099837554,-6.392928908632909,37.489298952934014
-9.49827648929892,-11.27541671418597,-17.08514212994111,Inf
-14.443166893051949,-6.455877787317412,-15.01035249433798,40.35881092509577
-0.7301762350746621,-14.073031675108938,-12.121080158710118,Inf
-1.9825009232871693,-7.144994099837554,-6.392928908632909,37.489298952934014
-10.505873766472105,-13.497548832929755,-17.425560384804946,Inf
-14.443166893051949,-6.455877787317412,-15.01035249433798,40.35881092509577
-8.47266444094613,-14.156497028544841,-18.519467160068615,Inf
-9.49827648929892,-11.27541671418597,-17.08514212994111,Inf
-3.8401939701887073,-12.404662368998567,-11.870348120209204,Inf
-4.209068878225555,-5.633714757798671,-7.418001940220673,37.107622093631164
8.157059268552977,-13.670258079426496,-11.14880132946718,Inf
4.7888210131001046,-6.342209323338457,-5.847195214930423,37.16658281157454
-11.933094951480676,-12.799308943829777,-8.158533565323278,43.473888895722226
-11.362415844166378,-6.481370725238609,-4.894011664273448,36.33952689061665
18.966696477858974,-18.68378616371657,-8.394013420398023,61.400575607062756
13.315556317019066,-14.190584616970119,-6.498382215234466,53.93614911046355
5.757411763879922,-13.442977941511964,8.584829008945398,38.86043003561763
4.197775225234501,-8.326731903430984,10.379350660183402,33.21873280768886
-5.904016756354524,-16.156469990431024,6.847942748080058,52.01384177033463
-4.547156010405624,-13.753151965068646,2.7024272115019876,40.64183696541281
2.6620398302405164,-18.56501702728074,-2.699329958328505,52.93130854211569
0.4645036549021313,-9.242751193282084,-0.09630323651677486,36.05045671662042
-11.125290347433339,-17.68886754355335,-6.112129033890508,52.354643986382065
-12.352904213076874,-8.798230148652886,-4.206378001603266,37.95100139337391
-4.141550903844378,-18.641764100597555,12.591905237264484,45.496614881465376
-3.0775882797759913,-13.922007088787778,13.825744999056013,38.971546420878234
-8.496215771326376,-19.669993229116525,5.985158396814725,Inf
-4.547156010405624,-13.753151965068646,2.7024272115019876,40.64183696541281
1.0050354912717019,-17.258135008637787,5.245762641349323,Inf
0.4645036549021313,-9.242751193282084,-0.09630323651677486,36.05045671662042
3.8735989228180827,-17.06520358205779,11.2477041777192,45.36209380113438
0.9377674525330626,-7.598261547274259,12.220374104790572,31.310602938580903
5.5874765607788675,-17.178903720972876,2.7517297120080215,Inf
5.757411763879922,-13.442977941511964,8.584829008945398,38.86043003561763
-4.547156010405624,-13.753151965068646,2.7024272115019876,40.64183696541281
-0.1085044807193647,-5.435351513887765,3.777157695504741,30.20564996056175
-0.8646704167936718,-12.973006722441145,-4.948171379864457,49.26886836760739
0.4645036549021313,-9.242751193282084,-0.09630323651677486,36.05045671662042
-4.480573498010374,-14.48804769910236,-5.265104145005122,51.8764785071945
0.4645036549021313,-9.242751193282084,-0.09630323651677486,36.05045671662042
-11.150883580405928,-10.905708305990212,15.26326177619434,31.766145580104226
-12.760879961503022,-7.6919848515143485,16.367639671620466,28.005858712736277
-3.0775882797759913,-13.922007088787778,13.825744999056013,38.971546420878234
0.9377674525330626,-7.598261547274259,12.220374104790572,31.310602938580903
1.2008640624332045,-12.749814436325657,15.373516762678761,37.35626465718781
0.9377674525330626,-7.598261547274259,12.220374104790572,31.310602938580903
8.947680652483221,-10.97096844856253,-3.8407032732901243,52.43858424245843
7.560631040247365,-3.462043203565159,-1.3806325500290129,33.12175365964955
19.007703413642965,-12.65575322009413,-5.141495744063249,59.98572652397664
13.315556317019066,-14.190584616970119,-6.498382215234466,53.93614911046355
11.002289072844356,-12.58464935457047,14.031246210217844,45.39319642260152
8.366160527988775,-4.376809333153124,13.038423772014369,32.00486687453788
10.048648904904312,-14.98166213826785,13.66108032997598,Inf
4.197775225234501,-8.326731903430984,10.379350660183402,33.21873280768886
5.762896607314634,-16.336437947600125,17.15782081535788,Inf
-0.5255687890007898,-9.106991496378125,16.477568949196495,33.34023944977385
10.547275106927838,-15.706609966642349,6.2508955676326465,Inf
11.333824168605425,-9.698927119402505,6.792021875945451,37.88053305677551
12.0,-12.0,13.0,40.44994245961727
8.366160527988775,-4.376809333153124,13.038423772014369,32.00486687453788
13.89784594356665,-15.262433244237599,4.56083583163916,Inf
11.333824168605425,-9.698927119402505,6.792021875945451,37.88053305677551
18.2063722896291,-16.14299063205822,8.33653953479373,Inf
11.333824168605425,-9.698927119402505,6.792021875945451,37.88053305677551
14.56451957452039,-11.930562278304526,15.82319015317018,Inf
10.33140828244538,-9.717677389000619,13.15824072712359,37.697091960486304
16.70058322762273,-11.419717226053843,-2.5837021668305766,Inf
14.97633183063651,-5.50718596466198,-4.6518641445916575,54.721960633662235
4.214803597233406,-7.403294631615758,-5.137590897641493,37.76935314325369
4.1913474453601225,-3.350491379647149,-3.8363940934508562,33.51272566208225
17.62545926099022,17.187703326504575,-6.154559371680204,40.36880705613349
9.086244922182793,17.141015483584134,-4.58188728369521,31.68585486375687
-8.818501265825898,6.551850265598141,-9.46057164838738,28.367846850447325
-15.409358072944288,12.39381454027211,-4.152925297628398,18.084897379442864
-5.998248883062072,6.325604751588703,-18.93542362434383,38.25611416587627
-8.818501265825898,6.551850265598141,-9.46057164838738,28.367846850447325
13.276338070319909,3.675690727211112,-18.955449189163698,Inf
10.168350859984898,5.644540824345228,-15.36505158187194,Inf
17.487897659397532,-7.051274348713603,-10.380739381632447,53.59331987896272
11.209837474971422,-10.8804634065985,-14.167346905066065,45.321976272460454
12.066373379650628,3.0921917295852275,-5.205795758697311,38.62686406677258
11.926134404671362,6.22687974722826,-4.966275168846703,35.479912200121234
12.887318524181659,-7.8453150950563355,-8.835058648605196,51.68274399290955
4.7888210131001046,-6.342209323338457,-5.847195214930423,37.16658281157454
-7.578255115279884,2.7041822657423538,-11.943957005149102,33.112313351671354
-8.818501265825898,6.551850265598141,-9.46057164838738,28.367846850447325
-7.796455143379806,-10.691850420159401,-17.848425721919526,60.40950005164517
-14.443166893051949,-6.455877787317412,-15.01035249433798,40.35881092509577
-11.465724162104634,-0.09668335103552295,-18.808400954694466,41.48356502210386
-7.578255115279884,2.7041822657423538,-11.943957005149102,33.112313351671354
-7.807405781714465,-0.4095618540641439,-11.47547437219175,35.68518282497834
-8.623584247847198,5.669300344095927,-5.356922203246111,26.615504539779156
-10.142333726288975,-2.015745992699067,-16.661685592790363,40.26138216620348
-7.578255115279884,2.7041822657423538,-11.943957005149102,33.112313351671354
6.368956316200631,0.8251527706020845,-15.705655745549105,Inf
6.080564145813412,2.8585182458517266,-7.162880783974712,33.4220743302538
-5.829383641135939,-0.0968930776183825,-11.401923490902464,35.91168269135975
-8.623584247847198,5.669300344095927,-5.356922203246111,26.615504539779156
12.274187971568082,-1.0277779354508887,-14.64150952022548,Inf
13.488886643773263,4.050636217438736,-6.252395058098674,38.45183663242066
-6.459563508948518,-7.063161829073765,-17.083697454498854,44.9232631496757
-7.807405781714465,-0.4095618540641439,-11.47547437219175,35.68518282497834
-3.2550324126155132,-2.5324929013396797,-13.993995017373848,39.20532546617236
-1.7113441100984588,1.6588463923693553,-7.072436489250915,30.73869749589884
0.5788934707551903,-1.3935051355313561,-18.54186560495135,Inf
-3.2550324126155132,-2.5324929013396797,-13.993995017373848,39.20532546617236
1.209868668255325,-3.8894127877309543,-14.7181142243765,Inf
-1.7113441100984588,1.6588463923693553,-7.072436489250915,30.73869749589884
14.374733256700551,-3.992241456087111,-17.53825797642766,Inf
11.209837474971422,-10.8804634065985,-14.167346905066065,45.321976272460454
3.6046357125651163,-2.671004949393989,-9.226651045383294,37.54165895227625
-1.0920191777615074,-1.5662472710762287,-6.180999920269832,31.835955887575466
-3.9406613199183127,1.1817913409470648,-9.961451350277803,34.569697953829916
-1.7113441100984588,1.6588463923693553,-7.072436489250915,30.73869749589884
-1.9825009232871693,-7.144994099837554,-6.392928908632909,37.489298952934014
-1.0920191777615074,-1.5662472710762287,-6.180999920269832,31.835955887575466
-4.209068878225555,-5.633714757798671,-7.418001940220673,37.107622093631164
-1.0920191777615074,-1.5662472710762287,-6.180999920269832,31.835955887575466
-11.796985745566397,-2.892327526454352,-6.290198202421058,33.45882517440603
-11.224735677190338,3.1180025792220505,-1.5736999014290376,25.797435330310044
-2.3379792996212956,-0.7882407277815595,-7.426725104021239,32.348763924711434
-0.9936060489861909,4.425947587667309,-0.5294146113003251,23.598450144109925
4.7888210131001046,-6.342209323338457,-5.847195214930423,37.16658281157454
4.1913474453601225,-3.350491379647149,-3.8363940934508562,33.51272566208225
-1.4372787734095667,-8.435215522061279,-6.092325521763753,38.714167295374594
-1.0920191777615074,-1.5662472710762287,-6.180999920269832,31.835955887575466
6.080564145813412,2.8585182458517266,-7.162880783974712,33.4220743302538
-0.9936060489861909,4.425947587667309,-0.5294146113003251,23.598450144109925
-1.0920191777615074,-1.5662472710762287,-6.180999920269832,31.835955887575466
-0.9936060489861909,4.425947587667309,-0.5294146113003251,23.598450144109925
-1.7113441100984588,1.6588463923693553,-7.072436489250915,30.73869749589884
-0.9936060489861909,4.425947587667309,-0.5294146113003251,23.598450144109925
-8.623584247847198,5.669300344095927,-5.356922203246111,26.615504539779156
-13.529597355859693,10.915808752752998,0.34936537661157274,17.441817546964444
10.168350859984898,5.644540824345228,-15.36505158187194,Inf
6.080564145813412,2.8585182458517266,-7.162880783974712,33.4220743302538
-6.345375520841721,5.683520830583895,-7.994513167931814,30.100805577427344
-8.623584247847198,5.669300344095927,-5.356922203246111,26.615504539779156
-1.3315160243689377,4.925572169189401,-11.840910954217536,36.390673264095646
-8.818501265825898,6.551850265598141,-9.46057164838738,28.367846850447325
13.488886643773263,4.050636217438736,-6.252395058098674,38.45183663242066
11.926134404671362,6.22687974722826,-4.966275168846703,35.479912200121234
1.4169397459260864,7.199239318017359,-13.375744627643398,37.82314683567613
0.772959750674616,8.514120158830146,-8.459429382436934,32.69345118680278
11.207554858985162,10.000084993397877,-13.687031588315106,40.913075490053515
6.629469078969834,13.710517581594274,-5.9095797671412775,31.15526137871646
0.3843663071205228,14.60870080580306,-13.428312432095302,33.87108935867643
-4.728086440940844,15.217193602551518,-8.401961413183852,26.675838067014183
-9.454775776651063,10.614224218474575,-15.787707992632303,35.91373193470349
-8.818501265825898,6.551850265598141,-9.46057164838738,28.367846850447325
-2.4533812208771977,6.9056263498262815,-18.604866594003397,40.12382974863259
-4.402523310336113,12.244354409251905,-12.848503839492809,32.03452295886899
-9.652977491923886,9.064575659149156,-16.85536520053717,36.222343088541464
-8.818501265825898,6.551850265598141,-9.46057164838738,28.367846850447325
-0.8685525685060398,9.938935215586604,-16.114345856975334,37.370217004237944
-4.402523310336113,12.244354409251905,-12.848503839492809,32.03452295886899
10.339388310043411,15.156953580644597,-17.364090608864544,55.926550131520756
6.090754666639704,12.886032224346849,-10.19408201760787,35.386016515002495
-5.760519592885629,15.635304338278246,-19.163449610306216,37.76896311756828
-4.271399911839895,14.906061714822378,-14.854616112582955,33.152111556228604
4.455917133326999,18.357705066062103,-14.553510194465957,39.518976492664414
0.3843663071205228,14.60870080580306,-13.428312432095302,33.87108935867643
-7.1572248678978045,17.242954144634183,-15.382379254555927,34.339430730466724
-4.728086440940844,15.217193602551518,-8.401961413183852,26.675838067014183
-0.7862238625456186,15.046048027988881,-15.75171038734263,35.017683269233714
-4.728086440940844,15.217193602551518,-8.401961413183852,26.675838067014183
-4.271399911839895,14.906061714822378,-14.854616112582955,33.152111556228604
-4.728086440940844,15.217193602551518,-8.401961413183852,26.675838067014183
12.712219788432073,17.45199434798141,-17.955890441071816,58.25259706769455
7.129561599594574,17.903272790647904,-12.152003473374506,38.69164927348234
11.675548452521191,16.399012831976535,-18.962459956570665,Inf
7.129561599594574,17.903272790647904,-12.152003473374506,38.69164927348234
1.9676369603374688,6.996401731049513,-5.398037740722295,29.849824860109724
-0.9936060489861909,4.425947587667309,-0.5294146113003251,23.598450144109925
0.772959750674616,8.514120158830146,-8.459429382436934,32.69345118680278
-0.9936060489861909,4.425947587667309,-0.5294146113003251,23.598450144109925
-4.728086440940844,15.217193602551518,-8.401961413183852,26.675838067014183
-9.908979305938486,17.511920248420473,-1.4356559773136013,17.696036694841197
-4.402523310336113,12.244354409251905,-12.848503839492809,32.03452295886899
-4.728086440940844,15.217193602551518,-8.401961413183852,26.675838067014183
14.927470284781776,8.127810090480043,-11.622475967551562,54.18193931832461
11.926134404671362,6.22687974722826,-4.966275168846703,35.479912200121234
7.129561599594574,17.903272790647904,-12.152003473374506,38.69164927348234
6.629469078969834,13.710517581594274,-5.9095797671412775,31.15526137871646
14.5846285593027,15.378228224876352,-13.066837670275024,Inf
6.090754666639704,12.886032224346849,-10.19408201760787,35.386016515002495
6.629469078969834,13.710517581594274,-5.9095797671412775,31.15526137871646
3.222424984858165,15.090040129588985,0.9744335947820204,23.351373124340597
6.090754666639704,12.886032224346849,-10.19408201760787,35.386016515002495
5.634623136967527,13.10026359719864,-4.394132742278067,29.564215878612263
3.7372668420985633,8.804651043787501,-10.345429775175807,35.40662640758407
1.9676369603374688,6.996401731049513,-5.398037740722295,29.849824860109724
7.923554876992263,9.344391215056078,-10.167708254804682,36.822312051871535
5.634623136967527,13.10026359719864,-4.394132742278067,29.564215878612263
18.272997811973738,1.1713740925277882,-17.581913269542646,Inf
10.168350859984898,5.644540824345228,-15.36505158187194,Inf
17.27434137823834,7.932185592946979,-3.8050807388192993,38.799257281976686
14.957850550754571,9.626360517611321,-1.9925752060187918,34.88874255184284
-0.1085044807193647,-5.435351513887765,3.777157695504741,30.20564996056175
0.19487403827090688,3.2502093360266393,6.198341033982004,21.18383558861469
4.197775225234501,-8.326731903430984,10.379350660183402,33.21873280768886
1.7774607901971962,0.3623788664281591,10.98211505013646,24.17871661051711
0.4645036549021313,-9.242751193282084,-0.09630323651677486,36.05045671662042
0.9952185957142134,-2.2595008311636455,3.621345682098827,27.318846801375155
-11.362415844166378,-6.481370725238609,-4.894011664273448,36.33952689061665
-12.923192044523573,-0.7656280011541128,-1.1887838634782284,29.351361874583326
14.97633183063651,-5.50718596466198,-4.6518641445916575,54.721960633662235
7.560631040247365,-3.462043203565159,-1.3806325500290129,33.12175365964955
11.333824168605425,-9.698927119402505,6.792021875945451,37.88053305677551
8.061006782969294,-1.5825280362183776,9.758444018429302,28.6400283062409
3.9712883823214185,-10.452610322074634,-1.3269215222938797,38.81205276009245
-0.1085044807193647,-5.435351513887765,3.777157695504741,30.20564996056175
-0.5255687890007898,-9.106991496378125,16.477568949196495,33.34023944977385
0.6424689420487617,0.5384762184213727,17.729386907835895,23.543994874429323
-1.6266578808233945,-8.31831040448428,15.025315652600888,33.07833319312489
0.6424689420487617,0.5384762184213727,17.729386907835895,23.543994874429323
10.172959272986297,-10.500555194981462,19.073687885992072,47.34585206416489
8.366160527988775,-4.376809333153124,13.038423772014369,32.00486687453788
7.150247952665659,-8.128627655578802,14.58526498824817,36.241292474446084
8.366160527988775,-4.376809333153124,13.038423772014369,32.00486687453788
10.33140828244538,-9.717677389000619,13.15824072712359,37.697091960486304
8.366160527988775,-4.376809333153124,13.038423772014369,32.00486687453788
0.9377674525330626,-7.598261547274259,12.220374104790572,31.310602938580903
0.5263307333249472,1.6034663748334026,12.087003614658968,22.098715802165994
6.309200073096211,-10.158297768408051,12.720932014633341,36.865066808493594
4.197775225234501,-8.326731903430984,10.379350660183402,33.21873280768886
-7.014432591332165,9.5593512039638,1.7409439884486062,18.557539389687584
-4.419986613332467,12.060079747668283,10.024191741471284,9.5244343576395
3.311730871870651,2.22146751368755,1.111596292301833,25.600673197607954
0.6470596737644208,7.248418734115738,7.716194114121642,16.883367217285347
-10.654258132135173,19.823068244322513,-2.6630269028752878,18.124570476145742
-14.594157980984432,18.60672535263889,2.758150856934787,11.313442144322071
2.594853913567839,2.0032551778070555,1.1554196291467278,25.505977319553566
0.6470596737644208,7.248418734115738,7.716194114121642,16.883367217285347
-11.224735677190338,3.1180025792220505,-1.5736999014290376,25.797435330310044
-13.529597355859693,10.915808752752998,0.34936537661157274,17.441817546964444
-6.764473950801992,16.002445749522124,1.1434211279048334,19.519781137962504
-4.419986613332467,12.060079747668283,10.024191741471284,9.5244343576395
-0.9936060489861909,4.425947587667309,-0.5294146113003251,23.598450144109925
-2.4038636805095877,10.679268465834557,4.914468628164059,15.188413680603144
-10.895702459637704,-4.235342470078489,-4.5715641054111344,34.60425009706584
-11.224735677190338,3.1180025792220505,-1.5736999014290376,25.797435330310044
3.222424984858165,15.090040129588985,0.9744335947820204,23.351373124340597
-2.4038636805095877,10.679268465834557,4.914468628164059,15.188413680603144
-9.908979305938486,17.511920248420473,-1.4356559773136013,17.696036694841197
-14.594157980984432,18.60672535263889,2.758150856934787,11.313442144322071
-0.32419475582809554,-4.29778118589021,1.442471425143701,30.811888112844965
0.19487403827090688,3.2502093360266393,6.198341033982004,21.18383558861469
5.634623136967527,13.10026359719864,-4.394132742278067,29.564215878612263
3.222424984858165,15.090040129588985,0.9744335947820204,23.351373124340597
11.926134404671362,6.22687974722826,-4.966275168846703,35.479912200121234
7.916031606257967,5.8782354775343215,3.7057375805364146,25.919248917372663
4.1913474453601225,-3.350491379647149,-3.8363940934508562,33.51272566208225
2.594853913567839,2.0032551778070555,1.1554196291467278,25.505977319553566
14.957850550754571,9.626360517611321,-1.9925752060187918,34.88874255184284
10.792996302357132,8.315588295775935,4.9216861413364725,26.71126465780604
7.560631040247365,-3.462043203565159,-1.3806325500290129,33.12175365964955
3.311730871870651,2.22146751368755,1.111596292301833,25.600673197607954
12.7376091977994,13.431015992966465,-1.588488166145119,33.34435364292143
3.222424984858165,15.090040129588985,0.9744335947820204,23.351373124340597
9.086244922182793,17.141015483584134,-4.58188728369521,31.68585486375687
3.222424984858165,15.090040129588985,0.9744335947820204,23.351373124340597
1.6694832063868503,4.896711014802932,14.227746430665754,19.445537194944446
-3.101809499908761,9.945651660361587,15.49577724178539,12.38402617608505
-11.583222279478935,2.105172771108961,8.841795096698561,21.793919324310323
-18.68510003480995,9.001273202786251,7.470467553593949,11.800250926473495
-8.555717469020232,-2.407400439752312,12.126999838401346,24.947324101804718
-7.01659129073918,3.0109164791796417,10.035211191780675,18.938776243229782
-7.9370253660771795,-3.7220900837920396,6.969558078320269,26.39389564375802
-7.01659129073918,3.0109164791796417,10.035211191780675,18.938776243229782
-2.0167756747264747,-2.6053781888561005,2.3055874977615787,28.762652589395636
0.19487403827090688,3.2502093360266393,6.198341033982004,21.18383558861469
-6.795097849948926,-2.7897915819721604,9.331480592561341,24.786212443078586
-7.01659129073918,3.0109164791796417,10.035211191780675,18.938776243229782
-7.733329899281527,-4.349233977382925,4.4204924946290625,28.223742318792862
-7.01659129073918,3.0109164791796417,10.035211191780675,18.938776243229782
-1.075752263049612,-5.071619490181654,2.417787514444729,31.287657693728107
0.19487403827090688,3.2502093360266393,6.198341033982004,21.18383558861469
0.5263307333249472,1.6034663748334026,12.087003614658968,22.098715802165994
-3.101809499908761,9.945651660361587,15.49577724178539,12.38402617608505
-0.09177169845937527,1.413180998039259,10.380574939460487,24.33263583071723
0.6470596737644208,7.248418734115738,7.716194114121642,16.883367217285347
-5.948256456728984,0.7600395884761895,7.2030044606090655,22.710934917352095
-7.01659129073918,3.0109164791796417,10.035211191780675,18.938776243229782
-5.6945602274901574,-0.030365548254131625,10.601481828008048,22.302973760623846
-7.01659129073918,3.0109164791796417,10.035211191780675,18.938776243229782
-2.2062042388162872,-0.15107502951219942,6.943426791101956,25.473081460360902
0.6470596737644208,7.248418734115738,7.716194114121642,16.883367217285347
0.42246553613917825,0.26178548449044214,8.414306706340167,23.908383080814726
0.6470596737644208,7.248418734115738,7.716194114121642,16.883367217285347
0.9952185957142134,-2.2595008311636455,3.621345682098827,27.318846801375155
0.19487403827090688,3.2502093360266393,6.198341033982004,21.18383558861469
0.6424689420487617,0.5384762184213727,17.729386907835895,23.543994874429323
1.54136429999717,2.2992881145951642,17.126851621971333,21.47722924452345
-2.2607855926437708,-3.83171721958486,19.595724828773733,29.102247613361662
1.54136429999717,2.2992881145951642,17.126851621971333,21.47722924452345
-8.305582596010863,11.818153554148097,19.360682207538815,8.997695854416657
-12.0,17.0,13.0,0.0
0.01787726631154385,7.610933608444643,17.18672897579893,16.631692790597107
-3.101809499908761,9.945651660361587,15.49577724178539,12.38402617608505
-7.01659129073918,3.0109164791796417,10.035211191780675,18.938776243229782
-4.419986613332467,12.060079747668283,10.024191741471284,9.5244343576395
-8.361312429121526,2.636475076632159,3.2375522977478433,25.767264460956625
-7.014432591332165,9.5593512039638,1.7409439884486062,18.557539389687584
-8.175140788246491,10.509834431294031,18.094453178043615,9.0942426997651
-12.0,17.0,13.0,0.0
-1.7196380146876962,19.25036582290673,17.795162331396227,11.806594920338943
-9.325285451481475,16.650619705211056,14.728607545779084,3.2037865961652088
-9.863003464680542,10.19785691123202,17.936973023979156,8.672347284993796
-12.0,17.0,13.0,0.0
-2.317272360769227,3.5433448169624597,3.0704322260830708,22.559259943508525
-2.4038636805095877,10.679268465834557,4.914468628164059,15.188413680603144
-3.101809499908761,9.945651660361587,15.49577724178539,12.38402617608505
-9.325285451481475,16.650619705211056,14.728607545779084,3.2037865961652088
-2.4038636805095877,10.679268465834557,4.914468628164059,15.188413680603144
-4.419986613332467,12.060079747668283,10.024191741471284,9.5244343576395
-9.325285451481475,16.650619705211056,14.728607545779084,3.2037865961652088
-12.0,17.0,13.0,0.0
-4.419986613332467,12.060079747668283,10.024191741471284,9.5244343576395
-12.0,17.0,13.0,0.0
1.54136429999717,2.2992881145951642,17.126851621971333,21.47722924452345
-3.101809499908761,9.945651660361587,15.49577724178539,12.38402617608505
0.19487403827090688,3.2502093360266393,6.198341033982004,21.18383558861469
0.6470596737644208,7.248418734115738,7.716194114121642,16.883367217285347
1.2019718949256557,9.897565076099504,11.360523887253493,15.694415782018101
-4.419986613332467,12.060079747668283,10.024191741471284,9.5244343576395
0.6470596737644208,7.248418734115738,7.716194114121642,16.883367217285347
-4.419986613332467,12.060079747668283,10.024191741471284,9.5244343576395
-8.049851467406768,8.09829666170834,19.39896105244904,11.808121894557924
-9.863003464680542,10.19785691123202,17.936973023979156,8.672347284993796
1.6979089462883863,5.217242324908646,16.919635224569106,19.270427526681786
-3.101809499908761,9.945651660361587,15.49577724178539,12.38402617608505
9.363510642938948,-1.2292136705560175,3.445933384886697,30.234822206017974
3.321613802151873,4.153162214468004,7.937711042950085,20.98006374715594
11.004665885510285,-1.1344319380432495,3.0496625116215093,31.9257996488113
9.363510642938948,-1.2292136705560175,3.445933384886697,30.234822206017974
8.495484251364537,4.633009894755695,13.574595754471488,24.957945238124275
1.2019718949256557,9.897565076099504,11.360523887253493,15.694415782018101
4.206048076068825,-2.147898182163914,6.197841866087046,27.57648177965511
3.321613802151873,4.153162214468004,7.937711042950085,20.98006374715594
8.366160527988775,-4.376809333153124,13.038423772014369,32.00486687453788
0.5263307333249472,1.6034663748334026,12.087003614658968,22.098715802165994
8.205406021575044,-4.504080775563439,11.121206912645391,31.95787868481248
8.061006782969294,-1.5825280362183776,9.758444018429302,28.6400283062409
1.7774607901971962,0.3623788664281591,10.98211505013646,24.17871661051711
0.5263307333249472,1.6034663748334026,12.087003614658968,22.098715802165994
8.061006782969294,-1.5825280362183776,9.758444018429302,28.6400283062409
3.321613802151873,4.153162214468004,7.937711042950085,20.98006374715594
3.321613802151873,4.153162214468004,7.937711042950085,20.98006374715594
0.6470596737644208,7.248418734115738,7.716194114121642,16.883367217285347
12.894384445541561,3.502795424824381,6.4114919208356085,30.695528715994158
3.321613802151873,4.153162214468004,7.937711042950085,20.98006374715594
13.506518003880316,-3.6103864310321043,5.385512644099137,35.39199792639194
9.363510642938948,-1.2292136705560175,3.445933384886697,30.234822206017974
12.687450003651549,-5.009912616680001,3.959973700240951,35.29510824938815
9.363510642938948,-1.2292136705560175,3.445933384886697,30.234822206017974
12.511614720308827,-1.2618911827334145,10.129664126999522,32.8792277463373
8.495484251364537,4.633009894755695,13.574595754471488,24.957945238124275
12.277384903148565,-2.1454261578306877,19.182698973444097,34.53399816057715
8.495484251364537,4.633009894755695,13.574595754471488,24.957945238124275
11.626751512454394,0.3106965229664098,17.04782799370846,31.32587816270794
8.495484251364537,4.633009894755695,13.574595754471488,24.957945238124275
14.38224332671939,-2.36509779653046,18.14091552884284,35.319304102699725
11.626751512454394,0.3106965229664098,17.04782799370846,31.32587816270794
13.71794175667911,4.81000085887387,5.140370754646611,31.282071167452123
10.792996302357132,8.315588295775935,4.9216861413364725,26.71126465780604
7.916031606257967,5.8782354775343215,3.7057375805364146,25.919248917372663
0.6470596737644208,7.248418734115738,7.716194114121642,16.883367217285347
13.621285387727092,13.043509869057495,3.0851283107896705,32.29687700926297
8.89804543350074,13.513331411708762,9.358717991662246,24.430006257109337
3.0220714911515856,11.445229763720999,5.3735778846237,18.32162019055104
-4.419986613332467,12.060079747668283,10.024191741471284,9.5244343576395
2.4097277170270885,18.64240248064104,4.295177686521036,24.513953169051426
-2.4038636805095877,10.679268465834557,4.914468628164059,15.188413680603144
12.413006872744518,6.19438480319684,3.8022068351238474,29.605599196544595
10.792996302357132,8.315588295775935,4.9216861413364725,26.71126465780604
15.878824222211804,12.36243454733507,18.505826135985984,36.126730449864425
12.812459680999304,12.552863148509267,15.823364637847007,32.04819465368113
11.712338053816431,16.687976870138357,16.05589796865101,32.35785819717925
8.89804543350074,13.513331411708762,9.358717991662246,24.430006257109337
5.604132780398665,16.31571088620946,5.970692123487204,23.866453125833967
3.0220714911515856,11.445229763720999,5.3735778846237,18.32162019055104
8.89804543350074,13.513331411708762,9.358717991662246,24.430006257109337
1.2019718949256557,9.897565076099504,11.360523887253493,15.694415782018101
10.792996302357132,8.315588295775935,4.9216861413364725,26.71126465780604
3.0220714911515856,11.445229763720999,5.3735778846237,18.32162019055104
8.329402720738486,18.631184527255556,16.34974859859856,33.11276411358616
8.89804543350074,13.513331411708762,9.358717991662246,24.430006257109337
12.22633585521362,18.59870390667413,14.694820891692125,32.51780723781622
8.89804543350074,13.513331411708762,9.358717991662246,24.430006257109337
12.812459680999304,12.552863148509267,15.823364637847007,32.04819465368113
8.89804543350074,13.513331411708762,9.358717991662246,24.430006257109337
16.746242127122756,16.075715803607622,6.425839901693962,33.191386228566024
8.89804543350074,13.513331411708762,9.358717991662246,24.430006257109337
11.017507799399588,9.156283132266374,18.9948366751619,32.45458549869104
8.495484251364537,4.633009894755695,13.574595754471488,24.957945238124275
15.432253779535856,18.226356059342223,18.6559437870418,37.14999986807772
11.712338053816431,16.687976870138357,16.05589796865101,32.35785819717925
18.89391499754212,6.1218203254951575,1.075206066560341,35.94343182370362
10.792996302357132,8.315588295775935,4.9216861413364725,26.71126465780604
19.114845810760983,-0.006348241951705802,-0.5243941911914192,40.469745188747396
13.71794175667911,4.81000085887387,5.140370754646611,31.282071167452123
19.741413786903635,-6.834680777184738,9.392848986178855,45.33762195037767
12.511614720308827,-1.2618911827334145,10.129664126999522,32.8792277463373
17.348390894403174,-10.369752246390807,17.58305807716514,52.995442476735946
14.38224332671939,-2.36509779653046,18.14091552884284,35.319304102699725
19.610624778291523,-9.773982356205702,15.522276961304613,Inf
14.38224332671939,-2.36509779653046,18.14091552884284,35.319304102699725
18.96852901983246,-6.710429194999454,-0.03948664750920372,Inf
12.687450003651549,-5.009912616680001,3.959973700240951,35.29510824938815
18.339379140164375,8.900997433240512,4.171428393534093,34.31741246606721
10.792996302357132,8.315588295775935,4.9216861413364725,26.71126465780604
19.413931911903965,19.631864653550736,3.026992028262214,38.78736070112299
16.746242127122756,16.075715803607622,6.425839901693962,33.191386228566024
18.028442899845352,10.007003897009916,16.18203482671308,37.86339237793003
12.812459680999304,12.552863148509267,15.823364637847007,32.04819465368113
