-15.409358072944288,12.39381454027211,-4.152925297628398,18.084897379442864
-12.0,17.0,13.0,0.0
-18.68510003480995,9.001273202786251,7.470467553593949,11.800250926473495
-12.0,17.0,13.0,0.0
-12.572746289667993,-11.837171047246047,-8.86665161334582,37.62739492010935
-11.362415844166378,-6.481370725238609,-4.894011664273448,30.850126662065495
-19.011093547750058,1.9559758588622245,-14.808125647208819,34.12535355542365
-19.35295352133626,7.308863740583533,-8.527387240668931,25.86593760469176
-14.541095564426474,-16.01469200596787,3.5366624097436983,38.145253272908285
-15.122539595810292,-10.445372418198424,8.674060797982214,30.5460256784866
-17.278491510068122,-15.272803666125734,-17.68898523649466,85.5935289955528
-14.443166893051949,-6.455877787317412,-15.01035249433798,39.07883904220904
-17.863250720471548,1.2429046574801106,-6.4605832740682345,27.944856489739635
-19.269837384984925,3.924859977254769,-0.7093515040603364,21.445007471923713
-18.74079088472074,-12.284117013177367,-6.7291953210774835,40.414653925629715
-12.352904213076874,-8.798230148652886,-4.206378001603266,32.25314773233908
-18.603537163021198,-7.4776351877534175,-15.12538983985202,40.96605017135376
-16.69640751059064,-5.469057575780498,-11.971834054657071,36.7076097821531
-19.15300799616933,-13.172352491731774,-9.380119304980239,Inf
-16.042769051427122,-7.828770764555113,-8.855558187407269,34.74504263639015
-17.8096954706675,-2.4281896874098408,-17.657876364643982,39.49055103811326
-19.011093547750058,1.9559758588622245,-14.808125647208819,34.12535355542365
-17.788523136709813,-4.82093060890187,-15.326368265916361,38.901453316609846
-16.973979954107456,-1.3938346418020302,-11.493080010736918,33.6954408107343
-19.792766252011642,-2.4338581899736234,2.2912546988654015,28.49556694725946
-15.1229932233056,1.4757333121713856,9.507459401636915,18.308195968309143
-18.600886373261673,-14.391907152629049,-6.33310653791245,Inf
-12.352904213076874,-8.798230148652886,-4.206378001603266,32.25314773233908
-17.578565804253916,-14.061873733631858,0.9907854216174243,37.28254339408652
-16.835340997081474,-9.537562583467363,2.4611913027958465,32.46758047077097
-16.042769051427122,-7.828770764555113,-8.855558187407269,34.74504263639015
-13.896566839256117,-1.6806362033149895,-3.45881578509033,26.2874678613374
-17.04879258149786,-14.952793145456758,-18.189576109865442,86.2305215807744
-14.443166893051949,-6.455877787317412,-15.01035249433798,39.07883904220904
-16.835340997081474,-9.537562583467363,2.4611913027958465,32.46758047077097
-17.185112564298866,-1.9493745434983545,7.346117025639725,23.43622192419204
-14.247435266340727,-13.878523322340461,2.8801790987322384,37.5387486774845
-15.122539595810292,-10.445372418198424,8.674060797982214,30.5460256784866
-16.554454680814423,-18.000892236005495,-13.525523256024359,Inf
-12.572746289667993,-11.837171047246047,-8.86665161334582,37.62739492010935
-15.475439908335247,-18.101823933542427,-10.257927646034162,Inf
-12.572746289667993,-11.837171047246047,-8.86665161334582,37.62739492010935
-15.842716254587517,-14.629018256971946,-3.168189556650489,40.12252355451587
-12.352904213076874,-8.798230148652886,-4.206378001603266,32.25314773233908
-13.067164159337148,-17.541726633092367,-11.675777898435022,Inf
-11.933094951480676,-12.799308943829777,-8.158533565323278,37.984488667171064
-13.52272885060053,-18.056187686929412,-10.78562796712645,Inf
-11.933094951480676,-12.799308943829777,-8.158533565323278,37.984488667171064
-15.266615250558973,-17.18734211445998,-0.584907824661876,Inf
-16.835340997081474,-9.537562583467363,2.4611913027958465,32.46758047077097
-15.45107543208573,-13.558870488969612,-0.3116919688769144,37.54458648451672
-16.835340997081474,-9.537562583467363,2.4611913027958465,32.46758047077097
-14.318066569624008,-11.036332795625441,-17.9025346784654,Inf
-14.443166893051949,-6.455877787317412,-15.01035249433798,39.07883904220904
-13.293606449441295,-9.066958387169741,-7.996268926118528,35.326594111975425
-13.896566839256117,-1.6806362033149895,-3.45881578509033,26.2874678613374
-16.973979954107456,-1.3938346418020302,-11.493080010736918,33.6954408107343
-17.863250720471548,1.2429046574801106,-6.4605832740682345,27.944856489739635
-14.443166893051949,-6.455877787317412,-15.01035249433798,39.07883904220904
-11.796985745566397,-2.892327526454352,-6.290198202421058,29.294041854640852
-16.69640751059064,-5.469057575780498,-11.971834054657071,36.7076097821531
-13.896566839256117,-1.6806362033149895,-3.45881578509033,26.2874678613374
-15.128612378073178,-4.431968343276083,-15.291249964314018,38.89753009053015
-16.973979954107456,-1.3938346418020302,-11.493080010736918,33.6954408107343
-12.923192044523573,-0.7656280011541128,-1.1887838634782284,23.6535082135485
-10.350329288101294,4.8778937104411035,5.032010154019638,14.697341801817679
-13.896566839256117,-1.6806362033149895,-3.45881578509033,26.2874678613374
-12.923192044523573,-0.7656280011541128,-1.1887838634782284,23.6535082135485
-16.200976568846002,1.039039856857169,-8.903501385216996,30.658582063307023
-15.025344377746785,6.1351319777550195,-3.1114666185679596,22.24946954877567
-17.185112564298866,-1.9493745434983545,7.346117025639725,23.43622192419204
-15.1229932233056,1.4757333121713856,9.507459401636915,18.308195968309143
-19.491635401928605,-13.892840346857236,4.85783295132417,38.103912216947826
-15.122539595810292,-10.445372418198424,8.674060797982214,30.5460256784866
-15.106626584751313,-14.996904995555962,3.886291663988981,37.152040763777144
-15.122539595810292,-10.445372418198424,8.674060797982214,30.5460256784866
-18.551712055619713,8.712695739504195,-6.745955994709503,23.575692620007572
-15.409358072944288,12.39381454027211,-4.152925297628398,18.084897379442864
-19.35295352133626,7.308863740583533,-8.527387240668931,25.86593760469176
-15.409358072944288,12.39381454027211,-4.152925297628398,18.084897379442864
-14.41378408517238,10.715838043223343,-18.287466584905818,32.76958934891945
-15.144444598081686,13.433271520240353,-9.638720471641129,23.674584191205206
-13.754775063978872,6.26509309875707,-14.071453313375839,30.77336573423935
-12.842828820922412,10.970924484704774,-6.6477367956980515,21.936620749911846
-19.269837384984925,3.924859977254769,-0.7093515040603364,21.445007471923713
-18.68510003480995,9.001273202786251,7.470467553593949,11.800250926473495
-13.529597355859693,10.915808752752998,0.34936537661157274,17.441817546964444
-14.605286895457636,14.617929739061672,2.5101010492547076,13.022362102014226
-17.6365379204299,10.53514854290296,2.9550664275040717,14.313393648810358
-16.796663439300417,15.506625172844792,9.129915580775112,6.341585128044044
-15.025344377746785,6.1351319777550195,-3.1114666185679596,22.24946954877567
-17.6365379204299,10.53514854290296,2.9550664275040717,14.313393648810358
-12.743633984767007,5.8210767362370675,4.2969427290276485,15.079704119558418
-10.383427987248428,8.997278479386974,8.435779390005685,9.353553687534562
-12.842828820922412,10.970924484704774,-6.6477367956980515,21.936620749911846
-15.409358072944288,12.39381454027211,-4.152925297628398,18.084897379442864
-12.352904213076874,-8.798230148652886,-4.206378001603266,32.25314773233908
-12.923192044523573,-0.7656280011541128,-1.1887838634782284,23.6535082135485
-16.814353955291086,11.83557577758636,13.299049213932761,7.066732766153922
-12.0,17.0,13.0,0.0
-18.94217453894708,-5.027733441088955,14.568681601218074,24.66700727610894
-18.916888097217424,4.781523001691312,15.660886048562219,14.79710039107908
-19.580972500824004,-19.563134137304175,9.281163388942247,53.281136606477304
-19.10155787789158,-15.026761487505258,10.48936438503258,36.26812900968412
-19.10155787789158,-15.026761487505258,10.48936438503258,36.26812900968412
-16.687609623556625,-12.20115474471343,10.357663177752421,33.285227064427765
-18.0501104562366,8.535925611285382,18.71043042603838,13.524118612789449
-17.219919761727304,12.43053014848605,18.801501995091797,9.043508303850905
-17.71920959385809,8.124474905862868,15.781241095134149,11.622203097728416
-16.814353955291086,11.83557577758636,13.299049213932761,7.066732766153922
-19.736601596991463,-5.003331627118017,10.078738722740958,27.465953437925855
-15.1229932233056,1.4757333121713856,9.507459401636915,18.308195968309143
-18.916888097217424,4.781523001691312,15.660886048562219,14.79710039107908
-16.814353955291086,11.83557577758636,13.299049213932761,7.066732766153922
-18.892743793453626,6.7426307001889825,15.503881900615461,12.992868189600465
-16.814353955291086,11.83557577758636,13.299049213932761,7.066732766153922
-17.72859545678868,-3.2272097938782522,19.18960186911886,23.629069352322965
-18.916888097217424,4.781523001691312,15.660886048562219,14.79710039107908
-17.4110196334641,-0.21428362961113834,19.991982427568885,20.96887189111692
-17.71920959385809,8.124474905862868,15.781241095134149,11.622203097728416
-13.1221878684845,0.23399116787655316,19.031556115569046,19.63638500861685
-14.68720948081982,9.998941278073701,19.223209895017995,9.744960719218836
-12.081200402316341,-7.2022768422265315,18.239385519673775,27.186833410917387
-12.598006309722791,1.2318507938695866,17.527711024951522,18.0551507915593
-12.760879961503022,-7.6919848515143485,16.367639671620466,28.005858712736277
-12.598006309722791,1.2318507938695866,17.527711024951522,18.0551507915593
-16.678719573427596,-1.708345854110334,11.998508458243169,22.57789763303693
-18.892743793453626,6.7426307001889825,15.503881900615461,12.992868189600465
-16.687609623556625,-12.20115474471343,10.357663177752421,33.285227064427765
-11.411786649137285,-3.7321543981899623,10.909857882168346,22.55629650804134
-15.122539595810292,-10.445372418198424,8.674060797982214,30.5460256784866
-11.411786649137285,-3.7321543981899623,10.909857882168346,22.55629650804134
-14.703249436093238,-9.21424353839674,18.0219500203211,29.269048150913395
-13.1221878684845,0.23399116787655316,19.031556115569046,19.63638500861685
-14.68720948081982,9.998941278073701,19.223209895017995,9.744960719218836
-12.0,17.0,13.0,0.0
-13.144736841132163,0.6469814130830187,10.134021901448953,18.31102628362629
-10.383427987248428,8.997278479386974,8.435779390005685,9.353553687534562
-15.1229932233056,1.4757333121713856,9.507459401636915,18.308195968309143
-10.383427987248428,8.997278479386974,8.435779390005685,9.353553687534562
-12.598006309722791,1.2318507938695866,17.527711024951522,18.0551507915593
-9.863003464680542,10.19785691123202,17.936973023979156,8.672347284993796
-16.550270390701627,18.109075645086044,-19.988851147627837,34.95921034144786
-15.409358072944288,12.39381454027211,-4.152925297628398,18.084897379442864
-14.380665891364055,13.077149770474662,-1.536060432248867,17.357783677995297
-14.605286895457636,14.617929739061672,2.5101010492547076,13.022362102014226
-17.878769344098828,17.10642036295323,18.228047201081438,7.867892464408922
-12.0,17.0,13.0,0.0
-17.860149637603513,14.726957622189126,0.1545777396028747,15.38659233151144
-14.998632101723075,18.796187085057284,7.7160029334414375,6.335511623019109
-14.505895460355225,16.800870052708767,-0.2424697578501238,14.555083815983904
-14.998632101723075,18.796187085057284,7.7160029334414375,6.335511623019109
-18.41349447465813,12.911896755536432,-0.6893243599741261,17.46332226388577
-17.860149637603513,14.726957622189126,0.1545777396028747,15.38659233151144
-17.982229171661466,14.242752298344598,-8.903656564085756,23.79521121407015
-15.409358072944288,12.39381454027211,-4.152925297628398,18.084897379442864
-15.144444598081686,13.433271520240353,-9.638720471641129,23.674584191205206
-15.409358072944288,12.39381454027211,-4.152925297628398,18.084897379442864
-14.605286895457636,14.617929739061672,2.5101010492547076,13.022362102014226
-14.998632101723075,18.796187085057284,7.7160029334414375,6.335511623019109
-16.796663439300417,15.506625172844792,9.129915580775112,6.341585128044044
-12.0,17.0,13.0,0.0
-17.219919761727304,12.43053014848605,18.801501995091797,9.043508303850905
-12.0,17.0,13.0,0.0
-18.44621275335955,16.606756052950267,9.361826397563895,7.412462939194332
-12.0,17.0,13.0,0.0
-18.34023735221427,19.248884958277642,-8.625366356624635,23.748015939299897
-14.144316940536283,19.290437974479545,-0.42788125023984946,14.538985761062241
-14.594157980984432,18.60672535263889,2.758150856934787,11.313442144322071
-14.998632101723075,18.796187085057284,7.7160029334414375,6.335511623019109
-17.008799269449646,18.287108376077057,2.5136783665646263,11.935878938943382
-14.998632101723075,18.796187085057284,7.7160029334414375,6.335511623019109
-14.998632101723075,18.796187085057284,7.7160029334414375,6.335511623019109
-12.0,17.0,13.0,0.0
-15.97859752949204,19.664663797338974,12.507012451301406,4.813803919739667
-12.0,17.0,13.0,0.0
-15.932944502082629,18.707105331512004,15.645575428046229,5.037988727143072
-12.0,17.0,13.0,0.0
-14.144316940536283,19.290437974479545,-0.42788125023984946,14.538985761062241
-13.632597963777187,19.959117151041845,7.595158484773286,6.374485252131157
-13.632597963777187,19.959117151041845,7.595158484773286,6.374485252131157
-12.0,17.0,13.0,0.0
11.209837474971422,-10.8804634065985,-14.167346905066065,45.321976272460454
-12.0,17.0,13.0,0.0
13.315556317019066,-14.190584616970119,-6.498382215234466,53.93614911046355
12.946379848983234,-6.348311829629392,-2.484114572071398,38.82829190622008
17.467489691339722,-18.380959803211905,-18.240684466209096,55.90534701828848
11.209837474971422,-10.8804634065985,-14.167346905066065,45.321976272460454
8.478512469419002,-14.243481774584348,-13.386160709514057,49.724280294388876
11.209837474971422,-10.8804634065985,-14.167346905066065,45.321976272460454
-1.7820925739437676,-16.113067749374057,-8.428361965582196,54.04520306905067
-6.154504742096174,-8.601030371709877,-3.6200397082206663,32.145776429592836
4.721523033725514,-16.56689571282716,-9.276071395604388,55.23955222484221
0.3812595220247772,-12.984068245174756,-3.091905562927238,37.521434075536405
-7.490859304584845,-14.858950504881747,-11.267588506032338,52.614275205959984
-6.777816886593611,-6.979831599031012,-6.014506216797653,31.267665790794982
-1.9939866319041855,-15.22616676823401,-10.502748529227386,Inf
-4.095173279565056,-14.458352247664159,-10.001108826359664,40.15686419002819
-8.093824211497633,-15.584174604082435,-18.120032408609077,Inf
-3.8401939701887073,-12.404662368998567,-11.870348120209204,39.7735050603512
-10.168735499083388,-15.525690319489192,-19.255914838956638,Inf
-9.49827648929892,-11.27541671418597,-17.08514212994111,Inf
-7.157058484145287,-16.05820866070217,-10.549418915609445,Inf
-9.501714263040224,-12.717297202637301,-6.206759193730971,36.80107882943394
-7.368450716305359,-16.255778060088346,-8.864314368805832,Inf
-6.777816886593611,-6.979831599031012,-6.014506216797653,31.267665790794982
-4.437658262964197,-14.30374975308812,-16.263818456041605,Inf
-3.8401939701887073,-12.404662368998567,-11.870348120209204,39.7735050603512
-4.095173279565056,-14.458352247664159,-10.001108826359664,40.15686419002819
-6.777816886593611,-6.979831599031012,-6.014506216797653,31.267665790794982
9.331368390368482,-16.61073918290147,-15.029719275597913,Inf
11.209837474971422,-10.8804634065985,-14.167346905066065,45.321976272460454
7.679286092646677,-17.6134550037213,-16.488789693209966,Inf
0.3875255585331594,-13.926917969978279,-13.34889790695903,56.34906195539968
13.003639509148911,-17.646309546912597,-7.224143980805371,Inf
8.947680652483221,-10.97096844856253,-3.8407032732901243,52.43858424245843
-0.07768239446782133,-19.89153606169878,-7.594830144506277,Inf
0.3812595220247772,-12.984068245174756,-3.091905562927238,37.521434075536405
8.80520893334019,-13.319721073724455,-11.300706827298601,49.788500841442804
4.7888210131001046,-6.342209323338457,-5.847195214930423,37.16658281157454
0.3875255585331594,-13.926917969978279,-13.34889790695903,56.34906195539968
-3.8401939701887073,-12.404662368998567,-11.870348120209204,39.7735050603512
-9.49827648929892,-11.27541671418597,-17.08514212994111,Inf
-8.294747300571741,-2.990094777334214,-13.98271280341918,36.174801208206624
-0.7301762350746621,-14.073031675108938,-12.121080158710118,Inf
-3.8401939701887073,-12.404662368998567,-11.870348120209204,39.7735050603512
-10.505873766472105,-13.497548832929755,-17.425560384804946,Inf
-12.572746289667993,-11.837171047246047,-8.86665161334582,37.62739492010935
-11.30223654980039,-11.857794196576368,-16.79799675178043,Inf
-13.293606449441295,-9.066958387169741,-7.996268926118528,35.326594111975425
-8.47266444094613,-14.156497028544841,-18.519467160068615,Inf
-3.8401939701887073,-12.404662368998567,-11.870348120209204,39.7735050603512
-10.154357074395532,-13.926903570580134,-13.25454439563023,Inf
-13.293606449441295,-9.066958387169741,-7.996268926118528,35.326594111975425
-3.8401939701887073,-12.404662368998567,-11.870348120209204,39.7735050603512
-6.777816886593611,-6.979831599031012,-6.014506216797653,31.267665790794982
11.914322136896462,-12.20608005433598,-11.32905824402994,Inf
11.209837474971422,-10.8804634065985,-14.167346905066065,45.321976272460454
8.157059268552977,-13.670258079426496,-11.14880132946718,Inf
4.7888210131001046,-6.342209323338457,-5.847195214930423,37.16658281157454
-11.933094951480676,-12.799308943829777,-8.158533565323278,37.984488667171064
-12.352904213076874,-8.798230148652886,-4.206378001603266,32.25314773233908
11.476716750341254,-12.196462536102013,-8.349384817169616,Inf
4.7888210131001046,-6.342209323338457,-5.847195214930423,37.16658281157454
18.966696477858974,-18.68378616371657,-8.394013420398023,61.400575607062756
13.315556317019066,-14.190584616970119,-6.498382215234466,53.93614911046355
17.829401579087545,-18.576955313843058,-19.66364231852208,Inf
17.467489691339722,-18.380959803211905,-18.240684466209096,55.90534701828848
5.757411763879922,-13.442977941511964,8.584829008945398,37.25649486208726
-0.336839661187625,-6.223337295123903,8.155467846672344,27.79882799850061
-5.904016756354524,-16.156469990431024,6.847942748080058,36.35868881120359
-6.611940695534999,-12.660440041908538,5.697152097654534,32.6106625538599
2.6620398302405164,-18.56501702728074,-2.699329958328505,52.93130854211569
0.4645036549021313,-9.242751193282084,-0.09630323651677486,32.87817835777818
-11.125290347433339,-17.68886754355335,-6.112129033890508,52.354643986382065
-12.352904213076874,-8.798230148652886,-4.206378001603266,32.25314773233908
-4.141550903844378,-18.641764100597555,12.591905237264484,39.606792349062204
-6.168615594147884,-11.590638291312523,14.127525191057046,32.1110939106559
-8.496215771326376,-19.669993229116525,5.985158396814725,39.874771313639194
-6.611940695534999,-12.660440041908538,5.697152097654534,32.6106625538599
1.0050354912717019,-17.258135008637787,5.245762641349323,Inf
-6.611940695534999,-12.660440041908538,5.697152097654534,32.6106625538599
1.0126300439312814,-19.775762750480244,5.98854118004877,Inf
-5.904016756354524,-16.156469990431024,6.847942748080058,36.35868881120359
3.8735989228180827,-17.06520358205779,11.2477041777192,40.2247259658928
3.854606841937482,-13.2022707049852,10.667243093126018,36.31837905571808
5.5874765607788675,-17.178903720972876,2.7517297120080215,Inf
0.4645036549021313,-9.242751193282084,-0.09630323651677486,32.87817835777818
3.8139241646327733,-17.155565014838324,18.0037166053296,Inf
-0.5255687890007898,-9.106991496378125,16.477568949196495,33.34023944977385
-4.547156010405624,-13.753151965068646,2.7024272115019876,37.12438540151713
-7.261771605210754,-6.633265060107707,0.339459200417096,27.587731691418362
-0.8646704167936718,-12.973006722441145,-4.948171379864457,39.14093609747419
-0.027227484667982083,-5.986104982460967,1.389348663070944,29.500343233499255
-4.480573498010374,-14.48804769910236,-5.265104145005122,38.48338290397407
-6.154504742096174,-8.601030371709877,-3.6200397082206663,32.145776429592836
-9.501714263040224,-12.717297202637301,-6.206759193730971,36.80107882943394
-7.261771605210754,-6.633265060107707,0.339459200417096,27.587731691418362
0.3812595220247772,-12.984068245174756,-3.091905562927238,37.521434075536405
-1.075752263049612,-5.071619490181654,2.417787514444729,27.770206129832435
-11.150883580405928,-10.905708305990212,15.26326177619434,31.766145580104226
-10.275231930001958,-2.686513781725928,13.522832728397901,22.432774030657598
-3.0775882797759913,-13.922007088787778,13.825744999056013,35.713154226961535
-5.282955420606461,-4.601198727672875,15.572651513355176,25.976995071515013
-10.19006591163528,-14.212957606980412,15.060739278429345,34.729366620715254
-12.760879961503022,-7.6919848515143485,16.367639671620466,28.005858712736277
1.2008640624332045,-12.749814436325657,15.373516762678761,36.34555801297252
-1.6266578808233945,-8.31831040448428,15.025315652600888,31.077318047207534
3.854606841937482,-13.2022707049852,10.667243093126018,36.31837905571808
-0.336839661187625,-6.223337295123903,8.155467846672344,27.79882799850061
-6.611940695534999,-12.660440041908538,5.697152097654534,32.6106625538599
-9.666058952096304,-5.15776847285534,5.902270945674914,24.427472742470865
-6.168615594147884,-11.590638291312523,14.127525191057046,32.1110939106559
-8.555717469020232,-2.407400439752312,12.126999838401346,23.2059131814384
-4.949903194764822,-11.266307867244114,18.571775028956232,33.293370232027584
-9.719273448555175,-6.7447881070247195,19.05862427339119,26.67243379813827
8.947680652483221,-10.97096844856253,-3.8407032732901243,52.43858424245843
7.560631040247365,-3.462043203565159,-1.3806325500290129,33.12175365964955
19.007703413642965,-12.65575322009413,-5.141495744063249,59.98572652397664
12.946379848983234,-6.348311829629392,-2.484114572071398,38.82829190622008
11.002289072844356,-12.58464935457047,14.031246210217844,45.39319642260152
8.366160527988775,-4.376809333153124,13.038423772014369,32.00486687453788
10.048648904904312,-14.98166213826785,13.66108032997598,Inf
4.197775225234501,-8.326731903430984,10.379350660183402,33.21873280768886
5.762896607314634,-16.336437947600125,17.15782081535788,Inf
1.2008640624332045,-12.749814436325657,15.373516762678761,36.34555801297252
10.547275106927838,-15.706609966642349,6.2508955676326465,Inf
6.510895002792427,-9.506680443769113,6.739533181053467,35.30677447851539
7.5212986633632966,-14.42981671539692,9.160020596665454,39.85579191771044
5.757411763879922,-13.442977941511964,8.584829008945398,37.25649486208726
12.0,-12.0,13.0,40.44994245961727
8.366160527988775,-4.376809333153124,13.038423772014369,32.00486687453788
13.89784594356665,-15.262433244237599,4.56083583163916,Inf
11.333824168605425,-9.698927119402505,6.792021875945451,37.88053305677551
13.034767485877552,-12.673092856528685,-4.865760105086894,Inf
12.946379848983234,-6.348311829629392,-2.484114572071398,38.82829190622008
18.2063722896291,-16.14299063205822,8.33653953479373,Inf
11.333824168605425,-9.698927119402505,6.792021875945451,37.88053305677551
17.02976276810066,-19.26498720292141,18.70152424058336,Inf
14.56451957452039,-11.930562278304526,15.82319015317018,Inf
15.88987962199353,-13.539301613242394,13.823450684857335,Inf
10.33140828244538,-9.717677389000619,13.15824072712359,37.697091960486304
13.403168290638156,-17.456877665228347,8.269806854839807,Inf
5.757411763879922,-13.442977941511964,8.584829008945398,37.25649486208726
18.676439411363674,-14.933727254714713,8.413036607935965,Inf
11.333824168605425,-9.698927119402505,6.792021875945451,37.88053305677551
18.44681500202193,-13.94747523188002,15.187333816245157,Inf
10.33140828244538,-9.717677389000619,13.15824072712359,37.697091960486304
14.56451957452039,-11.930562278304526,15.82319015317018,Inf
10.33140828244538,-9.717677389000619,13.15824072712359,37.697091960486304
16.70058322762273,-11.419717226053843,-2.5837021668305766,Inf
12.946379848983234,-6.348311829629392,-2.484114572071398,38.82829190622008
16.364632766424208,-11.494390961179075,8.16971819354179,Inf
12.395255205332518,-4.792920775036595,6.537057499683392,34.92251682810648
4.214803597233406,-7.403294631615758,-5.137590897641493,37.76935314325369
-0.32419475582809554,-4.29778118589021,1.442471425143701,28.29743910000079
17.62545926099022,17.187703326504575,-6.154559371680204,38.11007446285323
15.24110110544467,18.643606550198385,-5.229026267991266,35.16704379079038
-8.818501265825898,6.551850265598141,-9.46057164838738,28.367846850447325
-15.409358072944288,12.39381454027211,-4.152925297628398,18.084897379442864
-5.998248883062072,6.325604751588703,-18.93542362434383,38.25611416587627
-4.402523310336113,12.244354409251905,-12.848503839492809,29.11157346511563
13.276338070319909,3.675690727211112,-18.955449189163698,Inf
10.59310633637714,2.9483216533714085,-13.14525790743442,40.13970315512627
4.567042506617824,-3.5357215767442263,-19.006765924422986,Inf
3.403537832137431,1.3201352202968408,-12.084939479605348,35.984494249472746
17.487897659397532,-7.051274348713603,-10.380739381632447,53.59331987896272
11.231466018631515,-1.6258893604614784,-7.280029064207909,38.74771645223952
12.066373379650628,3.0921917295852275,-5.205795758697311,34.639614663236586
6.505129593179717,6.273766627373298,-0.13991029485645612,26.47180915529563
12.887318524181659,-7.8453150950563355,-8.835058648605196,51.68274399290955
12.946379848983234,-6.348311829629392,-2.484114572071398,38.82829190622008
-7.578255115279884,2.7041822657423538,-11.943957005149102,33.112313351671354
-8.623584247847198,5.669300344095927,-5.356922203246111,25.121696374265206
-7.796455143379806,-10.691850420159401,-17.848425721919526,60.40950005164517
-8.294747300571741,-2.990094777334214,-13.98271280341918,36.174801208206624
-11.465724162104634,-0.09668335103552295,-18.808400954694466,39.50041678539448
-13.754775063978872,6.26509309875707,-14.071453313375839,30.77336573423935
-7.807405781714465,-0.4095618540641439,-11.47547437219175,33.78514797030403
-8.818879257730314,-0.44526674070298355,-6.701735699285116,28.444116139245164
-10.142333726288975,-2.015745992699067,-16.661685592790363,40.26138216620348
-9.547339522725693,-1.8832885218447686,-12.14840231682662,34.12432196679722
-8.294747300571741,-2.990094777334214,-13.98271280341918,36.174801208206624
-8.818879257730314,-0.44526674070298355,-6.701735699285116,28.444116139245164
-9.547339522725693,-1.8832885218447686,-12.14840231682662,34.12432196679722
-8.818879257730314,-0.44526674070298355,-6.701735699285116,28.444116139245164
6.368956316200631,0.8251527706020845,-15.705655745549105,Inf
3.403537832137431,1.3201352202968408,-12.084939479605348,35.984494249472746
-5.829383641135939,-0.0968930776183825,-11.401923490902464,33.93070223048609
-8.623584247847198,5.669300344095927,-5.356922203246111,25.121696374265206
12.274187971568082,-1.0277779354508887,-14.64150952022548,Inf
8.834611139115232,-0.35774783404484367,-12.715776516219233,39.628817426733626
-6.459563508948518,-7.063161829073765,-17.083697454498854,44.9232631496757
-8.294747300571741,-2.990094777334214,-13.98271280341918,36.174801208206624
-2.411653929244242,-10.375684451199785,-13.682932513989972,40.209159790384966
-4.209068878225555,-5.633714757798671,-7.418001940220673,32.14899030295448
-3.2550324126155132,-2.5324929013396797,-13.993995017373848,37.85102587219105
-8.818879257730314,-0.44526674070298355,-6.701735699285116,28.444116139245164
0.5788934707551903,-1.3935051355313561,-18.54186560495135,Inf
-4.617004095695556,1.094793732007524,-13.37719897472935,34.931019412996775
-2.8121453915000494,0.20348329587192637,-18.110266999314568,40.07435317243972
-4.617004095695556,1.094793732007524,-13.37719897472935,34.931019412996775
-3.629471103849589,-6.2445746943069125,-15.732503834355684,Inf
-4.209068878225555,-5.633714757798671,-7.418001940220673,32.14899030295448
-4.395553377740766,-0.24498769714482904,-17.919608994644225,39.805400485530974
-4.617004095695556,1.094793732007524,-13.37719897472935,34.931019412996775
1.209868668255325,-3.8894127877309543,-14.7181142243765,39.68977102178657
-2.3379792996212956,-0.7882407277815595,-7.426725104021239,31.008247615551227
3.402230088468265,-3.1966040328551593,-14.3472693125603,40.31653154819317
-2.3379792996212956,-0.7882407277815595,-7.426725104021239,31.008247615551227
-1.2187209025068597,-5.551414963157262,-11.444771325991612,37.339540026895726
-4.209068878225555,-5.633714757798671,-7.418001940220673,32.14899030295448
8.834611139115232,-0.35774783404484367,-12.715776516219233,39.628817426733626
6.080564145813412,2.8585182458517266,-7.162880783974712,33.4220743302538
14.374733256700551,-3.992241456087111,-17.53825797642766,Inf
8.834611139115232,-0.35774783404484367,-12.715776516219233,39.628817426733626
16.336057041582272,-1.8152831085709131,-18.077573834967726,Inf
8.834611139115232,-0.35774783404484367,-12.715776516219233,39.628817426733626
13.048354074220995,-1.7204880701268266,-17.957086322861862,Inf
8.834611139115232,-0.35774783404484367,-12.715776516219233,39.628817426733626
3.6046357125651163,-2.671004949393989,-9.226651045383294,37.54165895227625
-2.3379792996212956,-0.7882407277815595,-7.426725104021239,31.008247615551227
10.45216422106187,-6.14241504849768,-10.683813923533325,Inf
5.317741475922535,-1.0230662864327478,-3.9352071358785423,31.926912441138413
8.670090446758437,-9.777849492855122,-9.461934419126354,Inf
4.1913474453601225,-3.350491379647149,-3.8363940934508562,33.51272566208225
-3.9406613199183127,1.1817913409470648,-9.961451350277803,33.07588978831597
-8.623584247847198,5.669300344095927,-5.356922203246111,25.121696374265206
10.59310633637714,2.9483216533714085,-13.14525790743442,40.13970315512627
6.080564145813412,2.8585182458517266,-7.162880783974712,33.4220743302538
-4.617004095695556,1.094793732007524,-13.37719897472935,34.931019412996775
-6.345375520841721,5.683520830583895,-7.994513167931814,28.606997411913394
3.403537832137431,1.3201352202968408,-12.084939479605348,35.984494249472746
1.9676369603374688,6.996401731049513,-5.398037740722295,27.096498542891574
15.599762833562266,1.138987873335637,-10.61525508392207,Inf
12.066373379650628,3.0921917295852275,-5.205795758697311,34.639614663236586
-1.9825009232871693,-7.144994099837554,-6.392928908632909,35.726811814078445
-4.209068878225555,-5.633714757798671,-7.418001940220673,32.14899030295448
-4.209068878225555,-5.633714757798671,-7.418001940220673,32.14899030295448
-7.9541310170563495,-0.8523889703404386,-0.47066260787561376,22.921201266123084
-6.777816886593611,-6.979831599031012,-6.014506216797653,31.267665790794982
-7.9541310170563495,-0.8523889703404386,-0.47066260787561376,22.921201266123084
-11.796985745566397,-2.892327526454352,-6.290198202421058,29.294041854640852
-12.923192044523573,-0.7656280011541128,-1.1887838634782284,23.6535082135485
-2.3379792996212956,-0.7882407277815595,-7.426725104021239,31.008247615551227
-7.906920415558671,2.323147757642438,-0.5001096533114406,21.591674721869655
-8.818879257730314,-0.44526674070298355,-6.701735699285116,28.444116139245164
-11.224735677190338,3.1180025792220505,-1.5736999014290376,21.718838615983167
4.7888210131001046,-6.342209323338457,-5.847195214930423,37.16658281157454
4.1913474453601225,-3.350491379647149,-3.8363940934508562,33.51272566208225
-1.4372787734095667,-8.435215522061279,-6.092325521763753,36.92807179670127
-4.209068878225555,-5.633714757798671,-7.418001940220673,32.14899030295448
6.080564145813412,2.8585182458517266,-7.162880783974712,33.4220743302538
1.7108587763866367,7.805154223261759,-3.0780243448883198,24.62617917360717
11.231466018631515,-1.6258893604614784,-7.280029064207909,38.74771645223952
5.317741475922535,-1.0230662864327478,-3.9352071358785423,31.926912441138413
-1.0920191777615074,-1.5662472710762287,-6.180999920269832,31.835955887575466
-7.906920415558671,2.323147757642438,-0.5001096533114406,21.591674721869655
-1.7113441100984588,1.6588463923693553,-7.072436489250915,30.73869749589884
-7.906920415558671,2.323147757642438,-0.5001096533114406,21.591674721869655
13.002895690303603,1.3897794527752012,-5.928014434456612,36.45060890804284
6.505129593179717,6.273766627373298,-0.13991029485645612,26.47180915529563
-8.623584247847198,5.669300344095927,-5.356922203246111,25.121696374265206
-7.014432591332165,9.5593512039638,1.7409439884486062,16.869328882373757
10.168350859984898,5.644540824345228,-15.36505158187194,Inf
3.7372668420985633,8.804651043787501,-10.345429775175807,32.23673140266358
-6.345375520841721,5.683520830583895,-7.994513167931814,28.606997411913394
-6.004255466399764,5.768295675284474,1.4046341296756566,18.24402530541891
-1.3315160243689377,4.925572169189401,-11.840910954217536,33.76087556481129
0.772959750674616,8.514120158830146,-8.459429382436934,28.399820390501702
-10.603756107738107,4.949782196648833,-17.545623606109217,36.801222337592414
-13.754775063978872,6.26509309875707,-14.071453313375839,30.77336573423935
-2.510726596843547,3.2052004982718607,-10.330426144925884,32.778396852036465
-6.345375520841721,5.683520830583895,-7.994513167931814,28.606997411913394
-9.49238226569947,5.535033272141927,-10.963367194295843,29.643700036614728
-12.842828820922412,10.970924484704774,-6.6477367956980515,21.936620749911846
-2.68554524566283,5.825673460903353,-12.490085973429776,33.44842701540595
-6.345375520841721,5.683520830583895,-7.994513167931814,28.606997411913394
13.488886643773263,4.050636217438736,-6.252395058098674,36.01526981389108
6.505129593179717,6.273766627373298,-0.13991029485645612,26.47180915529563
11.028999755702237,5.681626624921606,-18.15988849599367,Inf
7.923554876992263,9.344391215056078,-10.167708254804682,34.827238910129346
17.567754884158234,-3.773708381585024,-8.03652327004305,Inf
13.002895690303603,1.3897794527752012,-5.928014434456612,36.45060890804284
1.4169397459260864,7.199239318017359,-13.375744627643398,33.529516039375046
0.772959750674616,8.514120158830146,-8.459429382436934,28.399820390501702
11.207554858985162,10.000084993397877,-13.687031588315106,38.36425613145122
6.090754666639704,12.886032224346849,-10.19408201760787,31.529709158043808
0.3843663071205228,14.60870080580306,-13.428312432095302,30.94813986492306
-4.728086440940844,15.217193602551518,-8.401961413183852,23.75288857326082
-9.454775776651063,10.614224218474575,-15.787707992632303,31.690861468261623
-12.842828820922412,10.970924484704774,-6.6477367956980515,21.936620749911846
-2.4533812208771977,6.9056263498262815,-18.604866594003397,37.20088025487923
-4.402523310336113,12.244354409251905,-12.848503839492809,29.11157346511563
-9.652977491923886,9.064575659149156,-16.85536520053717,33.58310523980578
-9.454775776651063,10.614224218474575,-15.787707992632303,31.690861468261623
-0.8685525685060398,9.938935215586604,-16.114345856975334,34.44726751048458
-4.402523310336113,12.244354409251905,-12.848503839492809,29.11157346511563
-1.138205539166126,10.032044853271323,-17.385914154160034,35.12307714109452
-4.402523310336113,12.244354409251905,-12.848503839492809,29.11157346511563
1.721700032470217,11.373955285740784,-14.347224106647767,33.329755221945675
-4.728086440940844,15.217193602551518,-8.401961413183852,23.75288857326082
10.339388310043411,15.156953580644597,-17.364090608864544,40.16782207933892
6.090754666639704,12.886032224346849,-10.19408201760787,31.529709158043808
-5.760519592885629,15.635304338278246,-19.163449610306216,34.84601362381491
-4.271399911839895,14.906061714822378,-14.854616112582955,30.229162062475236
5.0515283067173655,18.54409443601042,-17.50010389324992,38.28634195114889
0.3843663071205228,14.60870080580306,-13.428312432095302,30.94813986492306
4.455917133326999,18.357705066062103,-14.553510194465957,35.54856977845494
-3.2245149937810424,16.815356903182632,-9.344469073732533,26.141020421042953
-7.1572248678978045,17.242954144634183,-15.382379254555927,31.41648123671336
-4.728086440940844,15.217193602551518,-8.401961413183852,23.75288857326082
-0.7862238625456186,15.046048027988881,-15.75171038734263,32.09473377548035
-4.728086440940844,15.217193602551518,-8.401961413183852,23.75288857326082
-4.271399911839895,14.906061714822378,-14.854616112582955,30.229162062475236
-4.728086440940844,15.217193602551518,-8.401961413183852,23.75288857326082
-4.554200858666864,18.447392145643526,-16.528900899811248,32.49997747430784
-4.728086440940844,15.217193602551518,-8.401961413183852,23.75288857326082
7.639013799416663,18.26288186904921,-16.65101635255595,39.36178730537211
3.399469908619473,19.335949675404777,-7.939534913191046,29.488403018009173
12.712219788432073,17.45199434798141,-17.955890441071816,58.25259706769455
7.129561599594574,17.903272790647904,-12.152003473374506,35.29452379265142
11.675548452521191,16.399012831976535,-18.962459956570665,Inf
10.339388310043411,15.156953580644597,-17.364090608864544,40.16782207933892
15.757719791559168,12.217510076367361,-19.18049507538292,Inf
11.207554858985162,10.000084993397877,-13.687031588315106,38.36425613145122
16.00446344125185,9.84580139238102,-15.016521298456835,Inf
9.685421539200895,10.552201843675224,-11.379333710181863,36.59123286550246
1.9676369603374688,6.996401731049513,-5.398037740722295,27.096498542891574
1.7108587763866367,7.805154223261759,-3.0780243448883198,24.62617917360717
0.772959750674616,8.514120158830146,-8.459429382436934,28.399820390501702
-4.618470430671673,13.235955759641357,-3.029063478482694,19.40803943830716
-4.728086440940844,15.217193602551518,-8.401961413183852,23.75288857326082
-8.493129137004809,19.101633004174687,-0.35513769942056683,14.019750197077556
-4.402523310336113,12.244354409251905,-12.848503839492809,29.11157346511563
-4.728086440940844,15.217193602551518,-8.401961413183852,23.75288857326082
-3.2245149937810424,16.815356903182632,-9.344469073732533,26.141020421042953
-4.728086440940844,15.217193602551518,-8.401961413183852,23.75288857326082
-9.601364172952929,13.766710407277188,-5.797688701575572,20.568615697364436
-10.609205263798405,17.300372093854705,1.1816840207114083,12.356297579253496
-0.1778989456950768,11.672151703505715,-6.263526313700121,25.119948757578282
-4.618470430671673,13.235955759641357,-3.029063478482694,19.40803943830716
14.927470284781776,8.127810090480043,-11.622475967551562,54.18193931832461
11.926134404671362,6.22687974722826,-4.966275168846703,33.73013468138167
7.129561599594574,17.903272790647904,-12.152003473374506,35.29452379265142
3.399469908619473,19.335949675404777,-7.939534913191046,29.488403018009173
14.5846285593027,15.378228224876352,-13.066837670275024,Inf
6.090754666639704,12.886032224346849,-10.19408201760787,31.529709158043808
15.448686535257075,13.752322733106894,-12.529117221659298,Inf
6.090754666639704,12.886032224346849,-10.19408201760787,31.529709158043808
16.311251965840313,9.372546381251404,-12.996125487273211,Inf
11.926134404671362,6.22687974722826,-4.966275168846703,33.73013468138167
6.629469078969834,13.710517581594274,-5.9095797671412775,29.961745560034323
0.3905545136504358,14.915228051562224,-3.793177564585193,22.72167332103379
6.090754666639704,12.886032224346849,-10.19408201760787,31.529709158043808
0.3905545136504358,14.915228051562224,-3.793177564585193,22.72167332103379
3.7372668420985633,8.804651043787501,-10.345429775175807,32.23673140266358
-0.1778989456950768,11.672151703505715,-6.263526313700121,25.119948757578282
3.399469908619473,19.335949675404777,-7.939534913191046,29.488403018009173
0.3905545136504358,14.915228051562224,-3.793177564585193,22.72167332103379
7.923554876992263,9.344391215056078,-10.167708254804682,34.827238910129346
1.7108587763866367,7.805154223261759,-3.0780243448883198,24.62617917360717
9.685421539200895,10.552201843675224,-11.379333710181863,36.59123286550246
6.090754666639704,12.886032224346849,-10.19408201760787,31.529709158043808
16.757742806442224,15.388750066883631,-7.135755338889673,39.08135527886523
12.7376091977994,13.431015992966465,-1.588488166145119,31.956302996858785
15.24110110544467,18.643606550198385,-5.229026267991266,35.16704379079038
8.478303008069233,19.965817218589137,0.6509541656958184,26.108465035929655
7.723522917239485,15.507072987950835,-11.04893754674169,35.454974222045664
6.090754666639704,12.886032224346849,-10.19408201760787,31.529709158043808
18.272997811973738,1.1713740925277882,-17.581913269542646,Inf
10.59310633637714,2.9483216533714085,-13.14525790743442,40.13970315512627
19.75431394505975,0.164503769628908,-9.011414680486896,Inf
12.066373379650628,3.0921917295852275,-5.205795758697311,34.639614663236586
19.017147792315036,15.243938475156313,-10.412705789164125,Inf
15.24110110544467,18.643606550198385,-5.229026267991266,35.16704379079038
18.90456760304265,19.598564941711814,-14.157900635659617,Inf
15.24110110544467,18.643606550198385,-5.229026267991266,35.16704379079038
18.523551405402692,3.010276238510947,-12.101310664200708,Inf
13.488886643773263,4.050636217438736,-6.252395058098674,36.01526981389108
17.27434137823834,7.932185592946979,-3.8050807388192993,38.799257281976686
14.127526481424908,6.756142630118092,0.182320209648708,32.49257681778553
-0.1085044807193647,-5.435351513887765,3.777157695504741,27.9670460516965
-5.948256456728984,0.7600395884761895,7.2030044606090655,18.78979155427002
4.197775225234501,-8.326731903430984,10.379350660183402,33.21873280768886
4.5428505799760615,-7.047198088820421,10.86686334681798,31.714076929782184
0.4645036549021313,-9.242751193282084,-0.09630323651677486,32.87817835777818
-1.075752263049612,-5.071619490181654,2.417787514444729,27.770206129832435
-11.362415844166378,-6.481370725238609,-4.894011664273448,30.850126662065495
-12.923192044523573,-0.7656280011541128,-1.1887838634782284,23.6535082135485
-6.154504742096174,-8.601030371709877,-3.6200397082206663,32.145776429592836
-7.9541310170563495,-0.8523889703404386,-0.47066260787561376,22.921201266123084
-7.261771605210754,-6.633265060107707,0.339459200417096,27.587731691418362
-8.361312429121526,2.636475076632159,3.2375522977478433,17.813478992263885
-10.655913286765708,-8.058210421004528,-1.0084589436905773,30.635649730568392
-7.9541310170563495,-0.8523889703404386,-0.47066260787561376,22.921201266123084
-0.027227484667982083,-5.986104982460967,1.389348663070944,29.500343233499255
-1.075752263049612,-5.071619490181654,2.417787514444729,27.770206129832435
-0.336839661187625,-6.223337295123903,8.155467846672344,27.79882799850061
-5.948256456728984,0.7600395884761895,7.2030044606090655,18.78979155427002
14.97633183063651,-5.50718596466198,-4.6518641445916575,54.721960633662235
11.875788291915335,-0.7187220871779942,-1.3535659048821174,34.506066686586415
11.333824168605425,-9.698927119402505,6.792021875945451,37.88053305677551
8.061006782969294,-1.5825280362183776,9.758444018429302,28.6400283062409
3.9712883823214185,-10.452610322074634,-1.3269215222938797,36.04368951827139
-1.075752263049612,-5.071619490181654,2.417787514444729,27.770206129832435
6.510895002792427,-9.506680443769113,6.739533181053467,35.30677447851539
4.206048076068825,-2.147898182163914,6.197841866087046,27.57648177965511
12.946379848983234,-6.348311829629392,-2.484114572071398,38.82829190622008
7.560631040247365,-3.462043203565159,-1.3806325500290129,33.12175365964955
17.01433784011533,-6.157927536372139,-1.9957447529389327,Inf
11.004665885510285,-1.1344319380432495,3.0496625116215093,31.9257996488113
-0.5255687890007898,-9.106991496378125,16.477568949196495,33.34023944977385
-5.282955420606461,-4.601198727672875,15.572651513355176,25.976995071515013
-1.6266578808233945,-8.31831040448428,15.025315652600888,31.077318047207534
-6.53583473825786,-1.69888356860449,9.521961492036493,21.16753822776971
-9.719273448555175,-6.7447881070247195,19.05862427339119,26.67243379813827
-12.598006309722791,1.2318507938695866,17.527711024951522,18.0551507915593
10.172959272986297,-10.500555194981462,19.073687885992072,38.5132097410106
8.274012798103705,-2.4725093251708046,15.168121720675359,29.385835240426125
7.150247952665659,-8.128627655578802,14.58526498824817,35.21692782357409
8.274012798103705,-2.4725093251708046,15.168121720675359,29.385835240426125
10.33140828244538,-9.717677389000619,13.15824072712359,37.697091960486304
8.274012798103705,-2.4725093251708046,15.168121720675359,29.385835240426125
0.9377674525330626,-7.598261547274259,12.220374104790572,31.310602938580903
-6.53583473825786,-1.69888356860449,9.521961492036493,21.16753822776971
6.309200073096211,-10.158297768408051,12.720932014633341,36.865066808493594
4.5428505799760615,-7.047198088820421,10.86686334681798,31.714076929782184
4.5428505799760615,-7.047198088820421,10.86686334681798,31.714076929782184
0.5263307333249472,1.6034663748334026,12.087003614658968,22.098715802165994
-0.45479152427095215,-8.823396228537064,18.499754031274513,33.00137832594184
0.6424689420487617,0.5384762184213727,17.729386907835895,23.543994874429323
-7.014432591332165,9.5593512039638,1.7409439884486062,16.869328882373757
-10.383427987248428,8.997278479386974,8.435779390005685,9.353553687534562
3.311730871870651,2.22146751368755,1.111596292301833,25.600673197607954
0.6470596737644208,7.248418734115738,7.716194114121642,16.883367217285347
-10.654258132135173,19.823068244322513,-2.6630269028752878,16.105502952384303
-10.451216895370035,18.632352181843288,6.149168592576277,7.210907968050839
2.594853913567839,2.0032551778070555,1.1554196291467278,25.505977319553566
0.6470596737644208,7.248418734115738,7.716194114121642,16.883367217285347
-11.224735677190338,3.1180025792220505,-1.5736999014290376,21.718838615983167
-10.350329288101294,4.8778937104411035,5.032010154019638,14.697341801817679
-6.764473950801992,16.002445749522124,1.1434211279048334,13.96116641215141
-10.451216895370035,18.632352181843288,6.149168592576277,7.210907968050839
-0.9936060489861909,4.425947587667309,-0.5294146113003251,23.598450144109925
-6.4788592989782146,7.261971087711707,3.866739371458472,15.609197145733638
-10.895702459637704,-4.235342470078489,-4.5715641054111344,28.90639643603101
-12.923192044523573,-0.7656280011541128,-1.1887838634782284,23.6535082135485
1.7108587763866367,7.805154223261759,-3.0780243448883198,24.62617917360717
-2.4038636805095877,10.679268465834557,4.914468628164059,15.188413680603144
0.3905545136504358,14.915228051562224,-3.793177564585193,22.72167332103379
-6.764473950801992,16.002445749522124,1.1434211279048334,13.96116641215141
-4.618470430671673,13.235955759641357,-3.029063478482694,19.40803943830716
-6.764473950801992,16.002445749522124,1.1434211279048334,13.96116641215141
3.222424984858165,15.090040129588985,0.9744335947820204,23.351373124340597
2.601452589248403,15.74716214144955,4.138170290313514,19.400690408267224
3.0142729678779645,12.07984027944736,0.920577760561585,22.06365697869852
-2.4038636805095877,10.679268465834557,4.914468628164059,15.188413680603144
-7.906920415558671,2.323147757642438,-0.5001096533114406,21.591674721869655
-10.350329288101294,4.8778937104411035,5.032010154019638,14.697341801817679
-7.9541310170563495,-0.8523889703404386,-0.47066260787561376,22.921201266123084
-8.361312429121526,2.636475076632159,3.2375522977478433,17.813478992263885
1.156713181371476,-4.939962151513901,-0.25971389520166355,30.61619251876214
-2.0167756747264747,-2.6053781888561005,2.3055874977615787,25.914907052507616
-9.908979305938486,17.511920248420473,-1.4356559773136013,14.89719140524149
-10.451216895370035,18.632352181843288,6.149168592576277,7.210907968050839
-8.493129137004809,19.101633004174687,-0.35513769942056683,14.019750197077556
-10.451216895370035,18.632352181843288,6.149168592576277,7.210907968050839
-0.32419475582809554,-4.29778118589021,1.442471425143701,28.29743910000079
-5.948256456728984,0.7600395884761895,7.2030044606090655,18.78979155427002
-6.004255466399764,5.768295675284474,1.4046341296756566,18.24402530541891
-10.383427987248428,8.997278479386974,8.435779390005685,9.353553687534562
-10.609205263798405,17.300372093854705,1.1816840207114083,12.356297579253496
-10.451216895370035,18.632352181843288,6.149168592576277,7.210907968050839
5.634623136967527,13.10026359719864,-4.394132742278067,28.07644721993032
3.0142729678779645,12.07984027944736,0.920577760561585,22.06365697869852
11.926134404671362,6.22687974722826,-4.966275168846703,33.73013468138167
6.505129593179717,6.273766627373298,-0.13991029485645612,26.47180915529563
4.1913474453601225,-3.350491379647149,-3.8363940934508562,33.51272566208225
2.594853913567839,2.0032551778070555,1.1554196291467278,25.505977319553566
3.688640808047552,7.198472535644598,0.6327673241408434,23.408359988675357
-2.4038636805095877,10.679268465834557,4.914468628164059,15.188413680603144
14.957850550754571,9.626360517611321,-1.9925752060187918,34.88874255184284
10.792996302357132,8.315588295775935,4.9216861413364725,26.71126465780604
7.560631040247365,-3.462043203565159,-1.3806325500290129,33.12175365964955
5.508939234299454,0.3758079288757443,2.5102243836400184,26.781486885997218
5.317741475922535,-1.0230662864327478,-3.9352071358785423,31.926912441138413
3.311730871870651,2.22146751368755,1.111596292301833,25.600673197607954
12.763691263428413,7.190251097049103,-2.158704935656459,32.90303880035608
3.688640808047552,7.198472535644598,0.6327673241408434,23.408359988675357
11.875788291915335,-0.7187220871779942,-1.3535659048821174,34.506066686586415
5.508939234299454,0.3758079288757443,2.5102243836400184,26.781486885997218
5.451590819944592,1.9884867288471781,0.43612146131266627,27.856675611342407
3.311730871870651,2.22146751368755,1.111596292301833,25.600673197607954
6.505129593179717,6.273766627373298,-0.13991029485645612,26.47180915529563
3.688640808047552,7.198472535644598,0.6327673241408434,23.408359988675357
14.127526481424908,6.756142630118092,0.182320209648708,32.49257681778553
7.916031606257967,5.8782354775343215,3.7057375805364146,25.919248917372663
5.194064213913229,10.622016038642215,-3.76424849117339,27.750040211906718
3.0142729678779645,12.07984027944736,0.920577760561585,22.06365697869852
13.251011337048944,11.533084695773805,-3.5691520732205184,34.747137008089226
12.7376091977994,13.431015992966465,-1.588488166145119,31.956302996858785
12.7376091977994,13.431015992966465,-1.588488166145119,31.956302996858785
5.928987053032717,15.654116113785577,4.822489852263825,22.343803383859267
9.086244922182793,17.141015483584134,-4.58188728369521,31.68585486375687
3.222424984858165,15.090040129588985,0.9744335947820204,23.351373124340597
8.478303008069233,19.965817218589137,0.6509541656958184,26.108465035929655
5.952866364959057,19.318449219471972,5.541070738003686,20.56679059083595
1.6694832063868503,4.896711014802932,14.227746430665754,19.445537194944446
-3.101809499908761,9.945651660361587,15.49577724178539,12.38402617608505
-11.583222279478935,2.105172771108961,8.841795096698561,16.36108365121139
-10.383427987248428,8.997278479386974,8.435779390005685,9.353553687534562
-8.555717469020232,-2.407400439752312,12.126999838401346,23.2059131814384
-7.01659129073918,3.0109164791796417,10.035211191780675,16.40552514429875
-7.9370253660771795,-3.7220900837920396,6.969558078320269,23.485479468710267
-11.583222279478935,2.105172771108961,8.841795096698561,16.36108365121139
-11.411786649137285,-3.7321543981899623,10.909857882168346,22.55629650804134
-11.583222279478935,2.105172771108961,8.841795096698561,16.36108365121139
-9.666058952096304,-5.15776847285534,5.902270945674914,24.427472742470865
-11.583222279478935,2.105172771108961,8.841795096698561,16.36108365121139
-2.0167756747264747,-2.6053781888561005,2.3055874977615787,25.914907052507616
-5.948256456728984,0.7600395884761895,7.2030044606090655,18.78979155427002
-6.795097849948926,-2.7897915819721604,9.331480592561341,22.252961344147554
-7.01659129073918,3.0109164791796417,10.035211191780675,16.40552514429875
-7.733329899281527,-4.349233977382925,4.4204924946290625,24.87531013586313
-10.350329288101294,4.8778937104411035,5.032010154019638,14.697341801817679
-1.075752263049612,-5.071619490181654,2.417787514444729,27.770206129832435
-5.948256456728984,0.7600395884761895,7.2030044606090655,18.78979155427002
0.5263307333249472,1.6034663748334026,12.087003614658968,22.098715802165994
-3.101809499908761,9.945651660361587,15.49577724178539,12.38402617608505
-0.09177169845937527,1.413180998039259,10.380574939460487,22.074541506412967
-3.243415867886661,3.287604407830173,9.900481054242967,18.376323796693804
-5.948256456728984,0.7600395884761895,7.2030044606090655,18.78979155427002
-10.383427987248428,8.997278479386974,8.435779390005685,9.353553687534562
-5.6945602274901574,-0.030365548254131625,10.601481828008048,19.769722661692814
-7.01659129073918,3.0109164791796417,10.035211191780675,16.40552514429875
-2.2062042388162872,-0.15107502951219942,6.943426791101956,22.649903627151353
-5.948256456728984,0.7600395884761895,7.2030044606090655,18.78979155427002
-6.53583473825786,-1.69888356860449,9.521961492036493,21.16753822776971
-7.01659129073918,3.0109164791796417,10.035211191780675,16.40552514429875
-0.3869110458749958,-0.29094191898169086,2.067968593662755,25.478032168988282
-6.4788592989782146,7.261971087711707,3.866739371458472,15.609197145733638
-5.37778035514938,0.9167318742698782,4.0193105230230515,21.3447855834957
-10.350329288101294,4.8778937104411035,5.032010154019638,14.697341801817679
0.42246553613917825,0.26178548449044214,8.414306706340167,23.908383080814726
-3.243415867886661,3.287604407830173,9.900481054242967,18.376323796693804
0.9952185957142134,-2.2595008311636455,3.621345682098827,27.318846801375155
-5.948256456728984,0.7600395884761895,7.2030044606090655,18.78979155427002
0.6424689420487617,0.5384762184213727,17.729386907835895,23.543994874429323
1.54136429999717,2.2992881145951642,17.126851621971333,21.47722924452345
-2.2607855926437708,-3.83171721958486,19.595724828773733,29.102247613361662
1.54136429999717,2.2992881145951642,17.126851621971333,21.47722924452345
-10.027139947267916,-4.816632715116178,19.129010915611595,25.560709500078723
-12.598006309722791,1.2318507938695866,17.527711024951522,18.0551507915593
-5.282955420606461,-4.601198727672875,15.572651513355176,25.976995071515013
-7.01659129073918,3.0109164791796417,10.035211191780675,16.40552514429875
-10.9357562326631,1.7727054540135079,14.596722949712543,17.7987510749279
-9.863003464680542,10.19785691123202,17.936973023979156,8.672347284993796
-10.275231930001958,-2.686513781725928,13.522832728397901,22.432774030657598
-10.9357562326631,1.7727054540135079,14.596722949712543,17.7987510749279
-8.305582596010863,11.818153554148097,19.360682207538815,8.997695854416657
-12.0,17.0,13.0,0.0
0.01787726631154385,7.610933608444643,17.18672897579893,16.631692790597107
-3.101809499908761,9.945651660361587,15.49577724178539,12.38402617608505
-7.01659129073918,3.0109164791796417,10.035211191780675,16.40552514429875
-10.383427987248428,8.997278479386974,8.435779390005685,9.353553687534562
-8.361312429121526,2.636475076632159,3.2375522977478433,17.813478992263885
-10.383427987248428,8.997278479386974,8.435779390005685,9.353553687534562
-8.175140788246491,10.509834431294031,18.094453178043615,9.0942426997651
-12.0,17.0,13.0,0.0
-1.7196380146876962,19.25036582290673,17.795162331396227,11.806594920338943
-9.325285451481475,16.650619705211056,14.728607545779084,3.2037865961652088
-9.863003464680542,10.19785691123202,17.936973023979156,8.672347284993796
-12.0,17.0,13.0,0.0
-2.317272360769227,3.5433448169624597,3.0704322260830708,21.246669296933504
-6.4788592989782146,7.261971087711707,3.866739371458472,15.609197145733638
-3.101809499908761,9.945651660361587,15.49577724178539,12.38402617608505
-9.325285451481475,16.650619705211056,14.728607545779084,3.2037865961652088
-10.383427987248428,8.997278479386974,8.435779390005685,9.353553687534562
-12.0,17.0,13.0,0.0
-3.243415867886661,3.287604407830173,9.900481054242967,18.376323796693804
-4.419986613332467,12.060079747668283,10.024191741471284,9.5244343576395
-10.350329288101294,4.8778937104411035,5.032010154019638,14.697341801817679
-10.383427987248428,8.997278479386974,8.435779390005685,9.353553687534562
-6.4788592989782146,7.261971087711707,3.866739371458472,15.609197145733638
-10.383427987248428,8.997278479386974,8.435779390005685,9.353553687534562
-2.4038636805095877,10.679268465834557,4.914468628164059,15.188413680603144
-4.419986613332467,12.060079747668283,10.024191741471284,9.5244343576395
-11.39976106722366,18.253961212358448,2.8878168719305997,10.628411562416714
-10.451216895370035,18.632352181843288,6.149168592576277,7.210907968050839
-9.325285451481475,16.650619705211056,14.728607545779084,3.2037865961652088
-12.0,17.0,13.0,0.0
-9.971198690111631,13.368173030671244,17.254756020737105,5.950558854943551
-12.0,17.0,13.0,0.0
-10.014343416754716,16.42548025456844,11.976750294003047,2.3065005886188126
-12.0,17.0,13.0,0.0
-10.451216895370035,18.632352181843288,6.149168592576277,7.210907968050839
-12.0,17.0,13.0,0.0
-4.419986613332467,12.060079747668283,10.024191741471284,9.5244343576395
-12.0,17.0,13.0,0.0
-7.668764032489381,17.67234407804232,16.674612781872327,5.719653019391622
-12.0,17.0,13.0,0.0
-2.125371677115851,19.32454917171711,5.477575731830502,15.592427653747528
-10.451216895370035,18.632352181843288,6.149168592576277,7.210907968050839
-3.8532239388870266,18.978913899992598,18.011316035871673,9.767259023128847
-12.0,17.0,13.0,0.0
-0.43730536597641034,19.56933340213812,4.420699032982476,17.599035624138015
-2.125371677115851,19.32454917171711,5.477575731830502,15.592427653747528
-1.6295088336249748,19.60442438316892,10.763651939901777,11.355409051849897
-10.014343416754716,16.42548025456844,11.976750294003047,2.3065005886188126
-10.656769620578874,11.223484851699126,19.120377131105684,8.522406428803471
-12.0,17.0,13.0,0.0
1.54136429999717,2.2992881145951642,17.126851621971333,21.47722924452345
-3.101809499908761,9.945651660361587,15.49577724178539,12.38402617608505
0.19487403827090688,3.2502093360266393,6.198341033982004,21.18383558861469
0.6470596737644208,7.248418734115738,7.716194114121642,16.883367217285347
0.6080957561194893,19.086860426486957,2.8238371471859196,19.40958217299334
-2.125371677115851,19.32454917171711,5.477575731830502,15.592427653747528
1.2019718949256557,9.897565076099504,11.360523887253493,15.694415782018101
-4.419986613332467,12.060079747668283,10.024191741471284,9.5244343576395
0.6470596737644208,7.248418734115738,7.716194114121642,16.883367217285347
-4.419986613332467,12.060079747668283,10.024191741471284,9.5244343576395
1.3451423272786123,14.18602547725655,9.401357300722417,15.700539901395125
-4.419986613332467,12.060079747668283,10.024191741471284,9.5244343576395
-8.049851467406768,8.09829666170834,19.39896105244904,11.808121894557924
-9.863003464680542,10.19785691123202,17.936973023979156,8.672347284993796
1.6979089462883863,5.217242324908646,16.919635224569106,19.270427526681786
-3.101809499908761,9.945651660361587,15.49577724178539,12.38402617608505
9.363510642938948,-1.2292136705560175,3.445933384886697,30.234822206017974
3.321613802151873,4.153162214468004,7.937711042950085,20.98006374715594
11.004665885510285,-1.1344319380432495,3.0496625116215093,31.9257996488113
9.363510642938948,-1.2292136705560175,3.445933384886697,30.234822206017974
5.508939234299454,0.3758079288757443,2.5102243836400184,26.781486885997218
0.6470596737644208,7.248418734115738,7.716194114121642,16.883367217285347
8.495484251364537,4.633009894755695,13.574595754471488,24.957945238124275
1.2019718949256557,9.897565076099504,11.360523887253493,15.694415782018101
4.206048076068825,-2.147898182163914,6.197841866087046,27.57648177965511
3.321613802151873,4.153162214468004,7.937711042950085,20.98006374715594
8.366160527988775,-4.376809333153124,13.038423772014369,32.00486687453788
0.5263307333249472,1.6034663748334026,12.087003614658968,22.098715802165994
8.205406021575044,-4.504080775563439,11.121206912645391,31.95787868481248
5.554532912875079,-2.214623223674881,11.056087331541391,28.14749716464607
5.554532912875079,-2.214623223674881,11.056087331541391,28.14749716464607
1.6694832063868503,4.896711014802932,14.227746430665754,19.445537194944446
8.274012798103705,-2.4725093251708046,15.168121720675359,29.385835240426125
1.6694832063868503,4.896711014802932,14.227746430665754,19.445537194944446
1.7774607901971962,0.3623788664281591,10.98211505013646,24.17871661051711
0.5263307333249472,1.6034663748334026,12.087003614658968,22.098715802165994
8.061006782969294,-1.5825280362183776,9.758444018429302,28.6400283062409
3.321613802151873,4.153162214468004,7.937711042950085,20.98006374715594
3.321613802151873,4.153162214468004,7.937711042950085,20.98006374715594
0.6470596737644208,7.248418734115738,7.716194114121642,16.883367217285347
8.17986656974223,4.52876820919629,10.737971966443276,24.5206587417948
1.2019718949256557,9.897565076099504,11.360523887253493,15.694415782018101
12.894384445541561,3.502795424824381,6.4114919208356085,30.695528715994158
3.321613802151873,4.153162214468004,7.937711042950085,20.98006374715594
13.506518003880316,-3.6103864310321043,5.385512644099137,35.39199792639194
9.363510642938948,-1.2292136705560175,3.445933384886697,30.234822206017974
12.687450003651549,-5.009912616680001,3.959973700240951,35.29510824938815
9.363510642938948,-1.2292136705560175,3.445933384886697,30.234822206017974
12.511614720308827,-1.2618911827334145,10.129664126999522,32.8792277463373
8.17986656974223,4.52876820919629,10.737971966443276,24.5206587417948
12.277384903148565,-2.1454261578306877,19.182698973444097,34.53399816057715
8.495484251364537,4.633009894755695,13.574595754471488,24.957945238124275
12.395255205332518,-4.792920775036595,6.537057499683392,34.92251682810648
8.061006782969294,-1.5825280362183776,9.758444018429302,28.6400283062409
11.626751512454394,0.3106965229664098,17.04782799370846,31.32587816270794
8.495484251364537,4.633009894755695,13.574595754471488,24.957945238124275
10.92730025916886,1.1213377375809763,13.970414107987324,29.247728752973185
8.495484251364537,4.633009894755695,13.574595754471488,24.957945238124275
9.476152301635913,0.5682345100054498,14.264349332841888,28.371965987454267
1.6694832063868503,4.896711014802932,14.227746430665754,19.445537194944446
10.15452859135399,0.03675898876732475,10.693400932412676,29.419692103899045
3.321613802151873,4.153162214468004,7.937711042950085,20.98006374715594
14.38224332671939,-2.36509779653046,18.14091552884284,35.319304102699725
9.476152301635913,0.5682345100054498,14.264349332841888,28.371965987454267
13.043676780918894,3.1334189825531737,9.45714166586102,29.740254079896168
8.17986656974223,4.52876820919629,10.737971966443276,24.5206587417948
13.017557223240892,2.6178876779844558,18.99856015808573,32.3015990537105
8.495484251364537,4.633009894755695,13.574595754471488,24.957945238124275
13.71794175667911,4.81000085887387,5.140370754646611,31.282071167452123
10.129373268486745,7.4764942100843435,4.663314632692519,26.49285475675063
14.807003138966046,4.367860781864785,18.875138617676186,33.20423709357589
8.495484251364537,4.633009894755695,13.574595754471488,24.957945238124275
7.916031606257967,5.8782354775343215,3.7057375805364146,25.919248917372663
0.6470596737644208,7.248418734115738,7.716194114121642,16.883367217285347
13.621285387727092,13.043509869057495,3.0851283107896705,30.696792742304858
5.928987053032717,15.654116113785577,4.822489852263825,22.343803383859267
3.0220714911515856,11.445229763720999,5.3735778846237,18.32162019055104
-4.419986613332467,12.060079747668283,10.024191741471284,9.5244343576395
2.4097277170270885,18.64240248064104,4.295177686521036,19.041895714800432
-1.6295088336249748,19.60442438316892,10.763651939901777,11.355409051849897
2.18530637740713,16.628829588531318,12.327241695709475,16.439874844896703
-1.6295088336249748,19.60442438316892,10.763651939901777,11.355409051849897
2.601452589248403,15.74716214144955,4.138170290313514,19.400690408267224
-4.419986613332467,12.060079747668283,10.024191741471284,9.5244343576395
12.413006872744518,6.19438480319684,3.8022068351238474,29.605599196544595
10.129373268486745,7.4764942100843435,4.663314632692519,26.49285475675063
15.878824222211804,12.36243454733507,18.505826135985984,32.335440248853736
9.25696376078001,10.905900130747046,14.156965903396014,24.280434736752483
11.712338053816431,16.687976870138357,16.05589796865101,27.96407375386783
8.329402720738486,18.631184527255556,16.34974859859856,24.05170162698794
5.604132780398665,16.31571088620946,5.970692123487204,21.569442965781942
-1.6295088336249748,19.60442438316892,10.763651939901777,11.355409051849897
8.89804543350074,13.513331411708762,9.358717991662246,23.283460232539333
1.3451423272786123,14.18602547725655,9.401357300722417,15.700539901395125
10.792996302357132,8.315588295775935,4.9216861413364725,26.71126465780604
3.0220714911515856,11.445229763720999,5.3735778846237,18.32162019055104
5.928987053032717,15.654116113785577,4.822489852263825,22.343803383859267
1.3451423272786123,14.18602547725655,9.401357300722417,15.700539901395125
10.129373268486745,7.4764942100843435,4.663314632692519,26.49285475675063
3.0220714911515856,11.445229763720999,5.3735778846237,18.32162019055104
9.25696376078001,10.905900130747046,14.156965903396014,24.280434736752483
1.2019718949256557,9.897565076099504,11.360523887253493,15.694415782018101
8.329402720738486,18.631184527255556,16.34974859859856,24.05170162698794
2.18530637740713,16.628829588531318,12.327241695709475,16.439874844896703
5.952866364959057,19.318449219471972,5.541070738003686,20.56679059083595
-1.6295088336249748,19.60442438316892,10.763651939901777,11.355409051849897
12.22633585521362,18.59870390667413,14.694820891692125,28.28560391215822
8.329402720738486,18.631184527255556,16.34974859859856,24.05170162698794
12.812459680999304,12.552863148509267,15.823364637847007,28.53847691159673
9.25696376078001,10.905900130747046,14.156965903396014,24.280434736752483
16.746242127122756,16.075715803607622,6.425839901693962,32.044840203996024
8.89804543350074,13.513331411708762,9.358717991662246,23.283460232539333
14.880818425319433,9.619840804045225,15.317402329634994,30.165016504304095
9.25696376078001,10.905900130747046,14.156965903396014,24.280434736752483
15.809979342183489,7.105452923612539,15.215091493062609,31.929293602481444
9.25696376078001,10.905900130747046,14.156965903396014,24.280434736752483
13.315538576161778,14.085137528654322,16.287938610810997,29.859020995299616
9.25696376078001,10.905900130747046,14.156965903396014,24.280434736752483
13.786983310325276,19.26825356445829,14.013091052739945,30.02254841254649
8.329402720738486,18.631184527255556,16.34974859859856,24.05170162698794
11.017507799399588,9.156283132266374,18.9948366751619,29.717866902545275
9.25696376078001,10.905900130747046,14.156965903396014,24.280434736752483
15.432253779535856,18.226356059342223,18.6559437870418,31.530532785604287
8.329402720738486,18.631184527255556,16.34974859859856,24.05170162698794
18.89391499754212,6.1218203254951575,1.075206066560341,35.94343182370362
10.792996302357132,8.315588295775935,4.9216861413364725,26.71126465780604
19.114845810760983,-0.006348241951705802,-0.5243941911914192,40.469745188747396
13.71794175667911,4.81000085887387,5.140370754646611,31.282071167452123
19.741413786903635,-6.834680777184738,9.392848986178855,45.33762195037767
12.511614720308827,-1.2618911827334145,10.129664126999522,32.8792277463373
17.348390894403174,-10.369752246390807,17.58305807716514,52.995442476735946
14.38224332671939,-2.36509779653046,18.14091552884284,35.319304102699725
19.610624778291523,-9.773982356205702,15.522276961304613,Inf
17.668984765049615,-3.779173645511751,16.938544318585294,38.0246226303686
18.96852901983246,-6.710429194999454,-0.03948664750920372,Inf
12.687450003651549,-5.009912616680001,3.959973700240951,35.29510824938815
18.16173783215899,-8.48557768776021,8.540981834834547,Inf
12.395255205332518,-4.792920775036595,6.537057499683392,34.92251682810648
18.476008812774474,5.683830387403852,8.122030575579995,35.4403559863065
10.792996302357132,8.315588295775935,4.9216861413364725,26.71126465780604
18.999617315551028,-0.557012317036456,15.820703684546167,37.69774254477939
10.92730025916886,1.1213377375809763,13.970414107987324,29.247728752973185
17.668984765049615,-3.779173645511751,16.938544318585294,38.0246226303686
9.476152301635913,0.5682345100054498,14.264349332841888,28.371965987454267
19.10936744166355,1.8332927635129614,16.309796023220088,37.78738981668786
10.92730025916886,1.1213377375809763,13.970414107987324,29.247728752973185
19.98218580596928,-4.788150960865467,0.46711103406430965,Inf
12.687450003651549,-5.009912616680001,3.959973700240951,35.29510824938815
18.339379140164375,8.900997433240512,4.171428393534093,34.31741246606721
10.792996302357132,8.315588295775935,4.9216861413364725,26.71126465780604
19.413931911903965,19.631864653550736,3.026992028262214,37.64081467655299
16.746242127122756,16.075715803607622,6.425839901693962,32.044840203996024
17.714542440959733,7.824434280481441,3.470531083115276,33.80033259502779
10.792996302357132,8.315588295775935,4.9216861413364725,26.71126465780604
18.028442899845352,10.007003897009916,16.18203482671308,33.327410191028335
9.25696376078001,10.905900130747046,14.156965903396014,24.280434736752483
