-12.0,17.0,13.0,0.0,0.0
-15.409358072944288,12.39381454027211,-4.152925297628398,18.084897379442864,18.084897379442864
-18.68510003480995,9.001273202786251,7.470467553593949,11.800250926473495,11.800250926473495
-12.572746289667993,-11.837171047246047,-8.86665161334582,37.62739492010935,37.62739492010935
-19.011093547750058,1.9559758588622245,-14.808125647208819,34.12535355542365,33.57711390901816
-14.541095564426474,-16.01469200596787,3.5366624097436983,36.61911311255187,36.31776715364153
-17.278491510068122,-15.272803666125734,-17.68898523649466,85.5935289955528,46.99377360364963
-17.863250720471548,1.2429046574801106,-6.4605832740682345,27.944856489739635,27.782313937465194
-18.74079088472074,-12.284117013177367,-6.7291953210774835,38.00800402839229,38.00800402839229
-18.603537163021198,-7.4776351877534175,-15.12538983985202,40.96605017135376,40.00437519174157
-19.15300799616933,-13.172352491731774,-9.380119304980239,Inf,40.43418772313441
-19.67326470420181,-1.0157303381166756,-12.917000730497508,35.02037124389839,34.70500153025471
-17.8096954706675,-2.4281896874098408,-17.657876364643982,39.49055103811326,39.49055103811326
-17.788523136709813,-4.82093060890187,-15.326368265916361,38.901453316609846,38.901453316609846
-18.209656119077337,-10.891672889484063,-6.818007209284973,36.876684300363074,36.876684300363074
-18.376243240276466,-10.474317075090847,-13.100026624497207,40.26405789136708,40.26405789136708
-17.869121612802424,-2.1519949157244227,-7.386854489693873,30.58170360279677,30.145103388582136
-19.792766252011642,-2.4338581899736234,2.2912546988654015,25.672757967217308,25.672757967217308
-19.806437133931148,-12.399716449985911,-4.131973765441428,38.71944628578206,37.53730678517665
-18.600886373261673,-14.391907152629049,-6.33310653791245,40.19837337164756,40.157245491896454
-17.578565804253916,-14.061873733631858,0.9907854216174243,35.75693129996445,35.75693129996445
-18.28233323737446,-7.866832337454754,-1.7418452873259866,32.39549253260596,32.39549253260596
-19.238969191292394,1.6382076808933306,-4.533885578519898,25.901103572384198,25.901103572384198
-16.042769051427122,-7.828770764555113,-8.855558187407269,34.74504263639015,34.74504263639015
-17.04879258149786,-14.952793145456758,-18.189576109865442,86.2305215807744,46.94600395360127
-14.307975119466203,-8.635917893127809,-19.381086882377836,Inf,43.40039847508359
-16.835340997081474,-9.537562583467363,2.4611913027958465,30.9419683766489,30.9419683766489
-16.948275080744803,-14.46905132105627,-4.702417900891556,39.56900050303339,38.31829436328993
-14.247435266340727,-13.878523322340461,2.8801790987322384,34.063787705372576,34.063787705372576
-16.554454680814423,-18.000892236005495,-13.525523256024359,Inf,46.3193766036981
-15.475439908335247,-18.101823933542427,-10.257927646034162,Inf,43.1146737053231
-15.842716254587517,-14.629018256971946,-3.168189556650489,38.596911460393805,37.87631880417073
-13.067164159337148,-17.541726633092367,-11.675777898435022,Inf,43.32071308445441
-13.52272885060053,-18.056187686929412,-10.78562796712645,Inf,43.12251399801412
-15.266615250558973,-17.18734211445998,-0.584907824661876,38.962138144652236,38.96073820419965
-14.737331162728893,-17.504196331796614,-11.804907382428116,Inf,43.49699221369213
-15.45107543208573,-13.558870488969612,-0.3116919688769144,36.01897439039465,36.01897439039465
-14.318066569624008,-11.036332795625441,-17.9025346784654,Inf,43.26339115055906
-13.293606449441295,-9.066958387169741,-7.996268926118528,35.326594111975425,34.97710523250642
-14.203794506812342,-9.362565084211676,-14.731860455982808,39.78356991447733,39.78356991447733
-13.277531603442272,-10.974034174511216,-5.253564929089967,34.13247831842526,34.13247831842526
-16.973979954107456,-1.3938346418020302,-11.493080010736918,33.6954408107343,33.2112977434728
-14.443166893051949,-6.455877787317412,-15.01035249433798,39.07883904220904,38.69790221030999
-16.69640751059064,-5.469057575780498,-11.971834054657071,36.7076097821531,36.01694494585687
-15.128612378073178,-4.431968343276083,-15.291249964314018,38.89753009053015,38.89753009053015
-15.438216392979704,-3.020861128128864,-18.835825769926473,Inf,41.06820634810835
-15.847103336965986,-1.3064272932807874,-17.887020960877365,39.06653143126769,39.06653143126769
-14.012748359752063,-4.935586228763507,-14.602741803010746,37.664172153889865,37.664172153889865
-12.923192044523573,-0.7656280011541128,-1.1887838634782284,23.6535082135485,23.481830306037416
-13.896566839256117,-1.6806362033149895,-3.45881578509033,26.2874678613374,26.2874678613374
-14.581216657776146,-5.406529464424477,-1.5015924292525717,28.419933303014915,28.22462031904961
-16.200976568846002,1.039039856857169,-8.903501385216996,30.658582063307023,29.643447750069974
-12.919088873092921,-5.185423782886991,-10.167577373288852,33.46441980742107,33.46441980742107
-17.185112564298866,-1.9493745434983545,7.346117025639725,23.43622192419204,22.852984287444617
-19.491635401928605,-13.892840346857236,4.85783295132417,35.15561213055719,35.15561213055719
-17.871373951289673,-19.42693197071007,4.203868520584226,Inf,40.46027332641634
-19.030219774575965,-16.111548044362564,5.203305343378453,36.80875745160647,36.80875745160647
-17.40604525815958,-5.076793602543841,4.047964120499444,26.81398007276806,26.81398007276806
-15.106626584751313,-14.996904995555962,3.886291663988981,35.50311991873234,35.50311991873234
-16.76129370982876,-17.553470036302592,5.55252962570173,38.44328646676877,38.44328646676877
-15.547677939384013,-7.3493763277349,7.126692083609516,27.185703498830947,27.185703498830947
-13.164428193590147,-4.214859961223327,4.1675828910593715,24.2547764197677,24.2547764197677
-16.87883682130429,0.34788873121659947,3.8324456600335033,21.359479603897825,21.359479603897825
-18.551712055619713,8.712695739504195,-6.745955994709503,23.575692620007572,23.575692620007572
-19.35295352133626,7.308863740583533,-8.527387240668931,25.86593760469176,25.86593760469176
-14.41378408517238,10.715838043223343,-18.287466584905818,32.76958934891945,32.39963463948858
-13.754775063978872,6.26509309875707,-14.071453313375839,30.77336573423935,30.509896916839878
-18.17893342103894,8.128866095988407,-17.98002923355191,33.35494825518515,33.35494825518515
-18.6624438924079,5.748544404353659,-10.566396797620055,27.876465139987143,27.876465139987143
-15.977274654182843,5.618720166435267,-12.0765710446062,30.058295861199458,30.058295861199458
-14.592581398494069,11.41402448750533,-9.473201472499282,23.555953151442036,23.555953151442036
-19.269837384984925,3.924859977254769,-0.7093515040603364,21.445007471923713,21.445007471923713
-19.559122625391225,5.762098426825766,-1.304182342964559,20.99317953213583,20.99317953213583
-19.779823885286916,9.082736783445668,4.466028721948625,14.82199955883041,14.82199955883041
-13.529597355859693,10.915808752752998,0.34936537661157274,17.441817546964444,17.441817546964444
-17.6365379204299,10.53514854290296,2.9550664275040717,14.313393648810358,14.313393648810358
-15.025344377746785,6.1351319777550195,-3.1114666185679596,22.24946954877567,22.24946954877567
-17.29270834404506,9.084855140278101,-3.045330773654893,20.49613869474024,20.49613869474024
-18.510397826036122,4.587033241751676,-0.7711262831659127,21.151181589539235,21.151181589539235
-16.386054700258068,5.0919811223105,-4.826258901652372,23.89153562576508,23.89153562576508
-16.972699758546597,9.033887751033156,-0.5231945275142991,18.15952993625305,18.15952993625305
-13.401093864488693,6.015845120411996,0.2155793035323228,18.6037937753553,18.6037937753553
-14.72896155168577,2.526717545531856,0.13391591670729497,20.747606753288963,20.747606753288963
-14.707259278478553,10.379487238595644,-2.2286976524658115,19.380900167645645,19.380900167645645
-12.743633984767007,5.8210767362370675,4.2969427290276485,15.079704119558418,15.079704119558418
-12.842828820922412,10.970924484704774,-6.6477367956980515,21.936620749911846,21.936620749911846
-12.352904213076874,-8.798230148652886,-4.206378001603266,32.25314773233908,31.5468141037496
-16.814353955291086,11.83557577758636,13.299049213932761,7.066732766153922,7.066732766153922
-18.94217453894708,-5.027733441088955,14.568681601218074,24.66700727610894,24.66700727610894
-19.580972500824004,-19.563134137304175,9.281163388942247,39.87771039715494,39.87771039715494
-19.10155787789158,-15.026761487505258,10.48936438503258,35.15878415854104,35.15878415854104
-19.703443875796474,-10.944091521637622,15.686273772840586,30.73593108536644,30.73593108536644
-19.919185064103154,-10.556772337322755,16.685984908586214,30.667656739102434,30.299256778392753
-16.981184743560362,-8.211718521973967,10.998250879649511,28.00338351879803,28.00338351879803
-18.0501104562366,8.535925611285382,18.71043042603838,13.524118612789449,12.36199430158153
-17.71920959385809,8.124474905862868,15.781241095134149,11.622203097728416,11.622203097728416
-19.736601596991463,-5.003331627118017,10.078738722740958,27.465953437925855,26.282531349768504
-18.916888097217424,4.781523001691312,15.660886048562219,14.79710039107908,14.79710039107908
-18.892743793453626,6.7426307001889825,15.503881900615461,12.992868189600465,12.992868189600465
-18.96985329192903,7.8539387371998615,9.674269891638367,12.866615182803192,12.866615182803192
-18.18588992532092,-2.535783349724248,9.77808218037464,23.362584044451925,23.362584044451925
-19.00235885130006,-3.0894215313241524,16.938896350289014,22.771583661042676,22.771583661042676
-17.280402352322966,1.3138561213625977,15.578363288498352,18.449958177360152,18.449958177360152
-17.72859545678868,-3.2272097938782522,19.18960186911886,23.629069352322965,23.629069352322965
-17.4110196334641,-0.21428362961113834,19.991982427568885,20.96887189111692,20.96887189111692
-13.1221878684845,0.23399116787655316,19.031556115569046,19.63638500861685,19.63638500861685
-12.081200402316341,-7.2022768422265315,18.239385519673775,27.186833410917387,26.53501387502525
-12.760879961503022,-7.6919848515143485,16.367639671620466,28.005858712736277,27.055547227110818
-16.678719573427596,-1.708345854110334,11.998508458243169,22.57789763303693,22.406079699954812
-16.687609623556625,-12.20115474471343,10.357663177752421,33.285227064427765,32.05457350819778
-15.122539595810292,-10.445372418198424,8.674060797982214,30.5460256784866,30.5460256784866
-13.991046243070278,-9.613728043212442,7.568143143093103,29.79594746593089,29.40313354233711
-14.703249436093238,-9.21424353839674,18.0219500203211,29.269048150913395,29.269048150913395
-14.808318692344873,-2.694317423351844,13.19378089638468,22.767439308381114,22.767439308381114
-13.579867480520758,-19.377475958227883,11.855332226220725,40.15241932049531,40.15241932049531
-13.001653825387223,-1.8765221956060856,12.243202848327137,21.25740571698637,21.25740571698637
-14.68720948081982,9.998941278073701,19.223209895017995,9.744960719218836,9.744960719218836
-13.144736841132163,0.6469814130830187,10.134021901448953,18.31102628362629,18.31102628362629
-15.1229932233056,1.4757333121713856,9.507459401636915,18.308195968309143,18.308195968309143
-14.531774675594589,10.980648283076448,17.42805354401351,7.889875555968116,7.889875555968116
-12.598006309722791,1.2318507938695866,17.527711024951522,18.0551507915593,17.829113162138892
-16.550270390701627,18.109075645086044,-19.988851147627837,34.95921034144786,34.95921034144786
-14.380665891364055,13.077149770474662,-1.536060432248867,17.357783677995297,17.357783677995297
-17.878769344098828,17.10642036295323,18.228047201081438,7.867892464408922,7.867892464408922
-17.860149637603513,14.726957622189126,0.1545777396028747,15.38659233151144,15.38659233151144
-14.505895460355225,16.800870052708767,-0.2424697578501238,14.555083815983904,14.555083815983904
-18.41349447465813,12.911896755536432,-0.6893243599741261,17.46332226388577,17.46332226388577
-17.982229171661466,14.242752298344598,-8.903656564085756,23.79521121407015,23.79521121407015
-15.144444598081686,13.433271520240353,-9.638720471641129,23.674584191205206,23.674584191205206
-15.989839785881435,14.974615396936045,-10.27396631200344,24.75307817936672,24.75307817936672
-14.599178071165113,17.0043069100589,-17.692912921151027,32.50179356645254,32.50179356645254
-19.856232203037266,14.003127868532616,-5.001656807522208,20.96288409443716,20.96288409443716
-17.40488241171952,14.099805684635662,-6.804807945124045,21.816519646953296,21.816519646953296
-14.605286895457636,14.617929739061672,2.5101010492547076,13.022362102014226,13.022362102014226
-16.796663439300417,15.506625172844792,9.129915580775112,6.341585128044044,6.341585128044044
-17.219919761727304,12.43053014848605,18.801501995091797,9.043508303850905,9.043508303850905
-19.115667062771358,12.583281903147707,17.417586637308382,9.468642362735922,9.468642362735922
-17.851547074852245,14.22658790691753,13.676376194538953,6.510752841554266,6.510752841554266
-18.44621275335955,16.606756052950267,9.361826397563895,7.412462939194332,7.412462939194332
-19.23363185956778,17.02256276331684,3.0174051235052275,12.904970319376922,12.904970319376922
-18.34023735221427,19.248884958277642,-8.625366356624635,23.748015939299897,23.748015939299897
-15.99303013374783,19.04327308757881,-11.699579398418907,27.62131476512411,27.62131476512411
-18.058124895416803,18.366420518870513,-12.858491585741207,28.08133800562288,28.08133800562288
-14.594157980984432,18.60672535263889,2.758150856934787,11.313442144322071,11.313442144322071
-17.008799269449646,18.287108376077057,2.5136783665646263,11.935878938943382,11.935878938943382
-14.998632101723075,18.796187085057284,7.7160029334414375,6.335511623019109,6.335511623019109
-15.97859752949204,19.664663797338974,12.507012451301406,4.813803919739667,4.813803919739667
-19.919967071192197,18.532879360316286,9.3747927323313,8.844078543048468,8.844078543048468
-15.932944502082629,18.707105331512004,15.645575428046229,5.037988727143072,5.037988727143072
-15.193121175150432,19.45073582140627,8.458620981435672,6.0684637508824455,6.0684637508824455
-14.144316940536283,19.290437974479545,-0.42788125023984946,14.538985761062241,14.441588495671743
-13.632597963777187,19.959117151041845,7.595158484773286,6.374485252131157,6.374485252131157
11.209837474971422,-10.8804634065985,-14.167346905066065,45.321976272460454,45.321976272460454
13.315556317019066,-14.190584616970119,-6.498382215234466,53.93614911046355,47.64599446678325
17.467489691339722,-18.380959803211905,-18.240684466209096,55.90534701828848,55.90534701828848
8.478512469419002,-14.243481774584348,-13.386160709514057,49.724280294388876,47.98771942742289
-1.7820925739437676,-16.113067749374057,-8.428361965582196,54.04520306905067,41.787425742884054
4.721523033725514,-16.56689571282716,-9.276071395604388,55.23955222484221,45.63037137424845
-7.490859304584845,-14.858950504881747,-11.267588506032338,52.614275205959984,40.76418187617389
-1.9939866319041855,-15.22616676823401,-10.502748529227386,Inf,42.44949736125281
-8.093824211497633,-15.584174604082435,-18.120032408609077,Inf,47.97479898189175
-10.168735499083388,-15.525690319489192,-19.255914838956638,Inf,48.42838812665934
-10.802895205528111,-15.291197143732722,-18.02540183996376,Inf,47.37054618982257
-7.157058484145287,-16.05820866070217,-10.549418915609445,Inf,42.17826424700702
-6.905278965548511,-16.65208890747212,-10.79073079096763,Inf,42.709854753285306
3.1150295928314193,-19.824785817336963,-18.125814028443923,Inf,52.472723985244826
-4.525513798067928,-16.0483431423663,-12.443011136667437,Inf,43.10239485532222
-5.792280987496872,-15.493809567125743,-10.808557762105986,Inf,41.088156209744746
-7.368450716305359,-16.255778060088346,-8.864314368805832,Inf,40.9646085762334
-4.437658262964197,-14.30374975308812,-16.263818456041605,Inf,44.596997370429975
-4.095173279565056,-14.458352247664159,-10.001108826359664,40.15686419002819,40.15686419002819
9.331368390368482,-16.61073918290147,-15.029719275597913,Inf,51.413642110287604
7.679286092646677,-17.6134550037213,-16.488789693209966,Inf,53.25717886206137
10.357849541625548,-18.47748134838436,-13.394778776027048,Inf,52.29938519644762
5.502397475183045,-15.918152582453358,-18.548927533976702,Inf,52.06483869189877
16.04110178396577,-15.687724086087949,-8.75126937201622,Inf,49.92958233300985
10.448223352678745,-14.77884109531348,-13.20137649310647,Inf,49.13516264202315
7.234824605908514,-16.07513151539643,-11.475996902286525,Inf,47.49577757791367
9.060664754393049,-14.960017199287057,-9.251576038956761,Inf,46.024927441027955
13.003639509148911,-17.646309546912597,-7.224143980805371,Inf,49.65647524957169
-0.07768239446782133,-19.89153606169878,-7.594830144506277,Inf,45.77976738840395
-3.2257467031696763,-16.544105310003587,-7.274903388660938,Inf,40.697891467392935
8.80520893334019,-13.319721073724455,-11.300706827298601,49.788500841442804,46.222321142550896
0.3875255585331594,-13.926917969978279,-13.34889790695903,56.34906195539968,43.942055870337356
-9.49827648929892,-11.27541671418597,-17.08514212994111,Inf,43.29512036388537
-0.7301762350746621,-14.073031675108938,-12.121080158710118,Inf,42.94491301430787
-10.505873766472105,-13.497548832929755,-17.425560384804946,Inf,45.95031360223812
-11.30223654980039,-11.857794196576368,-16.79799675178043,Inf,43.00890510037902
-8.47266444094613,-14.156497028544841,-18.519467160068615,Inf,48.06443331616478
-10.154357074395532,-13.926903570580134,-13.25454439563023,Inf,42.79525173521073
-0.7744337751831125,-11.498276348457761,-15.63894470104942,Inf,42.99603726824048
-0.3323214801213581,-13.26165819037743,-16.91974023188015,Inf,45.01846244875362
-3.8401939701887073,-12.404662368998567,-11.870348120209204,39.7735050603512,39.7735050603512
-3.779249671149614,-13.867248370689165,-11.407306048561052,Inf,40.514838610501606
11.914322136896462,-12.20608005433598,-11.32905824402994,Inf,47.07441052155656
15.329999042287845,-11.305200961258635,-15.506084260818493,Inf,49.67494664208359
8.157059268552977,-13.670258079426496,-11.14880132946718,Inf,46.220332538426305
-11.933094951480676,-12.799308943829777,-8.158533565323278,37.984488667171064,37.81730947767094
-0.6742334998402271,-14.23065031215252,-10.10517064966077,Inf,41.75083046824139
11.476716750341254,-12.196462536102013,-8.349384817169616,Inf,45.41347205190832
15.995310129342151,-11.188404092245383,-7.42461864119913,Inf,46.38680031874384
18.966696477858974,-18.68378616371657,-8.394013420398023,61.400575607062756,61.400575607062756
17.829401579087545,-18.576955313843058,-19.66364231852208,Inf,57.38663142856894
19.832588807716434,-12.11352255132729,-19.02669447192099,Inf,55.29621981150912
5.757411763879922,-13.442977941511964,8.584829008945398,37.25649486208726,37.25649486208726
-5.904016756354524,-16.156469990431024,6.847942748080058,36.35868881120359,36.35868881120359
2.6620398302405164,-18.56501702728074,-2.699329958328505,52.93130854211569,42.803376271982486
-11.125290347433339,-17.68886754355335,-6.112129033890508,52.354643986382065,41.17785536894877
0.5148957574500379,-19.337427598785418,-4.286078485629803,Inf,43.45475088937587
-6.907924040552249,-16.898093960791847,-3.446252469711901,39.25679745187446,39.25679745187446
-4.141550903844378,-18.641764100597555,12.591905237264484,39.606792349062204,39.16279184829315
-8.496215771326376,-19.669993229116525,5.985158396814725,39.874771313639194,39.874771313639194
-7.517835499351726,-18.26758294267277,8.666679133048262,38.93981935732887,38.63415667027125
-5.174792018626517,-17.160380195544384,-0.3566809135827498,38.79872503494858,38.79872503494858
-8.617514496358298,-16.726777847373555,2.4485761387373017,37.130137131519064,37.130137131519064
-10.039681123660236,-16.191428006193725,19.955095359363987,35.911383101318926,35.80830265082183
-5.581122613260963,-16.34208174264159,8.9909693826337,37.28786295716533,37.14195599429322
-7.460994226080224,-16.400372760024684,14.865158393054692,37.145762810244285,36.61739158992944
1.0050354912717019,-17.258135008637787,5.245762641349323,39.590330678424834,39.590330678424834
1.0126300439312814,-19.775762750480244,5.98854118004877,Inf,42.20290200707815
0.762394737326435,-17.371262474693925,-0.4141254379390773,Inf,41.018353153244455
-1.836474330143787,-19.84455237453804,5.383880365627309,Inf,40.45702633089849
3.8735989228180827,-17.06520358205779,11.2477041777192,40.2247259658928,39.821480759341256
5.5874765607788675,-17.178903720972876,2.7517297120080215,Inf,42.744214036459006
3.8139241646327733,-17.155565014838324,18.0037166053296,39.85367578403232,39.85367578403232
-4.547156010405624,-13.753151965068646,2.7024272115019876,37.12438540151713,34.17689923832602
-0.8646704167936718,-12.973006722441145,-4.948171379864457,39.14093609747419,38.20196902364768
-4.480573498010374,-14.48804769910236,-5.265104145005122,38.48338290397407,38.05914292768658
-8.979199924965444,-14.695773750330234,-4.591147460464047,37.19317225693823,37.19317225693823
-9.501714263040224,-12.717297202637301,-6.206759193730971,36.80107882943394,36.80107882943394
-4.088494693855855,-11.542550613094784,-2.975067210438649,34.30761683367831,34.30761683367831
-7.724665267625612,-11.23445385917484,-3.399173605651473,33.53437647364446,33.53437647364446
0.3812595220247772,-12.984068245174756,-3.091905562927238,37.521434075536405,37.521434075536405
0.25966017023327126,-11.479880589875133,-5.457512113734344,38.27407236279013,37.39183890402691
2.360670916936556,-11.847744013249555,-1.741737531270033,36.43199095918469,36.43199095918469
-11.150883580405928,-10.905708305990212,15.26326177619434,31.766145580104226,30.879727192062294
-3.0775882797759913,-13.922007088787778,13.825744999056013,35.713154226961535,35.713154226961535
-10.19006591163528,-14.212957606980412,15.060739278429345,34.729366620715254,34.40992832983713
-3.3390818058679095,-14.196083379517574,3.643898479897505,34.748536353462704,34.748536353462704
1.2008640624332045,-12.749814436325657,15.373516762678761,34.99279005263263,34.99279005263263
3.854606841937482,-13.2022707049852,10.667243093126018,36.31837905571808,36.31837905571808
-6.611940695534999,-12.660440041908538,5.697152097654534,32.6106625538599,32.349294491867134
-6.168615594147884,-11.590638291312523,14.127525191057046,32.1110939106559,32.1110939106559
-1.0912819147520025,-11.34594109282486,13.031743479634613,33.747433837897425,33.297182740743416
5.642828820599355,-12.343763932771132,12.452616455459221,37.35129031856883,36.5488075053391
-4.949903194764822,-11.266307867244114,18.571775028956232,33.293370232027584,32.68170895305696
8.947680652483221,-10.97096844856253,-3.8407032732901243,52.43858424245843,40.792146980893605
19.007703413642965,-12.65575322009413,-5.141495744063249,59.98572652397664,47.9707825374925
19.684190909867937,-14.3900032978752,-6.198969403235148,Inf,50.11169570823875
11.002289072844356,-12.58464935457047,14.031246210217844,40.25213845954955,39.96491343075158
10.048648904904312,-14.98166213826785,13.66108032997598,Inf,42.076865112665146
5.762896607314634,-16.336437947600125,17.15782081535788,40.32264388174567,40.32264388174567
10.547275106927838,-15.706609966642349,6.2508955676326465,Inf,42.720967431959814
6.394526584878577,-19.865583033815497,0.05695459068120812,Inf,45.585844107398685
7.5212986633632966,-14.42981671539692,9.160020596665454,39.85579191771044,39.35792131152482
12.0,-12.0,13.0,40.44994245961727,40.27560573281761
13.89784594356665,-15.262433244237599,4.56083583163916,Inf,43.98652141841775
13.034767485877552,-12.673092856528685,-4.865760105086894,Inf,45.50833277148122
11.263073097641012,-18.949105879028096,2.5756651448528345,Inf,47.09213423794298
19.543882554612885,-18.09636322140979,-1.3244471206677133,Inf,52.230523890270014
15.809306891427653,-18.950067337578076,2.9991620119675417,Inf,48.42399291473325
18.2063722896291,-16.14299063205822,8.33653953479373,Inf,47.42743868265351
17.02976276810066,-19.26498720292141,18.70152424058336,Inf,51.42249703296202
12.795099309056816,-19.864746148603658,17.33242987755198,Inf,48.15709210794327
15.88987962199353,-13.539301613242394,13.823450684857335,Inf,43.675285687821145
13.403168290638156,-17.456877665228347,8.269806854839807,Inf,45.897572504146375
11.694017940431749,-14.260449002942241,12.62980915250266,Inf,41.95310038085329
17.61173242869984,-12.015027081440577,12.534934756362908,Inf,43.15109395783168
15.684138469689152,-16.33107117232525,7.897588374502416,Inf,45.8847270413425
14.565632154667334,-12.599629654038695,15.877423617735587,Inf,42.74162893447784
18.676439411363674,-14.933727254714713,8.413036607935965,Inf,47.042673626597654
18.44681500202193,-13.94747523188002,15.187333816245157,Inf,45.34595305411014
14.56451957452039,-11.930562278304526,15.82319015317018,Inf,41.784457543691005
16.70058322762273,-11.419717226053843,-2.5837021668305766,Inf,44.865221718501914
16.364632766424208,-11.494390961179075,8.16971819354179,Inf,42.19554233649398
4.214803597233406,-7.403294631615758,-5.137590897641493,37.76935314325369,36.150146427649275
17.62545926099022,17.187703326504575,-6.154559371680204,36.065007360415166,36.065007360415166
-8.818501265825898,6.551850265598141,-9.46057164838738,28.367846850447325,28.076952750988355
-5.998248883062072,6.325604751588703,-18.93542362434383,38.25611416587627,37.750354055034016
13.276338070319909,3.675690727211112,-18.955449189163698,Inf,45.82371933088122
4.567042506617824,-3.5357215767442263,-19.006765924422986,Inf,44.51940899380877
3.451682246550334,-4.841590666418085,-18.943304274956063,Inf,44.133814598849035
5.533143033745347,-1.2403575985071598,-19.851064463703274,Inf,44.434585317531855
17.487897659397532,-7.051274348713603,-10.380739381632447,53.59331987896272,47.59034861799835
12.066373379650628,3.0921917295852275,-5.205795758697311,34.639614663236586,34.639614663236586
12.887318524181659,-7.8453150950563355,-8.835058648605196,51.68274399290955,45.219145921951736
-7.578255115279884,2.7041822657423538,-11.943957005149102,33.112313351671354,32.420577500537526
-7.796455143379806,-10.691850420159401,-17.848425721919526,60.40950005164517,44.80666493650824
-11.465724162104634,-0.09668335103552295,-18.808400954694466,39.50041678539448,39.02870501164649
-7.807405781714465,-0.4095618540641439,-11.47547437219175,33.78514797030403,33.32396596775607
-10.142333726288975,-2.015745992699067,-16.661685592790363,40.26138216620348,38.67858250095126
-8.294747300571741,-2.990094777334214,-13.98271280341918,36.174801208206624,36.174801208206624
-9.547339522725693,-1.8832885218447686,-12.14840231682662,34.12432196679722,34.12432196679722
-7.817548721998415,2.2666340137760272,-10.705237986314291,31.372759081651054,31.372759081651054
6.368956316200631,0.8251527706020845,-15.705655745549105,Inf,40.69069236361958
-5.829383641135939,-0.0968930776183825,-11.401923490902464,33.93070223048609,33.93070223048609
12.274187971568082,-1.0277779354508887,-14.64150952022548,Inf,43.581182625213465
-6.459563508948518,-7.063161829073765,-17.083697454498854,44.9232631496757,41.61298845794662
-2.411653929244242,-10.375684451199785,-13.682932513989972,40.209159790384966,40.209159790384966
4.658048324395743,-10.658234924655083,-14.76899199911955,Inf,45.12477338294632
4.8625728670335455,-10.297233556879055,-12.213790134758451,Inf,42.569818660668695
-3.2550324126155132,-2.5324929013396797,-13.993995017373848,37.85102587219105,37.60645615116691
0.5788934707551903,-1.3935051355313561,-18.54186560495135,Inf,41.58814145187257
-2.8121453915000494,0.20348329587192637,-18.110266999314568,40.07435317243972,39.892995979177925
-3.629471103849589,-6.2445746943069125,-15.732503834355684,Inf,40.506024776358736
-4.395553377740766,-0.24498769714482904,-17.919608994644225,39.805400485530974,39.67206818804721
1.209868668255325,-3.8894127877309543,-14.7181142243765,39.68977102178657,39.256868649178735
3.402230088468265,-3.1966040328551593,-14.3472693125603,40.31653154819317,39.58285430540721
-1.2187209025068597,-5.551414963157262,-11.444771325991612,37.339540026895726,36.72347050741446
8.834611139115232,-0.35774783404484367,-12.715776516219233,39.628817426733626,39.13852012111721
9.117089786505144,-4.701643333362986,-13.933830823300308,Inf,42.87389604690549
14.374733256700551,-3.992241456087111,-17.53825797642766,Inf,47.82386620026011
16.336057041582272,-1.8152831085709131,-18.077573834967726,Inf,48.963964463147455
13.048354074220995,-1.7204880701268266,-17.957086322861862,Inf,46.490597003738316
16.609844921463733,-2.438319509616367,-16.382232600399007,Inf,47.95102745298506
3.6046357125651163,-2.671004949393989,-9.226651045383294,35.34606876239789,35.34606876239789
10.45216422106187,-6.14241504849768,-10.683813923533325,Inf,41.8321495532847
8.670090446758437,-9.777849492855122,-9.461934419126354,Inf,42.64246669475838
10.775435183720099,-8.381073933106409,-9.05553994332303,Inf,42.28529570143865
-3.9406613199183127,1.1817913409470648,-9.961451350277803,33.07588978831597,32.534750427080766
10.59310633637714,2.9483216533714085,-13.14525790743442,40.13970315512627,39.25073714846319
-4.617004095695556,1.094793732007524,-13.37719897472935,34.931019412996775,34.931019412996775
3.403537832137431,1.3201352202968408,-12.084939479605348,35.984494249472746,35.690579995841674
15.599762833562266,1.138987873335637,-10.61525508392207,Inf,41.38958477638104
-1.9825009232871693,-7.144994099837554,-6.392928908632909,35.726811814078445,34.0880739487937
-4.209068878225555,-5.633714757798671,-7.418001940220673,32.14899030295448,32.14899030295448
-6.777816886593611,-6.979831599031012,-6.014506216797653,31.267665790794982,31.267665790794982
-11.796985745566397,-2.892327526454352,-6.290198202421058,29.294041854640852,28.82206317476675
-2.3379792996212956,-0.7882407277815595,-7.426725104021239,31.008247615551227,30.425664722330968
-8.818879257730314,-0.44526674070298355,-6.701735699285116,28.444116139245164,28.284202849486956
4.7888210131001046,-6.342209323338457,-5.847195214930423,37.16658281157454,36.28413853032593
-1.4372787734095667,-8.435215522061279,-6.092325521763753,34.66053932357016,34.66053932357016
5.903397309090774,-6.896846583445049,-6.888720472573224,37.907307551774636,37.907307551774636
3.885568386855624,-10.358131968536632,-8.476304425640668,40.22255573377161,40.22255573377161
6.743565312794509,-7.669135571131838,-5.773148899347538,38.375261804780614,38.375261804780614
6.080564145813412,2.8585182458517266,-7.162880783974712,33.4220743302538,31.907020325832832
11.231466018631515,-1.6258893604614784,-7.280029064207909,38.74771645223952,38.74771645223952
1.778365694416948,-4.148756680596284,-7.381849373747933,34.163645137613244,34.163645137613244
-1.0920191777615074,-1.5662472710762287,-6.180999920269832,30.120069544822975,30.120069544822975
-1.7113441100984588,1.6588463923693553,-7.072436489250915,29.368842958709486,29.368842958709486
13.002895690303603,1.3897794527752012,-5.928014434456612,36.45060890804284,36.45060890804284
-8.623584247847198,5.669300344095927,-5.356922203246111,25.121696374265206,24.738770069426955
10.168350859984898,5.644540824345228,-15.36505158187194,Inf,40.985545112327074
-6.345375520841721,5.683520830583895,-7.994513167931814,28.606997411913394,27.57997876374206
-1.3315160243689377,4.925572169189401,-11.840910954217536,32.181590774111434,32.181590774111434
-10.603756107738107,4.949782196648833,-17.545623606109217,36.801222337592414,35.64458965176814
-2.510726596843547,3.2052004982718607,-10.330426144925884,32.778396852036465,31.535935264512986
-9.49238226569947,5.535033272141927,-10.963367194295843,29.643700036614728,29.643700036614728
3.826967818841432,4.964009853746141,-6.224506058037971,29.364360890170435,29.364360890170435
9.375794537182678,4.030203270810748,-10.26549648830608,36.29192008096986,36.00736174395376
2.729056324232335,5.299032107081647,-5.734227365295608,28.16608067037076,28.16608067037076
-2.68554524566283,5.825673460903353,-12.490085973429776,31.942430929295146,31.942430929295146
-3.4752609529455043,5.825921151037896,-15.439633220029378,35.56043289081157,34.99586832338114
-3.004643101857127,5.902780184803795,-13.930169829402956,34.39471190323727,33.18385978469209
13.488886643773263,4.050636217438736,-6.252395058098674,36.01526981389108,36.01526981389108
16.268577153855475,3.26370667035631,-17.150452794613457,Inf,46.064360542746876
11.028999755702237,5.681626624921606,-18.15988849599367,Inf,43.96495549486579
16.750221629569538,5.305861551265927,-18.569910021154925,Inf,47.0801579512163
17.567754884158234,-3.773708381585024,-8.03652327004305,Inf,43.6579215545881
1.4169397459260864,7.199239318017359,-13.375744627643398,33.529516039375046,33.2513695794265
11.207554858985162,10.000084993397877,-13.687031588315106,38.36425613145122,38.32805017969671
0.3843663071205228,14.60870080580306,-13.428312432095302,30.94813986492306,30.94813986492306
-9.454775776651063,10.614224218474575,-15.787707992632303,31.690861468261623,31.690861468261623
-2.4533812208771977,6.9056263498262815,-18.604866594003397,37.20088025487923,37.20088025487923
-9.652977491923886,9.064575659149156,-16.85536520053717,33.58310523980578,32.74376779141088
-2.7486180710967645,11.533132307621923,-17.48845485709993,34.08855898488799,34.08855898488799
-0.8685525685060398,9.938935215586604,-16.114345856975334,34.44726751048458,33.538910961833324
-1.630911175169203,8.771232848896695,-18.395070768677986,36.21852864301983,35.97940168887613
-1.138205539166126,10.032044853271323,-17.385914154160034,35.12307714109452,34.72341728057224
4.822610733355226,11.492262191413694,-18.711735071727958,38.5194513770221,38.5194513770221
1.721700032470217,11.373955285740784,-14.347224106647767,33.329755221945675,32.634852286269954
-6.109364453408785,11.073351385149088,-15.530391867411852,32.07617993184182,32.07617993184182
10.339388310043411,15.156953580644597,-17.364090608864544,40.16782207933892,40.019043267360786
-5.760519592885629,15.635304338278246,-19.163449610306216,34.84601362381491,34.84601362381491
-10.931094849494167,16.24932765719595,-19.028163915573877,34.35980252035824,34.35980252035824
5.0515283067173655,18.54409443601042,-17.50010389324992,38.28634195114889,37.2999848156701
10.84921110622944,16.943618521665293,-19.53361745343195,Inf,41.63136664969347
-1.6891802569338026,18.775085068695496,-19.852259205578395,36.900027034106536,36.25526617599103
4.455917133326999,18.357705066062103,-14.553510194465957,34.28802397714472,34.28802397714472
-7.1572248678978045,17.242954144634183,-15.382379254555927,31.41648123671336,31.41648123671336
-0.7862238625456186,15.046048027988881,-15.75171038734263,32.09473377548035,32.09473377548035
-4.271399911839895,14.906061714822378,-14.854616112582955,30.229162062475236,30.229162062475236
-9.06282816795243,16.675500368035003,-14.743919595801573,29.66653149000807,29.66653149000807
-4.554200858666864,18.447392145643526,-16.528900899811248,32.49997747430784,32.49997747430784
7.639013799416663,18.26288186904921,-16.65101635255595,37.51381008748268,37.51381008748268
12.712219788432073,17.45199434798141,-17.955890441071816,58.25259706769455,41.37566872653274
11.675548452521191,16.399012831976535,-18.962459956570665,Inf,41.63534091133686
15.757719791559168,12.217510076367361,-19.18049507538292,Inf,45.83413671924884
16.00446344125185,9.84580139238102,-15.016521298456835,Inf,42.83416484422436
15.530615596563841,9.452379984027601,-15.49496530205369,Inf,42.74183791039635
13.78946365843079,12.982319635548379,-17.81521595588954,Inf,42.99040671779102
1.9676369603374688,6.996401731049513,-5.398037740722295,27.096498542891574,27.096498542891574
0.772959750674616,8.514120158830146,-8.459429382436934,28.399820390501702,28.399820390501702
-4.728086440940844,15.217193602551518,-8.401961413183852,23.75288857326082,23.715924073842057
-4.402523310336113,12.244354409251905,-12.848503839492809,29.11157346511563,29.11157346511563
-3.2245149937810424,16.815356903182632,-9.344469073732533,26.141020421042953,26.141020421042953
-2.806028676659402,16.527432195315697,-11.903771173806339,27.919934399566074,27.919934399566074
-1.8911654448551118,11.62017501806801,-9.139858093047275,26.292133475425672,26.292133475425672
-9.601364172952929,13.766710407277188,-5.797688701575572,20.568615697364436,20.243892407601745
-11.815863478797457,10.70320185442882,-6.862861809127896,22.892717108598152,22.892717108598152
-0.1778989456950768,11.672151703505715,-6.263526313700121,25.119948757578282,25.119948757578282
14.927470284781776,8.127810090480043,-11.622475967551562,40.21640921469496,39.78058964369015
10.882415139034542,7.9520878866875755,-8.761319387359174,35.379709034000996,35.379709034000996
7.129561599594574,17.903272790647904,-12.152003473374506,33.31001136832463,33.31001136832463
14.5846285593027,15.378228224876352,-13.066837670275024,40.430262514487794,40.01688408461835
15.448686535257075,13.752322733106894,-12.529117221659298,39.67391479024664,39.67391479024664
16.311251965840313,9.372546381251404,-12.996125487273211,Inf,41.9341998257109
6.629469078969834,13.710517581594274,-5.9095797671412775,28.632751669688666,28.632751669688666
6.090754666639704,12.886032224346849,-10.19408201760787,31.529709158043808,31.529709158043808
3.7372668420985633,8.804651043787501,-10.345429775175807,32.23673140266358,31.461322350752035
3.399469908619473,19.335949675404777,-7.939534913191046,27.76624034998238,27.76624034998238
3.986279760227145,19.94869128954315,-8.561790217282335,28.76775357194752,28.76775357194752
2.4718936775434415,18.72841727961731,-6.269079155282409,25.76126760315548,25.76126760315548
7.923554876992263,9.344391215056078,-10.167708254804682,34.827238910129346,34.177643003717996
14.40083925907939,9.030084543709222,-7.921741057396927,38.49635958856225,36.88204743959568
11.970678458222423,8.371867209719326,-9.049429430414664,36.289228258164975,36.0191923790445
9.685421539200895,10.552201843675224,-11.379333710181863,35.50897367199098,35.50897367199098
17.09822995404953,18.316816993602664,-11.984094024099745,39.59064616229366,39.59064616229366
16.757742806442224,15.388750066883631,-7.135755338889673,36.22480441371821,36.22480441371821
15.24110110544467,18.643606550198385,-5.229026267991266,33.12197668835232,33.12197668835232
7.723522917239485,15.507072987950835,-11.04893754674169,33.55894129208902,33.55894129208902
7.631405601622028,11.570767706578984,-10.78931909552888,33.64106730722006,33.64106730722006
10.226652806677265,13.477557308370535,-8.748206890606882,34.00725119545531,33.220976294296555
13.194416416257972,12.44015660903517,-8.532677575896992,35.68541885576864,35.68541885576864
16.64931449739307,18.888721013157557,-9.361212226332816,37.277404863432245,37.277404863432245
17.06498848860896,15.534870370118142,-10.018440761284753,38.19594183145236,38.19594183145236
18.272997811973738,1.1713740925277882,-17.581913269542646,Inf,49.18526485758859
19.75431394505975,0.164503769628908,-9.011414680486896,Inf,43.703748505254765
18.136125425622396,-2.1294166901936435,-15.758481642428173,Inf,47.990219823209756
19.017147792315036,15.243938475156313,-10.412705789164125,39.82316397684086,39.82316397684086
18.90456760304265,19.598564941711814,-14.157900635659617,Inf,42.62513939962769
18.523551405402692,3.010276238510947,-12.101310664200708,Inf,43.802439512507625
18.27683419758995,15.8125484393383,-19.153467070066874,Inf,47.16557415748118
18.22933171747114,3.5492118916843474,-12.6011463365389,Inf,43.95440633159256
18.328779505634465,3.0139691148308323,-13.964929685755543,Inf,45.179462739551845
17.27434137823834,7.932185592946979,-3.8050807388192993,36.44739934476056,36.44739934476056
-0.1085044807193647,-5.435351513887765,3.777157695504741,27.9670460516965,27.9670460516965
4.197775225234501,-8.326731903430984,10.379350660183402,33.21873280768886,33.126150724883395
0.4645036549021313,-9.242751193282084,-0.09630323651677486,32.87817835777818,32.87817835777818
-11.362415844166378,-6.481370725238609,-4.894011664273448,30.850126662065495,29.820436469629136
-6.154504742096174,-8.601030371709877,-3.6200397082206663,32.145776429592836,31.476823652409273
-7.261771605210754,-6.633265060107707,0.339459200417096,27.587731691418362,27.346988386746908
-10.655913286765708,-8.058210421004528,-1.0084589436905773,30.635649730568392,29.891716369841326
-11.810075871948671,-9.590209099343516,2.717628551605884,29.984612032970325,29.984612032970325
-7.883800595714199,-7.43112276790912,5.3115220894069815,27.37595859302453,27.37595859302453
-2.3202674073565177,-6.539322388146918,5.1660255098538315,27.191712349776104,27.191712349776104
-4.865511610369371,-10.541090977827299,5.05986560827165,30.667519378652756,30.667519378652756
-0.027227484667982083,-5.986104982460967,1.389348663070944,29.500343233499255,29.500343233499255
-2.7447596010388686,-5.988030620154303,-3.4208353589796374,30.808905936474247,30.808905936474247
-0.336839661187625,-6.223337295123903,8.155467846672344,27.79882799850061,27.79882799850061
-6.078877707814119,-5.772883778466564,4.540339183471431,25.845706520286555,25.845706520286555
14.97633183063651,-5.50718596466198,-4.6518641445916575,54.721960633662235,41.095568019733385
11.333824168605425,-9.698927119402505,6.792021875945451,37.88053305677551,37.88053305677551
3.9712883823214185,-10.452610322074634,-1.3269215222938797,36.04368951827139,36.04368951827139
6.510895002792427,-9.506680443769113,6.739533181053467,35.30677447851539,35.30677447851539
12.946379848983234,-6.348311829629392,-2.484114572071398,38.82829190622008,38.82829190622008
16.363798806489285,-8.74859413684752,-4.001843380732124,Inf,43.271669925487046
13.249438194828322,-7.450303892051835,-5.064096197320653,Inf,40.48269273546377
17.01433784011533,-6.157927536372139,-1.9957447529389327,Inf,41.24286997663836
12.28195957142865,-8.841311792819244,0.4328388515277304,38.92620418117726,38.92620418117726
9.850639890527653,-9.319947698000757,5.588445358874132,36.72367124486651,36.72367124486651
14.891246706204278,-8.449682988171201,2.143720635226689,39.42105109480163,39.42105109480163
14.869002105975795,-10.52255266433999,7.0261571467911565,Inf,41.182494765780504
-0.5255687890007898,-9.106991496378125,16.477568949196495,30.813117745755797,30.813117745755797
-1.6266578808233945,-8.31831040448428,15.025315652600888,31.077318047207534,30.08307782096157
-0.5373708101457737,-8.934912781493676,13.856980745642062,30.689330832552685,30.689330832552685
-8.139121679077252,-9.553575159538674,12.16146817735983,29.224933608515318,29.224933608515318
-9.719273448555175,-6.7447881070247195,19.05862427339119,26.67243379813827,26.67243379813827
-9.186819309173373,-5.803549126358414,17.294069005730776,25.651365867300434,25.651365867300434
-10.313900066757142,-7.5731058313496735,19.70273308098838,27.181926826774472,27.181926826774472
-10.116812892470914,-7.078778938113288,19.988027894411502,26.844436030127657,26.844436030127657
10.172959272986297,-10.500555194981462,19.073687885992072,38.5132097410106,38.5132097410106
7.150247952665659,-8.128627655578802,14.58526498824817,35.21692782357409,34.10555137952352
10.33140828244538,-9.717677389000619,13.15824072712359,37.697091960486304,37.18102337544696
0.9377674525330626,-7.598261547274259,12.220374104790572,29.86215424100196,29.86215424100196
6.309200073096211,-10.158297768408051,12.720932014633341,36.865066808493594,35.52818059730245
4.5428505799760615,-7.047198088820421,10.86686334681798,31.714076929782184,31.714076929782184
6.864659134160959,-6.9537067300501665,13.501998442783744,33.43908959211806,33.04217106183275
4.466829257320271,-5.678512682150609,14.230478488695077,30.454568944916183,30.454568944916183
12.38962373460177,-7.359688430477016,10.712337671612275,35.92167784714394,35.92167784714394
-0.45479152427095215,-8.823396228537064,18.499754031274513,30.47854786788931,30.47854786788931
12.097984894018097,-5.695378457566003,19.434212673309084,34.59247462419314,34.59247462419314
14.102042512679411,-5.731370849891384,16.357003822909704,35.97848022925652,35.97848022925652
-7.014432591332165,9.5593512039638,1.7409439884486062,16.869328882373757,16.869328882373757
3.311730871870651,2.22146751368755,1.111596292301833,25.600673197607954,25.600673197607954
-10.654258132135173,19.823068244322513,-2.6630269028752878,16.105502952384303,16.105502952384303
2.594853913567839,2.0032551778070555,1.1554196291467278,25.505977319553566,25.505977319553566
-11.224735677190338,3.1180025792220505,-1.5736999014290376,21.718838615983167,21.589163670066956
-6.764473950801992,16.002445749522124,1.1434211279048334,13.96116641215141,13.905636653972902
-0.9936060489861909,4.425947587667309,-0.5294146113003251,23.598450144109925,23.18925007097619
-10.895702459637704,-4.235342470078489,-4.5715641054111344,28.90639643603101,28.036080090809513
-11.215019579505716,10.165459379035937,-3.302787016804814,20.80523070240699,20.80523070240699
1.7108587763866367,7.805154223261759,-3.0780243448883198,24.62617917360717,24.62617917360717
0.9285963150911769,1.0340396093627007,-4.9978050098964655,29.11937776066528,28.991681904587782
-0.6600013361563555,5.6591668201158924,-3.036698096549113,24.752070339726075,24.752070339726075
-10.83190538591313,-1.779959288291451,-0.953944674970213,23.66342106230956,23.66342106230956
-9.57837287441392,7.6600690481332805,-2.669396613501469,21.68784455898167,21.68784455898167
0.3905545136504358,14.915228051562224,-3.793177564585193,22.72167332103379,22.72167332103379
-10.003471167527769,14.63825649441123,-4.103337124659703,18.304845449717753,18.304845449717753
-4.885526090300747,8.349582332893899,-5.0807232398021895,23.81170600285989,23.81170600285989
-4.618470430671673,13.235955759641357,-3.029063478482694,19.40803943830716,19.40803943830716
-6.750070469998173,8.707519728264089,-3.2487862320475998,21.938146482911588,21.53542880138465
-8.866385862281252,12.078150363459734,-0.62095206407691,16.766209354463815,16.766209354463815
3.222424984858165,15.090040129588985,0.9744335947820204,20.828863415312803,20.389268040292272
3.0142729678779645,12.07984027944736,0.920577760561585,22.06365697869852,22.06365697869852
-7.906920415558671,2.323147757642438,-0.5001096533114406,21.591674721869655,21.262501614375637
-7.9541310170563495,-0.8523889703404386,-0.47066260787561376,22.921201266123084,22.921201266123084
-9.837917607426325,0.512685587175163,0.25332858077852194,21.18990718603625,21.18990718603625
1.156713181371476,-4.939962151513901,-0.25971389520166355,30.61619251876214,30.61619251876214
-1.542679925550246,-1.272973280064889,-0.14947003033877593,26.37206859122219,26.37206859122219
-6.511212194540299,11.914316462046148,-0.23053456442897868,18.281432241102223,18.281432241102223
-3.8693523406412567,3.497850221528296,0.4688873454842657,21.31213768998477,21.31213768998477
-9.908979305938486,17.511920248420473,-1.4356559773136013,14.89719140524149,14.89719140524149
-8.493129137004809,19.101633004174687,-0.35513769942056683,14.019750197077556,14.019750197077556
-0.32419475582809554,-4.29778118589021,1.442471425143701,28.29743910000079,28.29743910000079
-6.004255466399764,5.768295675284474,1.4046341296756566,18.24402530541891,18.24402530541891
-10.609205263798405,17.300372093854705,1.1816840207114083,12.356297579253496,12.356297579253496
5.634623136967527,13.10026359719864,-4.394132742278067,27.04170616958447,27.04170616958447
11.926134404671362,6.22687974722826,-4.966275168846703,33.73013468138167,33.35050245503482
9.978463468305812,8.281324642124403,-5.066962114218301,31.56529920035606,31.56529920035606
4.1913474453601225,-3.350491379647149,-3.8363940934508562,33.51272566208225,32.997946222293415
3.688640808047552,7.198472535644598,0.6327673241408434,23.408359988675357,23.333377368044854
4.155942126792198,4.363611763462217,-2.5321998545542534,26.671308121848284,26.671308121848284
14.957850550754571,9.626360517611321,-1.9925752060187918,34.88874255184284,34.85557301041685
7.560631040247365,-3.462043203565159,-1.3806325500290129,33.12175365964955,32.619064145413326
5.317741475922535,-1.0230662864327478,-3.9352071358785423,31.926912441138413,31.926912441138413
12.763691263428413,7.190251097049103,-2.158704935656459,31.58869740497478,31.58869740497478
17.150068684376308,-2.1791213655948916,-4.1916155050658865,Inf,40.473858183204214
11.875788291915335,-0.7187220871779942,-1.3535659048821174,34.506066686586415,34.30901226105806
5.451590819944592,1.9884867288471781,0.43612146131266627,27.856675611342407,27.377870343468253
5.313356072015392,-3.5197844960320452,-1.040160949871911,32.04163300993755,32.04163300993755
6.505129593179717,6.273766627373298,-0.13991029485645612,26.47180915529563,26.35853082579032
5.97422803030442,7.983682197665544,-0.255439336674705,25.559256176244247,25.559256176244247
14.127526481424908,6.756142630118092,0.182320209648708,32.49257681778553,31.93085456945314
16.506999624291446,-2.71049707668724,-1.1961055191548908,38.88191192121232,38.79850835769874
5.194064213913229,10.622016038642215,-3.76424849117339,27.750040211906718,27.405602425826213
13.251011337048944,11.533084695773805,-3.5691520732205184,33.612677945124084,33.612677945124084
12.7376091977994,13.431015992966465,-1.588488166145119,30.82184393389364,30.82184393389364
9.086244922182793,17.141015483584134,-4.58188728369521,29.00220515448008,28.29591917934615
13.197231910077363,17.53289160807075,-4.998256691304306,31.551103389882126,31.551103389882126
14.697808933729924,15.068379980574989,-4.6554158814426305,33.87636695753558,33.87636695753558
16.351477326999905,19.30368948166106,-1.9972057222052797,32.67911606642161,32.67911606642161
8.478303008069233,19.965817218589137,0.6509541656958184,24.346167141331083,24.346167141331083
7.113302594767433,19.47711309208357,0.24846553390251103,23.2853737063597,23.2853737063597
14.276700844852996,16.50129642515725,1.5349960865695849,30.22449241000853,30.22449241000853
1.6694832063868503,4.896711014802932,14.227746430665754,19.445537194944446,19.445537194944446
-11.583222279478935,2.105172771108961,8.841795096698561,16.36108365121139,16.36108365121139
-8.555717469020232,-2.407400439752312,12.126999838401346,23.2059131814384,22.066543199750058
-7.9370253660771795,-3.7220900837920396,6.969558078320269,23.485479468710267,23.47784277606164
-11.411786649137285,-3.7321543981899623,10.909857882168346,22.55629650804134,22.55629650804134
-9.666058952096304,-5.15776847285534,5.902270945674914,24.427472742470865,24.427472742470865
-10.370122247638367,-4.1552414498201085,7.627207637504966,22.85258737537984,22.85258737537984
-9.653511253416855,1.369715520044899,3.825512458688145,18.29598379992877,18.29598379992877
-2.0167756747264747,-2.6053781888561005,2.3055874977615787,25.914907052507616,25.914907052507616
-6.795097849948926,-2.7897915819721604,9.331480592561341,22.252961344147554,22.252961344147554
-7.733329899281527,-4.349233977382925,4.4204924946290625,24.87531013586313,24.307884191102396
-1.075752263049612,-5.071619490181654,2.417787514444729,27.770206129832435,27.770206129832435
-2.8482456102666305,-3.387987959500034,6.470698344685964,24.019750639614024,24.019750639614024
-6.541709625244998,-5.001310322267685,2.187357375607668,25.73494536775346,25.57312827648894
-6.362381663132162,-3.6553923343071126,7.437180996033028,23.23077989033391,23.23077989033391
0.5263307333249472,1.6034663748334026,12.087003614658968,22.098715802165994,22.098715802165994
-0.09177169845937527,1.413180998039259,10.380574939460487,22.074541506412967,22.074541506412967
-5.948256456728984,0.7600395884761895,7.2030044606090655,18.78979155427002,18.78979155427002
-5.6945602274901574,-0.030365548254131625,10.601481828008048,19.769722661692814,19.769722661692814
-2.2062042388162872,-0.15107502951219942,6.943426791101956,22.649903627151353,22.022147034440813
-6.53583473825786,-1.69888356860449,9.521961492036493,21.16753822776971,21.16753822776971
-0.3869110458749958,-0.29094191898169086,2.067968593662755,25.478032168988282,25.478032168988282
-0.544324498886013,-0.0012307984267039274,2.5121349969559574,25.08589266388401,25.08589266388401
-4.163888186953217,-0.28048669373806234,10.85756978674615,20.83807785168491,20.831437775190626
-5.37778035514938,0.9167318742698782,4.0193105230230515,21.3447855834957,21.134935026428973
0.42246553613917825,0.26178548449044214,8.414306706340167,23.908383080814726,23.35658290818465
0.9952185957142134,-2.2595008311636455,3.621345682098827,27.318846801375155,27.165813865332666
0.6424689420487617,0.5384762184213727,17.729386907835895,23.543994874429323,23.543994874429323
-2.2607855926437708,-3.83171721958486,19.595724828773733,25.548137909380376,25.548137909380376
-10.027139947267916,-4.816632715116178,19.129010915611595,25.560709500078723,24.81959222835973
-5.282955420606461,-4.601198727672875,15.572651513355176,25.976995071515013,25.945162792675696
-1.2367841511814532,-4.142323738231859,17.419520951429213,26.092765568156096,26.092765568156096
-10.9357562326631,1.7727054540135079,14.596722949712543,17.7987510749279,17.7987510749279
-10.275231930001958,-2.686513781725928,13.522832728397901,22.432774030657598,22.401015224011672
-2.839973398543279,1.6459443412779429,14.41951529397953,20.757319405557176,20.757319405557176
-4.1781027730539755,-0.7346169416568955,17.967037558144753,21.558055513320554,21.558055513320554
-6.137778914406811,-0.3856371807892529,14.913255255007542,21.593555527924,21.593555527924
-8.305582596010863,11.818153554148097,19.360682207538815,8.997695854416657,8.997695854416657
0.01787726631154385,7.610933608444643,17.18672897579893,16.631692790597107,16.631692790597107
-7.01659129073918,3.0109164791796417,10.035211191780675,16.40552514429875,16.40552514429875
-8.361312429121526,2.636475076632159,3.2375522977478433,17.813478992263885,17.813478992263885
-8.175140788246491,10.509834431294031,18.094453178043615,9.0942426997651,9.0942426997651
-1.7196380146876962,19.25036582290673,17.795162331396227,11.806594920338943,11.806594920338943
-9.863003464680542,10.19785691123202,17.936973023979156,8.672347284993796,8.672347284993796
-2.317272360769227,3.5433448169624597,3.0704322260830708,21.246669296933504,21.246669296933504
-3.101809499908761,9.945651660361587,15.49577724178539,12.38402617608505,11.786936251879158
-10.383427987248428,8.997278479386974,8.435779390005685,9.353553687534562,9.353553687534562
-3.243415867886661,3.287604407830173,9.900481054242967,18.376323796693804,18.376323796693804
-10.350329288101294,4.8778937104411035,5.032010154019638,14.697341801817679,14.697341801817679
-11.769949201302676,8.312796383634378,7.425418436278122,11.20065576193262,11.20065576193262
-6.4788592989782146,7.261971087711707,3.866739371458472,15.609197145733638,15.609197145733638
-7.249615633732471,4.920276394304377,9.131587891372021,14.542664915807737,14.542664915807737
-10.478775177116484,6.070556397343108,11.100565873419814,13.312831429033075,13.312831429033075
-11.62478037366058,5.314038070906619,10.396454471481754,13.70688142950792,13.70688142950792
-2.4038636805095877,10.679268465834557,4.914468628164059,15.188413680603144,15.188413680603144
-11.39976106722366,18.253961212358448,2.8878168719305997,10.628411562416714,10.628411562416714
-9.325285451481475,16.650619705211056,14.728607545779084,3.2037865961652088,3.2037865961652088
-9.971198690111631,13.368173030671244,17.254756020737105,5.950558854943551,5.950558854943551
-10.198019760442882,12.704135653333623,16.39003321163994,5.76141548968094,5.76141548968094
-10.014343416754716,16.42548025456844,11.976750294003047,2.3065005886188126,2.3065005886188126
-10.451216895370035,18.632352181843288,6.149168592576277,7.210907968050839,7.210907968050839
-10.982864927442417,18.797881685117197,13.078587911124053,2.0671522366002493,2.0671522366002493
-4.419986613332467,12.060079747668283,10.024191741471284,9.5244343576395,9.5244343576395
-7.668764032489381,17.67234407804232,16.674612781872327,5.719653019391622,5.719653019391622
-2.125371677115851,19.32454917171711,5.477575731830502,12.655229885960825,12.655229885960825
-8.957648665247913,16.304450629361618,12.449551393173984,3.1690194445316933,3.1690194445316933
-7.23429508030625,14.384877169132018,13.84544743882644,5.501417287748527,5.501417287748527
-8.466376052741724,17.958768034893836,9.821098621351858,4.848829582542822,4.848829582542822
-2.9529983068258403,18.58019047024183,7.044838863556784,11.052950652853,11.052950652853
-3.8532239388870266,18.978913899992598,18.011316035871673,9.767259023128847,9.767259023128847
-0.43730536597641034,19.56933340213812,4.420699032982476,14.658223682552308,14.658223682552308
-0.3181414542069305,8.488763442098861,2.709307182832241,18.639639784292456,18.639639784292456
-1.6295088336249748,19.60442438316892,10.763651939901777,11.355409051849897,11.355409051849897
-10.656769620578874,11.223484851699126,19.120377131105684,8.522406428803471,8.522406428803471
1.54136429999717,2.2992881145951642,17.126851621971333,21.47722924452345,21.47722924452345
0.19487403827090688,3.2502093360266393,6.198341033982004,21.18383558861469,21.18383558861469
0.6080957561194893,19.086860426486957,2.8238371471859196,16.472384405206636,16.472384405206636
1.2019718949256557,9.897565076099504,11.360523887253493,15.694415782018101,15.374685001875713
0.6470596737644208,7.248418734115738,7.716194114121642,16.883367217285347,16.883367217285347
1.0208764577115943,15.891142997901326,9.822598719011701,14.807329692855996,14.558774780173653
1.3451423272786123,14.18602547725655,9.401357300722417,15.700539901395125,15.165589543126721
-8.049851467406768,8.09829666170834,19.39896105244904,11.808121894557924,11.667516283197557
1.6979089462883863,5.217242324908646,16.919635224569106,19.270427526681786,19.270427526681786
9.363510642938948,-1.2292136705560175,3.445933384886697,30.234822206017974,30.234822206017974
11.004665885510285,-1.1344319380432495,3.0496625116215093,31.9257996488113,31.9257996488113
5.508939234299454,0.3758079288757443,2.5102243836400184,26.781486885997218,26.781486885997218
2.849277749395842,3.8581827350444975,2.2069032753730795,23.716796087768685,23.716796087768685
8.495484251364537,4.633009894755695,13.574595754471488,24.957945238124275,24.957945238124275
4.206048076068825,-2.147898182163914,6.197841866087046,27.57648177965511,27.57648177965511
8.366160527988775,-4.376809333153124,13.038423772014369,32.00486687453788,31.63180899156593
8.205406021575044,-4.504080775563439,11.121206912645391,31.95787868481248,31.650779151607914
5.554532912875079,-2.214623223674881,11.056087331541391,28.14749716464607,28.14749716464607
8.274012798103705,-2.4725093251708046,15.168121720675359,29.385835240426125,29.385835240426125
1.7774607901971962,0.3623788664281591,10.98211505013646,24.17871661051711,24.17871661051711
8.061006782969294,-1.5825280362183776,9.758444018429302,28.6400283062409,28.6400283062409
3.321613802151873,4.153162214468004,7.937711042950085,20.98006374715594,20.98006374715594
8.17986656974223,4.52876820919629,10.737971966443276,24.5206587417948,24.38195812704952
7.152466021110982,-0.014814696479472644,17.744400452532616,26.873509220232872,26.873509220232872
3.852275637115987,2.0905819803021046,16.199154184031748,23.135190608535105,23.135190608535105
12.894384445541561,3.502795424824381,6.4114919208356085,30.695528715994158,30.695528715994158
13.506518003880316,-3.6103864310321043,5.385512644099137,35.39199792639194,35.27289200313602
12.687450003651549,-5.009912616680001,3.959973700240951,35.29510824938815,35.29510824938815
11.019789637589739,1.1826603673207288,4.729016303405711,29.833397263340935,29.833397263340935
14.50255627617453,-4.075729075119208,5.332801372842777,36.40513101294706,36.16939595315126
12.78900002079817,-1.2792816767403359,5.159761514839076,33.79934326545211,32.89555425564895
12.511614720308827,-1.2618911827334145,10.129664126999522,32.8792277463373,31.777780530824494
12.277384903148565,-2.1454261578306877,19.182698973444097,32.60700740039851,32.60700740039851
12.395255205332518,-4.792920775036595,6.537057499683392,34.92251682810648,34.92251682810648
9.330967817376017,-4.288808422805168,13.047646929911103,32.11542935224758,32.11542935224758
11.626751512454394,0.3106965229664098,17.04782799370846,31.32587816270794,31.15583363841028
10.92730025916886,1.1213377375809763,13.970414107987324,29.247728752973185,29.247728752973185
9.476152301635913,0.5682345100054498,14.264349332841888,28.371965987454267,28.371965987454267
10.15452859135399,0.03675898876732475,10.693400932412676,29.419692103899045,29.419692103899045
12.288278912136562,1.0154098090378305,9.232172602348506,30.132269112090505,30.132269112090505
14.38224332671939,-2.36509779653046,18.14091552884284,35.319304102699725,34.48604721651355
13.043676780918894,3.1334189825531737,9.45714166586102,29.740254079896168,29.740254079896168
13.017557223240892,2.6178876779844558,18.99856015808573,32.3015990537105,31.458114006000052
15.578111472114806,3.463818007233648,16.036367344137815,32.546814546370946,32.546814546370946
16.62167512290381,0.5746916277706688,19.327519204489974,35.614137344299664,35.614137344299664
13.71794175667911,4.81000085887387,5.140370754646611,31.282071167452123,30.98903014589981
10.662926373092745,4.50394606967275,3.953944889079253,28.379099165014175,28.379099165014175
14.807003138966046,4.367860781864785,18.875138617676186,31.613977838554145,31.613977838554145
7.916031606257967,5.8782354775343215,3.7057375805364146,25.919248917372663,25.288185682206397
13.621285387727092,13.043509869057495,3.0851283107896705,30.696792742304858,30.060352884226557
8.295802443279065,19.776802602786383,3.6803671145570327,23.59361322610826,23.417155074495845
5.135238053967164,9.37410521593021,2.8982379571216725,22.17938347662098,22.17938347662098
4.099466179336186,18.46517902572151,2.8146155309347094,19.277625260690535,19.277625260690535
3.0220714911515856,11.445229763720999,5.3735778846237,18.32162019055104,18.32162019055104
2.4097277170270885,18.64240248064104,4.295177686521036,17.39131643082604,17.079835198756044
2.18530637740713,16.628829588531318,12.327241695709475,15.302905070790311,15.302905070790311
2.601452589248403,15.74716214144955,4.138170290313514,19.400690408267224,17.932390780023205
2.023634631924356,17.652107206074035,8.224285444497088,16.213946047474135,16.213946047474135
2.1827319140869434,9.303079759043705,9.986614129803293,16.67973679474879,16.67973679474879
2.12773317730057,10.617219580934616,8.508302847288178,16.39847240357014,16.39847240357014
1.773389713711122,12.782565360728697,15.873237515931898,14.872528271859636,14.872528271859636
1.8251303100046172,19.09444894328827,18.102351896235078,15.368063434566999,15.368063434566999
12.413006872744518,6.19438480319684,3.8022068351238474,29.605599196544595,29.249717758199623
15.358659676957565,5.372784679483537,11.07320977894669,31.57161356079149,31.57161356079149
15.878824222211804,12.36243454733507,18.505826135985984,29.74611465880646,29.74611465880646
11.712338053816431,16.687976870138357,16.05589796865101,26.03260497809235,25.603879328576028
5.604132780398665,16.31571088620946,5.970692123487204,21.569442965781942,19.96957285241072
8.89804543350074,13.513331411708762,9.358717991662246,23.283460232539333,23.048625970855767
10.792996302357132,8.315588295775935,4.9216861413364725,26.71126465780604,26.054978552001778
5.928987053032717,15.654116113785577,4.822489852263825,22.343803383859267,20.664943692813413
10.129373268486745,7.4764942100843435,4.663314632692519,26.49285475675063,25.815177473516847
3.601544833705141,11.81366758265133,6.665439922632945,18.224256165667033,18.224256165667033
8.578190744444186,14.901205355652714,7.467689857661242,23.125608345734722,22.784708429587766
9.25696376078001,10.905900130747046,14.156965903396014,22.77640966971611,22.77640966971611
7.023053967413304,15.315377145029679,13.45323551316659,20.44068875083199,20.44068875083199
6.916545293006308,14.444263290184608,16.367518241591895,20.300014131569657,20.300014131569657
6.031356335439035,10.581674155853715,13.112385104944728,20.87707697423639,20.403939292810684
10.586694184422623,10.362661361210066,14.739006432099927,24.08212930620853,24.08212930620853
8.329402720738486,18.631184527255556,16.34974859859856,22.12023285121246,22.12023285121246
5.952866364959057,19.318449219471972,5.541070738003686,20.56679059083595,20.115001751163504
3.2436588869782312,16.823887427249588,9.458537757367136,17.115831989952206,17.115831989952206
3.4584545180014743,19.241951315695296,9.651338778066592,16.57613681358287,16.57613681358287
12.22633585521362,18.59870390667413,14.694820891692125,26.35413513638274,26.35413513638274
12.812459680999304,12.552863148509267,15.823364637847007,26.515744507876278,26.515744507876278
16.746242127122756,16.075715803607622,6.425839901693962,32.044840203996024,31.443179476370247
14.880818425319433,9.619840804045225,15.317402329634994,28.47824431729385,28.47824431729385
15.809979342183489,7.105452923612539,15.215091493062609,30.256169444603593,30.256169444603593
13.342407802262159,6.264267782236644,12.96792200194443,28.8958378398739,28.8958378398739
13.315538576161778,14.085137528654322,16.287938610810997,26.709571001439738,26.709571001439738
13.786983310325276,19.26825356445829,14.013091052739945,28.091079636771013,28.091079636771013
16.058476902868712,19.62584925928168,16.143938064515652,29.915763854162044,29.915763854162044
11.017507799399588,9.156283132266374,18.9948366751619,26.22563747542285,26.22563747542285
7.041761618292046,9.742248828160285,19.819500342990573,22.12320116776465,22.12320116776465
15.432253779535856,18.226356059342223,18.6559437870418,29.59906400982881,29.59906400982881
18.89391499754212,6.1218203254951575,1.075206066560341,35.94343182370362,35.94343182370362
19.114845810760983,-0.006348241951705802,-0.5243941911914192,40.469745188747396,39.55666820189166
19.741413786903635,-6.834680777184738,9.392848986178855,45.33762195037767,42.03722288496358
17.348390894403174,-10.369752246390807,17.58305807716514,52.995442476735946,41.771283421950905
19.610624778291523,-9.773982356205702,15.522276961304613,Inf,42.862080689879306
18.96852901983246,-6.710429194999454,-0.03948664750920372,Inf,42.93313111619558
18.16173783215899,-8.48557768776021,8.540981834834547,Inf,42.05720320534746
18.476008812774474,5.683830387403852,8.122030575579995,35.4403559863065,35.4403559863065
18.375766884965408,-7.640486259968071,-0.31264823410085185,Inf,42.880104282928365
19.514468056810372,1.4872538608998376,7.41132913530776,36.72354472643738,36.72354472643738
19.7412776605709,-3.4326252939987256,2.570499270649435,Inf,40.97232801172403
19.258960683032612,3.3373780742396946,13.603641337795182,35.61253313305054,35.52730980526033
18.999617315551028,-0.557012317036456,15.820703684546167,37.69774254477939,37.69774254477939
17.668984765049615,-3.779173645511751,16.938544318585294,38.0246226303686,38.0246226303686
19.10936744166355,1.8332927635129614,16.309796023220088,36.571231803209336,36.44593554159907
19.98218580596928,-4.788150960865467,0.46711103406430965,Inf,43.07700751502377
18.339379140164375,8.900997433240512,4.171428393534093,34.31741246606721,34.31741246606721
19.413931911903965,19.631864653550736,3.026992028262214,36.42268991887573,36.42268991887573
17.714542440959733,7.824434280481441,3.470531083115276,33.80033259502779,33.80033259502779
19.08421079831082,13.071113952204769,1.7467165835703398,35.684911709464856,35.684911709464856
18.105379698317776,10.986801961518296,-3.566003552695438,37.04259223950822,37.04259223950822
19.28391455487631,17.029035195012057,2.085462094545967,35.28944158773882,35.28944158773882
18.028442899845352,10.007003897009916,16.18203482671308,31.670834539843376,31.670834539843376
19.60432728352629,12.619424975304703,12.813288903630387,33.575236106377076,33.575236106377076
18.798442867210674,18.983551876890708,10.234899777753448,34.30596479249816,34.30596479249816
