14.0,-5.0,10.0,0.0,0.0
-1.7672869304931709,-0.3393809427665957,7.783292128461952,16.590434018822013,16.590434018822013
-18.829635931921736,-6.103126124694951,3.2717726716764517,35.15648690514405,35.15648690514405
-17.031750386192492,-4.034844472506984,-19.325311668070142,57.91914057482721,51.64868585183092
-19.633512119094505,-13.021755787486535,-16.997320580076618,67.56036879554048,52.27317314580943
-19.31130395494047,-18.596335983192105,-4.939981260586475,Inf,41.815070944386584
-18.54517877226403,-18.196619151253202,-11.555208613710253,Inf,50.36329697978426
-17.507841415114306,-9.279050761126237,1.003634685664263,37.06283298286495,37.06283298286495
-19.04433070879934,-3.9466227114996144,-1.362523303963048,40.27247165963366,40.27247165963366
-8.060439270085311,-17.639961697563493,-2.6789634487242324,31.564079045654264,31.564079045654264
-0.635042203142639,-17.70228241903201,-7.203825557088281,30.391506172043727,30.026726731674938
13.059458606007496,-19.289502662786823,-8.785679434373428,29.465314371461226,29.465314371461226
-14.279775564363701,-19.351375659126333,-16.021181927802417,51.500860525114106,49.90647883281051
-7.482581861408084,-17.84049523848747,-15.169019982933882,42.891439142170725,42.658577062281594
-15.814754748054742,-18.990017217576245,-19.37018893423092,Inf,52.29337119631364
-8.599306551373171,-18.70371628188029,-9.974628099102558,Inf,37.08184543536119
0.17024488782941205,-19.37859102895688,-5.023345504323391,28.29296648412886,27.99414388068839
-11.045713148734082,-17.952313417787593,-0.39743545181976714,32.36152775333183,32.36152775333183
-14.251433151619812,-18.255854653088495,-0.311212209332588,Inf,35.58274064073537
-0.7434564008009126,-19.28212092991597,-3.982390934880577,27.184581179143787,27.184581179143787
-10.605758558725125,-17.785380944436213,-3.3557715622706823,34.201855810478236,33.67619893350035
0.8220232947640227,-17.69604972635851,0.5881994638632193,22.099638196860774,22.099638196860774
2.699852521192412,-17.558757942145576,1.6995867227650336,20.88293780856723,20.88293780856723
8.18372682247481,-10.348596793864457,-19.668906476657444,41.307922471072594,35.85878822182285
-8.557851347850356,-9.387741223604786,-4.0393222705405485,31.807338766599702,31.807338766599702
-9.045572381473601,-13.452947056555598,-6.739941288697757,33.02826626520896,33.02826626520896
-2.157021554357634,-9.472813644407054,-10.375842251135063,39.34149317568588,39.34149317568588
-14.451349661263144,-11.936674580296032,-8.547215441578313,42.30138866071198,37.393082552171734
-4.391145474272227,-14.408202332701663,-10.957168490455365,36.6402547326761,36.44245566623548
-6.350815212997887,-14.106273350126433,-15.712859243696142,41.792735798711746,41.792735798711746
-6.370561829265382,-10.928142514888401,-18.889099857609565,Inf,45.52532314294833
6.771083353182892,-16.128655363863167,-18.23636889816097,Inf,34.73197658852126
1.0983730478011182,-11.587689284300842,-11.670678083546688,Inf,35.19509770653296
2.0369854636177642,-12.689930575401487,-17.281447853565346,Inf,38.187626412415476
-8.267042681108006,-16.074461468334967,-2.706327566033586,31.90242234948981,31.435381861139234
-7.865826261466147,-12.341025839845772,-2.320617021440281,28.320974402681962,28.320974402681962
3.144391831816982,-10.627699008596654,-0.6202518768695775,17.08861790381683,17.08861790381683
-16.020601076957686,-4.520024516009853,-4.371794384645735,39.95361701984238,39.1363107428957
7.697825666657376,-3.211624266620543,-11.469666971974366,29.016139691543927,29.016139691543927
-8.838798037869742,-1.7557436635088948,-18.010959791186476,Inf,44.476519590927495
-12.122602245235665,-7.807336041764312,-7.368307660616651,39.583024834008256,36.33057275403851
-15.613375543691328,-8.691418711858336,-16.005988569455827,Inf,48.94126355033177
-13.379544530072005,-8.28747469988035,-8.343515886410291,41.01223799860055,37.43731559460375
-0.15791177225757735,-8.573680605515355,-11.96596306923742,Inf,38.540349302152606
-13.824321454489823,-3.017124836589005,-14.013345541192894,Inf,46.8693532085892
-6.142088144646998,-4.336961205761973,-17.37050620349504,Inf,43.545712214178124
-7.226023913637629,-3.4416355767510893,-11.19366258871116,Inf,39.93523315648994
3.51814015300306,-6.932461666030427,-10.419615171211012,Inf,34.709733524105694
1.5460457605959554,-6.704443207435107,-12.97293671852879,Inf,36.24829013915215
0.7865315746816393,-1.582646953547446,-14.795068306440111,Inf,36.47800222484035
-11.219421364066111,-0.7016148781840137,-7.55695189388911,Inf,36.9404855243054
2.1790958448265414,-7.842436633179304,-0.14091030644220837,16.645413625299835,16.645413625299835
-4.068480927746867,-1.726037129620181,0.23884137643989334,24.598994834800248,24.598994834800248
-13.370300063433724,-4.659490581520487,-1.9397817363302678,Inf,34.59276224529127
4.2190612859948295,-0.7552727634474898,-1.1303471246863168,18.040803488227752,18.040803488227752
10.484751089584528,-7.353683917150393,-17.644651145749517,37.15500285994668,34.90498751308622
12.418682742473365,-10.277981726578975,-0.9376125882462638,14.325754388809866,14.210298009225893
9.691822583801937,-13.5102265677902,-10.827723423316877,26.348963121676,26.348963121676
9.542874486814252,-15.673651649737153,-19.598385371268154,Inf,35.38373509588951
9.0049039448113,-15.978439124446897,-12.729065023547399,29.238304322516967,29.238304322516967
13.595132478785558,-12.034326983006087,-18.558062552856782,31.763249275874383,31.763249275874383
11.016387285528346,-11.764560788141605,1.3774374675210055,13.427536452793237,13.427536452793237
11.928972627649095,-11.156842712657848,-0.024717952249709185,14.801827073626058,14.174408985310514
12.149290182466117,-5.862680390649722,-1.4533411788194073,11.828577680911993,11.828577680911993
13.045753558589567,-4.598276053958248,2.322587425017602,7.746911142272492,7.746911142272492
6.0657547972470915,-10.326612256490453,2.401116975127124,12.87510576453251,12.87510576453251
-2.28219698181001,-16.76483069733475,3.1390388788731087,24.41259308387988,24.41259308387988
-0.1788812689554291,-12.425547373085264,2.062608363807943,19.471740990382838,19.471740990382838
-5.10408458491737,-15.411237090810266,2.5640762368151186,25.253041953120345,25.253041953120345
-16.90004005868299,-2.671006670014819,2.173623907574349,Inf,38.16285534777824
-8.820520940067231,-10.22679601048936,3.0599306681679828,28.444315623041216,28.444315623041216
-17.17704584887329,-10.347497516043447,5.561419020989085,33.77915140891096,33.77915140891096
-17.477193120290515,-19.798956885189902,6.0812831359901125,38.91484794280891,38.91484794280891
-19.51377265687136,-1.6844747043523682,15.946857719962338,37.0179738998262,36.53482663919631
-18.489849383970967,-6.5027839674804255,4.66060137745778,Inf,36.26833616590156
-18.360376435840546,-13.183757332020045,17.167268696150167,38.61769370820237,37.86140908121362
-19.986041394404126,-4.2563975168030055,18.957193675034283,39.50183464506766,39.50183464506766
6.6715019689032395,-15.53556903331165,17.762562214476453,17.218152669834513,16.239115769715426
-2.2746039137434764,-16.350515789034823,8.601175803312302,23.256032952922542,23.256032952922542
7.850979469949586,-17.237695851511248,7.196077696811152,14.797866667236335,14.797866667236335
4.011905572978989,-15.695681858524075,12.779848749687801,18.32930076432561,18.32930076432561
-4.090411948162336,-15.86686997250414,18.846594564505196,26.601868049775536,26.601868049775536
-15.674307497339415,-16.24684081288826,9.559230098317244,33.62674429090231,33.62674429090231
-14.543164120878815,-19.62182890173346,13.1025432602409,38.64920365872392,38.64920365872392
-14.408832654935138,-16.313107234391467,15.974139224771342,38.201843934838884,37.85754940946137
-0.47465683262042546,-16.44977877216987,9.705752350745538,23.124706328306313,23.124706328306313
5.120497912992235,-16.12724742316617,17.345081312218113,17.265744714369053,17.265744714369053
8.903567497046268,-16.563261201532484,19.76240699654752,17.012209710258777,17.012209710258777
5.785628075550811,-19.818362743775147,16.87353872276286,20.430589730302586,20.430589730302586
-9.724181534057887,-7.703650423468895,5.639998188890274,28.737559629723364,28.737559629723364
-14.289355726705253,-8.048684296930881,4.77772012627976,31.952434497836958,31.952434497836958
-17.097485045915562,-12.149254131173697,11.721640550767027,33.9170995714925,33.9170995714925
-13.300241062138651,-9.960849151751763,11.401229022620036,30.296676904027958,30.296676904027958
9.095076466919796,-13.361412387046796,17.279860291784544,14.026658471002573,13.97296909008308
-5.067044850389362,-14.094989782069174,10.299876239008874,22.834604203333424,22.834604203333424
-8.094032700281613,-10.828265180948424,8.432474474569204,24.241058055276827,24.241058055276827
-0.9163960378674041,-13.964240209438312,10.467429363299942,20.834391290373414,20.834391290373414
-0.557607926003989,-9.965203025947824,9.181729140539527,16.618462879339823,16.618462879339823
8.124195097961948,-10.497620143966664,16.339034458581196,10.806098411868042,10.806098411868042
-3.97027860620236,-12.350898840205407,14.120438249671459,23.078239450884265,23.078239450884265
11.903705754085863,-10.157712281927305,17.958339473573616,9.712446279142885,9.712446279142885
-13.57529744054557,-11.638396861842475,17.701512588177984,32.80467727992441,32.80467727992441
-7.213614564098565,-8.776108725635359,13.86470817334336,24.843221978734466,24.843221978734466
6.455797894146535,-5.9835360888343825,6.866785045498052,8.22796236033674,8.22796236033674
-15.056540181371627,-2.790748200501369,12.65482643613882,31.36746663387176,31.36746663387176
-13.132129332129105,-7.2261090125543515,9.208285036942758,30.482838951945894,30.482838951945894
-16.27546547935795,-8.215746297741369,5.9841256041181445,33.17165206828051,33.17165206828051
-7.601488777962855,-4.70330965715803,12.586557956290335,24.02851864575319,24.02851864575319
-16.044276433199734,-5.302072573443848,11.18598134348776,32.170423029277494,32.170423029277494
-7.869619951475402,-1.780278523244796,11.853373037971117,24.065740885188703,23.244424284034448
-16.254023105023094,-2.2927595241318954,8.886880125564332,32.15289964275046,32.15289964275046
13.986147540537182,-6.3667106760016345,10.230980424560776,1.38616085612756,1.38616085612756
9.726857302598049,-8.58276489813167,8.07859216900657,5.898115027756489,5.898115027756489
8.31262440285208,-2.5674409102227997,10.096270881293037,6.186505717355822,6.186505717355822
-6.291233865064871,-2.5233401175419523,15.17194184882402,22.554691692566767,22.554691692566767
10.655727264779404,-4.470382867314342,14.454796044458938,5.595521622914259,5.595521622914259
0.807818855492684,-9.512739354786763,14.092922728432562,18.05506817671057,18.05506817671057
0.6951584836895641,-7.0208579297688445,18.49182130015415,19.28624886427884,19.28624886427884
-1.6798245209226614,-5.86584089054532,16.168891219661035,21.87149234434509,21.87149234434509
13.063561787277749,-4.156479954706693,17.209548675310543,7.318882065912121,7.318882065912121
-4.183799780458806,-2.6217884203713453,18.088314917480794,22.617153529249094,22.617153529249094
13.774429031156465,11.961548346270689,-0.7625039728050638,20.089213432325014,20.089213432325014
-9.12835252399141,1.7174363195114921,-19.638147745088467,67.69923763413871,44.9414305993389
-17.03773859530311,17.16511405761966,-3.1201590138785917,55.102074868981916,51.284225184506525
-15.218159505422237,0.6996935355939797,-10.937162758159733,41.847359198372374,41.485722969576244
-12.055534923424709,14.381287028405644,-19.500384428386273,Inf,47.92530492546137
-16.177756610672127,17.018343094126045,-4.039192081770677,56.369249880372934,50.632563230399434
-17.389686070140193,7.192499637912206,-5.558510084315307,42.13115747986252,42.13115747986252
-18.273181315874247,5.965995249239377,-10.756214995956297,Inf,45.76484765265958
-16.496734773225885,13.4724999614237,-10.301291981477974,53.363394088475225,47.033566496079565
-13.78231051566802,8.957967393441209,-5.988396037955219,42.000807065338556,41.808426544799005
-11.253527266870886,0.654660505045392,-2.724286654893273,32.727508835104,32.727508835104
-15.080190909740896,6.512269624045928,-8.692476990699642,41.92393396180807,41.92393396180807
-10.774637382977161,1.0139097423382104,-0.9730735653668603,31.94396461617825,31.94396461617825
-10.500417327760205,-0.046097540766396605,-2.4966963063711134,31.787539144331475,31.787539144331475
-11.061239532111813,15.365594600560883,-1.6814817853048751,Inf,37.79253419349116
-10.312479471869898,18.66347169657726,-15.275805151726614,Inf,45.156975418110946
-2.661829179514985,11.878763912338812,-7.855862631720871,32.739806472220224,32.018072920129114
-2.8386686742174128,3.8150769668987294,-16.246265874936867,38.359430651658656,36.36285410009924
-6.89915328082086,7.605421073516059,-19.070379658251035,Inf,42.16615730705549
9.638745796459993,4.906687713425342,-3.9624344194461614,18.050337349340843,18.050337349340843
7.18026926377793,3.9246096800093255,-13.490275065545827,27.93913563340628,27.93913563340628
-1.9450138890628281,1.4173190675764857,-14.562942949024436,36.14096879151552,35.89002248699657
-2.5847907169533535,1.337519055067098,-15.397593311785833,37.195636350303545,37.195636350303545
-4.436956769399574,7.791726484307276,-15.609749864974756,37.91491279126289,37.91491279126289
6.214154100036158,6.005044257419758,-8.130444664892922,23.555473568463817,23.555473568463817
-5.930684472049235,11.664126301416033,-14.692558775629045,39.67836955677322,39.67836955677322
3.070160579582435,6.2389292233890785,-3.200419124748297,22.726324098529833,22.726324098529833
1.384285176735851,9.626214638017903,-6.986237737213106,28.027984417616466,27.7626212503622
-2.7827395166222786,4.178557286628859,-6.533979873307869,30.063168430995773,29.770058854912932
-8.926728396349768,5.014234005740626,-10.758624958045075,39.868902597778984,37.56613991068798
-7.219074413250892,10.653186510591048,-8.456084302555853,Inf,34.639952675208605
2.3133433848022307,8.652184782675214,-13.689424528850465,30.844227530865002,30.844227530865002
3.194155783548183,7.249196403108336,-8.362593744544435,26.19782097816835,25.767169911352838
3.6904907022891997,7.014295374100719,-9.684211171233725,26.56869857166307,26.56869857166307
5.141404984041795,7.233731827935248,-11.17537798106154,26.863268956755388,26.863268956755388
-2.9541639486781968,5.410166487231194,-2.1288139491982676,25.381817314313743,25.317527185536687
9.440271002794411,5.099836058344948,-1.0368084658615473,15.903051340841447,15.903051340841447
7.487209676945419,7.303156583825459,-9.472727739737472,24.432774438417372,24.432774438417372
13.852498016379691,2.480203815707263,-6.03596568956922,19.026044182609933,19.026044182609933
9.863060897010083,3.500705701438605,-8.017748897618366,22.34832271451348,22.34832271451348
13.68680584601573,2.816692089080604,-15.152078581957937,28.149869724574963,28.149869724574963
12.067465689643043,6.786052683505403,-10.227042836565747,24.70851712955907,24.70851712955907
-8.082632154834402,12.260403071260498,-9.823176672167238,38.51917303600485,38.51917303600485
1.8848645835272677,12.553979866939926,-13.171625317535725,32.885254257631985,32.885254257631985
-8.645065325566152,12.821024355194119,-16.143477715003325,49.93873209070761,42.966445330445374
-5.722294797857614,15.592327274637697,-10.781643274730444,38.20364692329223,38.20364692329223
-5.464118532354689,15.795089126449227,-13.67979902448135,40.296833923978994,40.296833923978994
-9.066595862366231,19.216049279513,-13.223434260279596,Inf,43.64765493303413
-5.316424886176021,14.537615394606924,-10.23844442996114,36.949767933897654,36.949767933897654
10.840048176789185,17.74560414815727,-14.211147007717138,Inf,39.199019239365434
4.174208759554581,13.898884584396825,-2.2375541215549077,27.493611654086052,26.94632120519767
-8.60704217833371,19.319965328507223,-7.553599055309608,48.59897818616668,41.16671994173842
-0.4684151070636773,16.48309774856113,-5.895930391862949,32.38987918500074,32.38987918500074
12.876104940987823,17.67568325374762,-3.7478884213672714,26.598502503916535,26.598502503916535
-17.35207941789063,7.551682107597728,3.4979345801541584,48.89286598850113,39.8391890679718
-18.017911044642005,9.195789759012243,2.224559900246625,51.076419239523815,41.81412909437073
-18.903657086046913,19.523714145327382,19.63825757454346,Inf,45.056740817545574
-18.71121366435821,18.0672697947835,14.651050202416897,Inf,43.873777946407074
-18.54238378660338,12.02178677459331,19.49723707278796,Inf,38.80653720077709
-17.58229495193996,15.470673407476248,3.852537906855158,Inf,41.57767671089608
-0.3079737510764531,3.738761355703666,8.78693611572027,17.277436819793017,17.277436819793017
0.9894818275965811,3.231788359888874,12.92666221156378,15.947171288274205,15.947171288274205
-16.365071317416444,0.27579068939211737,12.199986106375356,32.813326559957,32.687117703770376
3.223027890532837,3.620775570764625,12.771758970847003,14.633768729191178,14.633768729191178
10.078122770822393,1.3547448839674843,9.011263136106848,7.532695674662159,7.532695674662159
11.594509627698866,1.9292594095038673,5.914115099287791,8.396158366616207,8.396158366616207
-1.1630734720746538,2.715509736935921,4.279800731943588,18.202714151060082,18.202714151060082
-0.4291352404101474,0.3419026808670438,0.5871807744717756,21.638781175865414,21.23113702078637
-11.116698901172057,0.24177131419828868,-0.5524207643903551,31.959412108840382,31.959412108840382
6.887909687911211,0.2720985270464098,7.432144192406067,9.217957199661214,9.217957199661214
4.058840965013275,1.1476706267091252,0.5922958267977734,16.671398150329676,16.671398150329676
12.594969200418888,1.5562981380966079,3.5840958232933495,9.280246937881687,9.280246937881687
9.496490710506507,2.134806977517691,9.457262157633277,8.454681004776361,8.454681004776361
2.842555415073626,-0.2219554996309725,9.451631124206763,12.17303367258755,12.17303367258755
1.114901565525912,0.06725776714080922,11.946486375947156,14.071437457081057,14.071437457081057
2.674397818983529,0.9317219906089065,18.153621366521023,17.557780676289745,17.557780676289745
-0.8720053767101703,0.3699566322156933,17.64953527192624,19.74892539643987,19.74892539643987
-6.790960827989778,3.2263146067107584,18.152897354968268,25.31994311164629,25.31994311164629
-13.869674954090403,0.6683287743959809,13.37499982394732,29.901126606375836,29.901126606375836
5.587987539016346,1.3060877851106056,13.368171434045138,11.94265059222159,11.94265059222159
-0.9762448614342745,16.4642086917684,14.670639164395645,29.32693845372386,29.215615151196534
13.773840370328642,6.576267571138061,6.524719451661838,14.396042324991766,13.565007853223861
-2.362920048599708,14.27648423077418,9.874136540960691,31.44925331941009,31.26093198500939
-12.0,8.0,10.0,34.558374046200605,34.558374046200605
-9.06170965294824,14.041247782713484,2.6368369201866493,32.852909645632444,32.852909645632444
-13.63757324667259,4.984283669277154,9.287218700838586,32.49719332654586,32.49719332654586
-15.553717801996898,4.836604041952086,5.9895961235531985,Inf,36.313963412816214
-11.199526248663902,13.009315919228406,9.159458919591536,Inf,39.081441915663575
-16.698947741250603,11.436484009481099,-0.019669555988386378,Inf,41.34815693983878
-16.813087973675387,6.931564807063655,0.9491707601561856,Inf,40.61440579574806
-16.352614539232484,8.996877423656482,8.49854907928366,Inf,37.40579370037473
2.514569372449998,10.309524666259815,2.1155609024488875,22.322361059429745,22.322361059429745
-1.439021336372484,9.662293286590788,1.1126232093124884,23.93081084057595,23.93081084057595
-2.8320707795384408,5.625406104646196,1.4390128850888395,22.598521753079588,22.598521753079588
3.2289282920372564,5.958488814819674,1.9695587696647792,17.910656369710722,17.910656369710722
12.057645203348805,10.667075465514717,1.8068487125002264,18.062262088496528,18.062262088496528
0.4845382806428411,11.488743998143445,0.43076823043934453,24.273303244316494,24.273303244316494
3.9784596351072636,11.000117260228048,5.059777502503245,22.651301925024576,22.651301925024576
-12.649889296661527,9.0040939351302,14.03241627154523,32.6091108466545,32.6091108466545
-16.09629183594769,7.54777709043708,11.158120610320825,40.16448377079873,36.511800352953486
-16.586274286759988,12.259638334322254,10.320308302231087,Inf,38.923652928328266
9.188997213990177,8.530615553521727,13.426795568031409,16.00503837189524,15.98847918946074
5.453158164899783,7.58962191459694,11.208719443113573,15.60070679353844,15.466895112674624
-4.694863903669795,19.668887249705023,6.172790784337707,39.70048329576636,35.827037092007785
2.4504657898700977,15.27017057677569,2.4144622260835824,27.901617480198514,27.265407044568818
5.401728382588402,19.189495451653542,8.157628401716657,31.521943913263613,31.521943913263613
-0.2765621695434639,18.62340199649354,10.362157039209556,34.19671153052626,33.299837797178554
-11.54564227827068,16.55213634581162,14.083146031934078,Inf,37.14051413782844
-1.5583080423678268,17.96337373530526,11.484917655295881,32.1680700139834,32.1680700139834
-1.6321535716830837,16.20950671345657,8.00810483351598,30.855529681639787,30.855529681639787
-15.369185472043023,16.05673716764482,12.366546271320445,Inf,40.34923171859362
-9.188364528486126,15.408474941889963,15.997800409432273,33.89542227753814,33.89542227753814
-9.356981718422599,13.846391463332857,17.27272246439764,33.77940489213938,33.63752631422777
-10.264216321072457,11.288611466354972,17.873231498346968,31.765388709442526,31.765388709442526
-12.386858921631392,9.337964738938062,17.382266551320242,31.766190093635675,31.766190093635675
12.178512277209265,14.069137734547617,15.962562193279872,22.790503767920303,22.790503767920303
-7.312711403664416,6.0471583144363095,17.238238384298974,25.716634401642423,25.716634401642423
1.8950673162356964,10.906845366881832,16.650305048832756,22.765856396590728,22.765856396590728
-0.23229044452584446,11.866224017674707,16.37137765453319,24.257042508845373,24.257042508845373
13.839398501031056,16.465879070234948,19.081746770628698,27.060424669558184,27.060424669558184
6.432107900054589,18.844713726658284,18.869450810301835,30.807815708588326,30.807815708588326
0.838427642496022,18.834410652456924,14.999933481242437,30.93203696453597,30.93203696453597
18.428066284248715,-5.414574698694938,-14.409092365977543,28.77968598214142,28.17315757783336
19.252141481468577,-16.81227233064871,19.723945637517346,16.176213602575995,16.176213602575995
17.647027611634186,-12.33067917888146,-14.539936467974766,27.47756277147273,26.95861007633623
14.859196884711707,-19.736283328180058,-8.029373084041493,31.467980127486136,31.467980127486136
14.993963499318703,-16.29556113194677,-12.444147709340125,27.764140915921534,27.764140915921534
15.33041887215228,-13.11872039647537,-16.087554729711904,28.55536261229051,28.55536261229051
16.16679000147127,-13.204519507676649,-13.610428147686475,26.599165055362683,26.599165055362683
14.003463898085052,-8.747030091762396,19.367730693917046,10.827899353982087,10.827899353982087
16.847756264913087,-7.81392005781524,5.131498403803178,6.303187259497981,6.303187259497981
14.352534419884591,-9.422301642844202,-7.845305366522863,19.46941499142161,19.46941499142161
17.59523683981324,-10.71151225765135,-3.436616303173558,15.378833649607898,15.378833649607898
18.64193090575369,-10.761239186216791,-10.40187927566052,22.42247826805632,22.42247826805632
17.827534675984744,-15.97911924849015,14.51487094944202,16.469980429620634,16.469980429620634
17.71860693415681,-13.370869592325425,7.933592549813071,9.389863418211448,9.389863418211448
18.916497250879907,-18.007769439527188,-10.525022216257609,29.675253707420048,29.675253707420048
18.45154807133703,-19.342323150241832,5.917346249599742,15.734996155045838,15.734996155045838
17.81423766760541,-7.092400100111131,-13.447299736397875,26.454697483506102,26.454697483506102
18.502938822856983,-8.703280123498152,-19.18568203994085,31.445210964125316,31.445210964125316
14.170069471700046,12.655451860820996,-15.623807767272675,32.95447741834906,32.95447741834906
19.62704015400768,6.119910425243738,-17.69415924789697,35.86314958426893,35.406577595390075
18.372311810929098,15.917676633737372,-16.14561217079408,40.31736144896383,38.29987085402551
16.690387757538765,13.503906411661092,-19.219441855779813,Inf,37.42666523699094
19.66918445051236,14.079518791475707,-19.18446179484116,41.676182305598,39.658691710659674
19.485346082976996,-3.5212895943562827,-7.748162778686867,21.774662639856693,21.774662639856693
15.623079013650177,0.44613564902433467,-15.046083007404505,28.431074988288536,28.431074988288536
14.637625910113492,-1.3761486666381728,17.414142949959682,8.27697897605118,8.27697897605118
14.511202626459593,3.9148774225746763,-3.663016585301399,17.138712758069033,17.138712758069033
18.55948508226274,12.938542487975809,-9.823573387581392,33.66185361293365,33.66185361293365
16.55692468537196,15.625784927888887,2.042011403994106,24.762084241439418,24.762084241439418
15.520391748862565,7.880151564257368,0.293145780206288,16.986061069341297,16.986061069341297
19.543295511153893,17.613715526537945,13.536730618672657,29.779154824931858,29.779154824931858
19.667989562843992,1.1346176066452713,4.90275183150257,9.784762529337183,9.784762529337183
