-3.0,8.0,7.0,0.0,0.0
-4.616827088586879,0.31097167345577503,-5.940452200517834,15.139041898174225,15.139041898174225
-13.098236001449699,-19.282807598562535,2.724995626478375,77.26618934233896,77.26618934233896
-14.381430054200939,-9.206784905548071,-3.2325435264377873,89.04180368069463,25.746024017963215
-15.027485200514992,-3.7754182596519286,-1.7550030765598557,20.08031517658622,20.08031517658622
-18.902508234774473,-14.993936093534321,-3.6946322560234535,86.92515497510642,86.92515497510642
-16.113197630344224,-11.78033221618728,-17.598861991287027,Inf,73.64943641665536
-17.94573070430311,-14.723993890996985,-7.0058927949908245,Inf,32.89723268034222
-17.64857707296061,-17.6179756090998,-10.049552483460369,Inf,36.96088568733246
-19.561756772902534,-19.785782378506987,-14.203617304750162,Inf,41.84376726447434
-18.340425467062644,-17.479901816323302,-18.689511135006384,Inf,42.6687506629096
-19.92893539710801,-16.6657203700367,-4.920534551497857,Inf,35.19376700206646
-18.45185839208643,-6.787012514168644,-10.14535289450997,Inf,29.531846748424456
-19.864095976288453,-4.406078018887749,-10.649876175496953,Inf,29.108762450932254
-17.75967841228986,-10.098373834077279,-16.277117926159264,Inf,35.465934349071894
-18.669363092261122,-9.827427969357396,-10.228985154513817,Inf,30.9105733964145
-17.01957333297832,-6.016010906219442,-12.444829637142023,Inf,29.12447647669343
-19.50186764665193,-9.301356416490227,-8.525312388614896,Inf,29.898317975954278
-16.761153695990167,-9.22103630946233,-9.25673338740209,Inf,28.89150803307259
-14.826647333401395,-8.069630645502794,-4.23394016587717,Inf,25.042746531925527
-15.763867534833853,-17.379158789462235,-14.75902427769741,Inf,42.57617813281582
-15.923962472249888,-8.62402924032434,-14.881771745863013,Inf,32.73071002386692
-14.680966756870903,-15.819899021467512,-16.42315855870529,Inf,38.42905882041718
-15.931953977207174,-16.05618916412471,-8.439857261102306,Inf,34.136511338655495
-15.11923973345386,-7.8243799014722715,-6.449338809621699,Inf,25.139633704039454
-19.083895411653955,-16.298347486084907,-0.8787435022997059,Inf,34.57460345212749
-15.084093211488403,-12.274787584078046,-0.3049545282640125,Inf,28.702677043981772
-16.427493548014187,-18.580372891565702,0.13392893343091572,Inf,35.164700661017775
-17.9822182336257,-14.432342894730414,-0.14630939284355549,Inf,32.31921431621541
-19.02443618000315,-17.876578140857866,2.234871507553102,Inf,36.00726987615015
-17.587263424053077,-16.63867440417586,0.7906378111526209,Inf,31.07877838351919
-16.487644756613093,-1.219216459988175,-13.622715362770288,Inf,28.222561391693638
-14.916825059742127,-2.130064042581097,-18.13100983761568,Inf,32.028034947149806
-18.157225329742374,-0.19199349401367982,-9.030834769954375,Inf,25.686824826886085
-19.521185592254355,-0.8595263770544292,-7.461904860610504,Inf,26.159491784437463
-19.35304177904805,-0.03933034022234949,-1.961720812922863,Inf,20.886202329309242
-16.25521610193834,-2.6985162036324866,-10.184608945999223,Inf,25.49709128404567
-17.528698519791153,-1.1933380554392947,-12.619208488244817,Inf,27.866599024715008
-11.686878717292162,-19.305604908253045,-19.18319834034783,65.57848278405237,65.57848278405237
-3.3333407175704792,-19.88968649527837,-0.4927561985413291,Inf,32.52491718455337
-11.514777029736472,-19.746304797879162,-10.19823775150062,Inf,36.5621928411228
-12.300666052833185,-19.845265537691425,-11.160234482990505,Inf,37.25825545665456
-13.70698600865186,-19.99467497256969,-9.558804740022318,Inf,36.09763598165022
-4.295033479716892,-12.700018040926633,-19.870359952287924,56.67697339298912,56.67697339298912
-10.52619873268374,-15.40047865836729,-13.63088216209559,65.89928281365121,65.89928281365121
-14.163893575664765,-17.265817617478643,-0.4024388764935978,81.13719970394409,81.13719970394409
-11.22802856101421,-18.887211291324945,-10.411216596323811,Inf,37.76027227793109
-14.195964850842522,-18.81472372402838,-8.870160406028473,Inf,37.42411410687014
-12.657587077573895,-18.880808226761758,0.720795823487677,Inf,30.70674665885331
-11.756688012561654,-18.658040787902568,-7.925689960872262,Inf,33.793716544888404
-10.750384668176123,-18.023808566272486,-1.3324494045190178,Inf,29.77727989979493
-12.266198230090213,-16.255063538117742,-0.006709073249318465,81.42812777473341,81.42812777473341
-14.236739582920022,-0.7835652390342602,-14.997863834687202,Inf,45.53063128445047
-12.672794856501897,-4.6360291858851355,-4.425132706878143,21.45089603239267,21.45089603239267
-11.509859264577997,-7.421348553575351,-4.3237010514888485,Inf,24.470947613360885
-10.677374723655717,-7.503377698992324,-10.295592603185009,Inf,28.282124940600408
-11.473276934271004,-5.225819754806702,-11.287001709397133,Inf,26.076478206405994
-11.833937652060742,-6.874925111332564,-7.707722024223473,Inf,25.511897017467362
-12.621753729237506,-10.98718976950006,-8.41353984668638,Inf,28.850466600307257
-12.183815201652415,-13.723487154891085,-10.70886080919684,Inf,32.448745613416314
-12.356306753117865,-16.83609711543874,-17.522112259854225,Inf,39.133848896610836
-12.17523521811791,-12.993472149341354,-5.678445549869364,Inf,28.566966641103164
-14.074057280348402,-14.945608626175169,-4.497613314924118,Inf,30.415278575142068
-13.829189129873223,-4.978030726052598,-4.176488306379893,Inf,21.7685465037489
-14.035596449433116,-3.3673942927076084,-16.57474815358693,Inf,36.516917368020124
-13.311731607366042,-1.5431846432085479,-17.673073299798325,Inf,29.678361322699214
-12.287275564858806,-0.597408658837395,-5.84669748348043,Inf,19.362753247741193
-13.498681233947103,-3.9847596364626092,-1.387374823804457,Inf,18.89205183964598
-13.60854805830586,-1.9113178881188908,-3.617523046024278,Inf,19.012168318693824
-12.550520140926382,-3.3015277068004067,-2.016351388518096,Inf,18.347992355049815
-11.077542348664204,-3.5944707761922885,-8.16454909211136,Inf,22.582310032235824
-11.091996337552255,-1.2336068507952902,-0.574869675610401,Inf,15.435698091010352
-11.886073361371663,-10.280815807754582,2.4516907781326047,Inf,22.010029082059752
-10.3055904154761,-15.766583757696875,-7.812808141176362,Inf,33.59602746815307
-8.079306428490032,-17.464760519774572,-12.366817462945994,Inf,38.69101352017486
-3.4708292924690376,-16.311480602818207,-14.395021823221335,Inf,36.84726305126195
-4.190979550500016,-16.192254670873325,-18.908163022365542,Inf,36.441759472426476
-5.191025443339248,-16.2778510521332,-19.36057184709484,Inf,36.91803252423649
-8.014857145498064,-16.112236892214653,1.5448187517948426,Inf,32.41163234261037
-8.240489348510014,-18.75288103876784,-3.2481220365939762,Inf,31.07089310783544
-4.881551890790421,-16.51224174042096,2.221179162088049,Inf,26.185866547015188
-5.455809475384461,-18.62049808020865,1.6777366712446025,Inf,27.599150461754817
-3.10828589824186,-11.903572763477719,-2.252000059598558,Inf,23.206594239246236
-9.188021650820097,-13.358616266602024,-5.911796973034438,Inf,30.960750937489436
-9.720617725873169,-10.771184999933325,-2.7217122532841387,Inf,24.127824945370342
-10.049512485197791,-14.276809334654299,-8.158376901750382,Inf,30.543603879076688
-9.390705016304493,-13.13249112377231,-18.24857238656496,Inf,34.333928551584414
-9.679401876716245,-13.765236068977442,-5.896782401414615,Inf,27.824924781452914
-10.304841104984277,-3.1994887358507924,-9.693691024726192,Inf,22.758554653813597
-9.426896550503159,-6.529403239305269,-4.7561794488465114,Inf,21.0979155403732
-3.227312577460406,-9.5409987941113,-7.633004416285063,Inf,30.62933684475348
-7.968535688352789,-11.051312380252236,-7.168868516879199,Inf,29.86600143756295
-7.528740771085296,-10.353153777230606,-15.024927226583804,Inf,33.54782392804281
-6.815834170006632,-11.216461514957343,-10.09774610229643,Inf,32.06771877482673
-5.639317728115403,-13.44069656656897,-15.71186258527983,Inf,32.449569722194724
-3.7379591223817883,-13.528087846300023,-8.214975414419978,Inf,28.604154879627792
-6.4582426648041125,-10.11017772135748,-17.43192764525081,Inf,31.629289128485752
-3.7045748009820016,-11.072179429232785,-15.60744274605022,Inf,30.330580011561885
-3.0371632573110574,-10.28290219603039,-9.95479960074693,Inf,26.649231141769434
-8.15788310415721,-10.12598467474934,-2.641947123725732,Inf,23.38548928315353
-4.724927900641918,-10.554397841624441,-3.115786492400801,Inf,23.22816894899797
-8.224093430676094,-0.8664773004038011,-9.73754376248845,Inf,20.422994324406215
-7.26955535556522,-6.612149004474546,-10.55635655364453,Inf,23.87249139861941
-7.754709017764698,-7.1723451694217655,-12.249173365024477,Inf,25.720415254209165
-8.620962467297284,-1.0185107034371939,-14.484396026555837,Inf,24.667924289305002
-3.8808374912439447,-8.414517734600544,-13.83405233089781,Inf,28.919790816281306
-4.813799813753761,-6.539341938503789,-13.030373337191605,Inf,24.999699916831585
-7.085342818882543,-6.469457191955197,-19.382852016099523,Inf,31.746460388934423
-3.917755227531579,-7.701503329524817,-15.457929265618011,Inf,27.836342789122032
-7.043787366434335,-0.5411633764874679,-11.803282737176088,Inf,21.540172102308865
-6.723158263638096,-1.247785223839326,-11.33754779872361,Inf,21.138624798679047
-8.000848777626972,-5.476380016091564,-4.948473029943203,Inf,19.314815156075248
-8.992553467088724,-2.951272055330236,-8.045348433506758,Inf,20.53503982437833
-5.192717173813319,-6.099539196469923,-9.643968311981617,Inf,22.5648301116617
-7.987611129699079,-0.5166140258905543,-8.160426316221763,Inf,18.914947771908018
-4.526409540283121,-4.5831521665541075,-7.669526844119359,Inf,19.626175755169374
-3.8019728887516813,0.2318820430662143,-6.46306051913041,Inf,15.966674489982603
-7.866855051093804,-14.71667156159981,2.360469316468876,Inf,24.15085795637572
-7.735985358868662,-14.332052107283326,2.318195079118013,Inf,23.773708121732227
-4.295564024991041,-14.292547884866877,1.9615503295587544,Inf,23.470154174677027
-19.65432879489655,-0.7349251627456788,15.210344524432848,26.98322178267165,21.094599938717472
-19.9302548543261,-4.998850550261702,2.791408045513357,Inf,22.205946429029908
-19.77919573680567,-4.430674263853591,19.936827855461125,Inf,26.54380379675078
-19.861685118912362,-2.2462177848601357,6.076252821954007,Inf,20.358879583011685
-19.826271595006215,-1.1876510660173452,9.003435641296889,Inf,20.248250585825637
-4.90096317277966,-5.53134716398235,14.971126084886919,22.748048337965088,16.834630126581054
-3.3061617933666554,-19.228737593307574,12.306388576032901,32.2820314774804,32.2820314774804
-7.094413852749595,-6.427577865340117,4.064695900368022,33.701096320683476,15.653203694196058
-19.629420587263844,-16.160805305621846,5.727651853105506,85.1032305459059,85.1032305459059
-9.32882058255271,-16.70517635044539,5.7083613480222155,Inf,28.31016986646062
-17.003117970764077,-18.38906078905346,4.521977192833049,Inf,36.25610055889547
-15.09776358736266,-16.617079649905058,4.244766042726653,Inf,28.507337136795478
-19.50133313742399,-19.38269896790129,7.651469733520521,Inf,40.38188768520388
-10.361621291583196,-17.646999466628,7.707564446614992,Inf,28.80921038849423
-10.967877831495771,-17.953226628639214,9.194777203145215,Inf,28.883494853080762
-16.44645094666049,-16.946152614215542,9.33570972528912,Inf,31.272834640758177
-12.235352937768313,-7.4554926997985405,10.021235452653503,Inf,18.548136726970696
-13.179460144997481,-11.265226220663251,3.9911010901370148,Inf,22.816417252167888
-17.50082832128731,-9.525856423778434,4.790348094348023,Inf,23.83481101766207
-14.627480689502086,-13.43769986095781,5.593192889825367,Inf,25.033219758545517
-19.364162177782198,-8.209511794365092,3.3280574408619827,Inf,23.72319359802658
-12.819987402966584,-7.440677301272203,7.0458748646624585,Inf,18.603476646860134
-8.204605174487023,-10.310924697042898,10.586152258245278,Inf,20.63871595158148
-17.685902693027458,-9.634669516112409,10.355045680856438,Inf,24.143518334141664
-12.080112222469932,-14.893106286901796,10.678343181837029,Inf,28.530187878752137
-16.855675958830982,-13.267460830822664,11.591092568055778,Inf,26.136997625536495
-8.430251042128836,-15.754537017377066,11.561216300268047,Inf,25.082633482728504
-18.903489449880357,-6.571522659743589,10.43913215855472,Inf,23.002921872490624
-7.97796207058461,-7.020918948581176,10.521255248551302,Inf,16.275694804932094
-6.156938457666792,-13.4957071352631,10.442394423338168,Inf,23.393642575594832
-3.5475355713595036,-17.469499155844986,10.11626176673279,Inf,26.182364658574215
-4.758704464658763,-16.71040366739108,3.9372732760522027,Inf,25.07294271908334
-3.715066989612808,-9.15809989962523,9.247147928117172,Inf,17.399514210487876
-3.709355556413591,-9.517408645727148,5.13756068523702,Inf,17.705378645553672
-11.768341345930207,-10.233332082506594,15.98012391343309,31.13181967102904,23.446263951505415
-17.597020064756627,-7.399345756364255,13.882332751985317,Inf,22.812052661069387
-16.56303090179625,-15.695141007574911,18.830785221988123,Inf,32.52681124206386
-13.78907588284119,-7.554974501091891,15.238579008398247,Inf,21.9052575667056
-17.53980737647744,-12.429512061943777,16.197322447168688,Inf,28.088689964134474
-15.97380381005813,-17.505238276873563,16.79824698885443,Inf,31.88639781320444
-16.288446434543573,-11.715337746524117,15.672918436902592,Inf,26.7038321154808
-14.27723476463588,-11.27632883010043,14.578369584920324,Inf,24.057856709924728
-19.63062422133565,-15.316571452548251,19.880813690496318,Inf,35.79116469516196
-16.834683543751538,-10.85757785264902,19.66821086537321,Inf,28.214342548716832
-8.163326688819392,-14.985577945673416,12.549858857135227,Inf,34.046854775987526
-4.933163559340645,-19.298500371852434,13.97904170569867,Inf,33.989237244987635
-8.902669041257667,-15.954534140640364,13.903636882072831,Inf,25.872833383497365
-10.344423722399325,-16.061074598823623,17.296982132561695,Inf,31.620911404286133
-8.310019325578573,-16.409458429741797,19.9449076421515,Inf,32.56226156975351
-3.5932999860080272,-19.247147517004677,18.032838544995883,Inf,31.230682114985996
-4.035048880491692,-17.80679744515443,16.531508127705592,Inf,29.16734634996516
-5.428470586451546,-11.745044000178382,16.703830767510574,Inf,26.193222049227977
-3.617740435896721,-13.756568367043025,12.687290693630175,Inf,23.567658001176557
-7.163753402802673,-11.739542833702767,13.402740063441072,Inf,21.864192086167144
-8.438938079768912,-7.724023404113858,18.824850888046065,Inf,24.63915415292621
-4.702242040114948,-6.384929926334921,18.593189053376094,Inf,22.227597588251225
-6.254185163199315,-14.370334083971503,17.03425293023342,Inf,26.01152458533365
-4.453792551072997,-6.748446143224065,19.8421758746721,Inf,21.277712696891772
-5.898226334827301,-9.882026396843155,18.082954223492813,Inf,22.27580812089837
-4.188375003602038,-1.6176328275648828,5.8390959022365685,9.760061202638218,9.760061202638218
-7.317532354037484,-0.18268428449206908,2.8148429453383628,12.349871696539346,11.086355908670082
-14.682755589357948,-3.8283596439479766,3.2331801204227446,Inf,17.310778801931413
-4.91726403519519,-0.18106699324162534,2.9224974495598772,9.339795799556123,9.339795799556123
-7.166677775245205,-2.8078714751095823,19.007383919623265,Inf,18.98525987725488
-12.421864584768514,0.19168260359048617,12.197844402003852,13.471632606012362,13.471632606012362
-14.07122616682316,-4.901283137780146,7.332968465883354,Inf,17.54086413440824
-19.230488129496905,0.01048624660283437,17.930656745150117,Inf,21.639753507265304
-17.019243705914242,-3.5269561755565277,10.695038687466976,Inf,19.572664827609568
-9.451371400727062,-3.837042907444257,8.04014779103386,13.571346554440122,13.556730686511223
-10.402439110210002,-4.616372306159002,10.237224673373923,15.297839703337896,15.213954776536225
-8.486104671200998,-5.338219479552695,8.216078140375302,Inf,14.490259451330227
-17.63619437180609,-2.9655352254495497,13.443234573429976,Inf,19.68126798926768
-18.743900762726867,-2.4169918504263137,8.242610081767996,Inf,20.03395874696576
-17.17169550499161,-2.0907988111077174,15.644616684341592,Inf,19.560008463550233
-5.433317268010942,0.047969785794634845,8.13622747878221,8.393261007378184,8.393261007378184
-7.008476374375654,-2.277971118100666,18.154678994811484,Inf,16.195352756327416
-3.6963166342411853,-0.8078850646218072,7.382634034290938,8.84364771861174,8.84364771861174
-12.628190713893135,13.28996709641455,1.1344520463803498,12.45353207328982,12.45353207328982
-16.51105900521025,15.159309255600988,-13.340397756885842,27.556259744241945,27.556259744241945
-17.74789043873586,13.922614757069411,-17.553057108245447,Inf,32.11758236912311
-17.36377751554297,5.162303844239311,-0.3993594908045317,Inf,16.979463178303728
-17.25791688959548,3.6185955061395774,-11.938076000422795,Inf,28.421120082110278
-19.697361180459694,7.003032314248465,-2.3091303080368846,Inf,19.604356283930933
-19.874637202534178,2.3721179669518477,-12.521501958848402,Inf,31.336198782210726
-17.994402426774123,1.8762499813788764,-0.8841180661943042,Inf,18.80359577202777
-19.60363143334267,4.339372732520637,-2.930068144042668,Inf,20.090112143597437
-17.864776328911304,8.575050109122078,-0.40480969680309187,Inf,16.784984671647152
-19.507625176263772,7.5658798583504066,-7.469508195124224,Inf,23.335517017156455
-18.673755480797254,17.91995128958598,-14.573256663854703,Inf,31.27356274101443
-16.646622159235214,19.809394713155655,-2.4167092224669133,Inf,20.8951832203227
-18.86909084382749,17.436264175331345,-6.2890935075619225,Inf,23.544792115155282
-19.185826018008456,16.151707616239584,-14.443353516651625,Inf,28.764093524293465
-18.244841509300098,14.635452354912076,-10.699217014904754,Inf,24.896870301123496
-17.642661591363762,19.626910842574446,-1.919702215273631,Inf,21.092376468055548
-15.498090663734843,0.4520477415500146,-17.11489829222949,42.77389755024935,42.77389755024935
-12.031611472706913,17.985314374064018,-16.12617481652851,33.540598383729254,33.540598383729254
-14.18537499441574,14.81966942895697,-17.317727493573337,32.17614211982757,32.17614211982757
-15.220622868098461,5.174131162712214,-17.57977232302683,Inf,32.429128759432835
-16.305032083530424,2.366342708245117,-19.134033171820928,Inf,31.886503889847404
-14.273223621722844,0.7737174813304293,-19.85171111515094,Inf,31.056983222281417
-14.566745860815677,5.378400810213712,-18.85876978577075,Inf,30.363177181383136
-15.911010616918855,10.702891783513504,-18.650681887517617,Inf,30.033130439251718
-15.829957133088053,16.34478915797895,-16.85627122571529,Inf,28.837388964861187
-11.736196267441628,15.49216255524393,-16.69217147925437,Inf,33.399588638765564
-4.080681632767584,6.647271602126274,-16.154749616200057,Inf,23.78134745061818
-9.654590794636242,0.7942212663354837,-18.664743726596456,Inf,29.615335790922614
-12.368539032948709,10.307574496668323,-16.52338420771864,Inf,28.152200124126217
-11.814835123381249,4.159559207294173,-17.70669513973931,Inf,27.90050576686323
-11.084398639594806,3.0671146951978017,-19.124261381321183,Inf,28.943058884845485
-3.07615125961469,7.484633400644675,-18.24358980802664,Inf,26.376007482331715
-7.775624446200435,5.211383727185883,-19.210159370669643,Inf,27.322611936751215
-4.865769815518162,1.8719213454761814,-18.28212032110498,Inf,26.18923024010393
-11.584474579369557,19.7005557216782,-18.367469138294137,Inf,30.908379923790573
-4.46494131190863,19.704624773550783,-18.76340667125099,Inf,29.11622461899315
-12.692756483077918,17.557508943841867,-19.36711344326185,Inf,30.20733505533913
-8.255147591387546,17.30004199772995,-16.87250133804321,Inf,26.761259542336756
-14.89365170150922,16.830569092187133,-2.314881448254038,17.891001846638993,17.891001846638993
-15.037132325240297,14.38277268862997,-8.743848040545155,Inf,21.28480288206255
-15.89491449594112,12.201242986071641,-0.22372670241463766,Inf,15.711629011287444
-15.25831446639696,4.254525522164716,-14.457657314637444,Inf,27.356430270113766
-15.31589172645166,10.918739115550025,-5.235976867923178,Inf,18.39848737487513
-15.006771607279301,8.361849427161872,-8.085550858499158,Inf,20.565492218643193
-5.198377559101122,8.996969869263491,-6.317591281169257,13.62818370229489,13.62818370229489
-11.90663503416932,2.638358830279781,0.6302209323659795,12.559308868061478,12.559308868061478
-3.8769475110423812,3.2247478341823665,-9.159120082199648,19.543282608745812,16.913614766323196
-11.077893165857793,5.27046857356174,-11.24409864949027,Inf,21.69426429268476
-5.34064817821978,3.5839801635376105,-4.422198973553639,12.914750962106275,12.914750962106275
-8.352549862951877,1.3241932297807963,-7.600441626247569,Inf,17.827428950654195
-12.777107934573682,4.9866578456421,-4.55510928384486,Inf,16.38924591115919
-10.237899159728814,2.9893279352474593,-6.264527386477825,Inf,17.89659205037449
-12.674403586906049,1.2893530245224127,-10.529107658864563,Inf,22.73022934027339
-14.455734801178242,3.3367341779422617,-9.154464272402487,Inf,22.147356439615763
-9.423755647571381,2.06308515913787,-13.302628515484338,Inf,22.806511021361572
-12.096099328591317,1.636467661394569,-8.758958158477022,Inf,20.626262915408816
-9.17123517112124,1.4055207621134258,-14.769627243094625,Inf,24.242241846187312
-8.608190435296796,0.5123912051594388,-5.6969596347842355,Inf,17.30103433631673
-4.0042260119969075,0.6246503118502567,-6.441034092581175,Inf,15.688859587312695
-4.898556576754771,3.747796990936372,-9.62760394306133,Inf,17.416701653888296
-6.552363561152097,2.5483308468002974,-6.596681705535836,Inf,15.58420845753221
-14.72322121178232,5.006507532048225,-0.7623954010576384,14.708450885943655,14.708450885943655
-10.944119189946226,2.6881889203508003,-4.332547642833298,Inf,15.933045905790085
-10.103983134333152,2.398985494244048,-3.760754656217024,Inf,15.289212663517326
-6.440145763481393,2.150135407401585,-4.381891117546806,14.286862567186876,14.286862567186876
-14.555205292292808,7.141576414901678,-15.02054346313657,Inf,30.322550219356874
-6.131466288556293,7.98687455613311,-10.714191577406984,Inf,18.110504226447215
-11.680123177701809,6.101241416712213,-5.874142912929008,Inf,16.121852769596774
-6.152583453725136,8.714671530349882,-9.134437242951625,Inf,16.6156278296215
-5.780104149863616,7.942879090267752,-7.046993594593802,14.426249620876032,14.40436319437448
-3.4508760628409263,4.670004047107838,-2.2331348582818293,9.825626778050351,9.825626778050351
-3.0549934745017353,4.1702404502478245,-10.846875391435917,Inf,18.462930330027568
-3.7822584351125776,1.633419454551408,-1.6923345780374248,11.12614214139753,11.12614214139753
-10.366764818664729,4.0328417504752,0.736200229454063,11.088569138226553,11.088569138226553
-5.015361004739898,7.8910805485880715,0.7950772964834556,6.524922159147736,6.524922159147736
-11.135408872351924,18.57440377840925,-2.8503590078431813,19.238249297338907,17.162741183677092
-5.267596425954162,16.307605727640897,-7.102027110872164,Inf,16.619220829674543
-6.560560529023842,16.03657419332447,-14.509009283465542,Inf,23.59044404837445
-14.24386951457179,13.428031813582251,-12.155966192743248,Inf,23.08273739046635
-10.891306518473511,13.198127963464998,-14.234671295917778,Inf,23.486821443294208
-12.651770348301516,9.303490966115653,-13.196433488466441,Inf,23.526995228939615
-12.121613736159746,15.2731348791745,-14.55699736531125,Inf,24.851797212317102
-7.259863689370656,12.707894167777084,-14.0625650947083,Inf,22.18189634754819
-11.04478004631539,12.360951261883883,-4.693701548935705,15.24904897685876,15.24904897685876
-12.883998404320556,15.453152153503815,-7.710573046842946,Inf,19.74563859189435
-14.780721400086136,13.875928361296062,-9.324959882832484,Inf,21.38916030857304
-11.451576563120751,15.935231140622584,-6.134535879905245,Inf,18.31889582304799
-6.163477445433347,12.855007836144651,-6.7121925578136565,15.160118401412928,15.160118401412928
-5.873541952924208,10.6169240223037,-3.2614698765572285,11.036943802814061,11.036943802814061
-6.694777663519966,11.67491090983858,-6.72401204615416,14.749485064913445,14.749485064913445
-9.633065390207882,11.870914930918861,-5.079548963203253,14.49438431982137,14.49438431982137
-7.3551225075136095,11.592412690673708,-7.69274419118025,Inf,15.81008230209244
-7.849228259755856,13.035556678311949,-7.404060445119605,Inf,16.22483132341949
-7.799102935000839,13.35423777737229,-6.444066045998227,Inf,15.65534071810016
-14.044499461441546,17.95293026637036,-9.579201973208002,Inf,23.02920199399388
-6.281552281333589,19.051302589938047,-14.221327652064177,Inf,24.31600062025283
-5.646836598887486,16.787986214340265,-10.359751239718848,Inf,19.93393876947544
-8.450353464636517,17.765697062621307,-7.426429569220296,Inf,18.32076088264353
-11.023650970936858,16.89489586882189,-5.673950747902721,Inf,17.920542671234635
-11.580456302305961,16.643485122650496,-8.957522010470296,Inf,20.77773335543942
-8.521189310835453,18.891323782548,-5.523640207750731,Inf,17.74875253988343
-12.28748476433303,18.702293494640358,-5.71652414432104,Inf,19.472242557779484
-6.485095242199286,19.340608573859356,-2.9333301834429015,Inf,15.742700940595451
-7.5271393461334934,16.3231360223933,-4.40717724551277,14.849566382532608,14.849566382532608
-3.6388016648032107,18.783030380293404,-7.991722773310865,Inf,18.70188170708395
-5.140296784062164,11.420741515470276,-5.109604706165731,13.66510054702636,12.91604308929353
-3.7570914878811053,10.326232743761523,-15.83961381804838,Inf,23.349971527661452
-5.111389537461832,17.215527010991202,-14.923182601195686,Inf,24.49444748372017
-4.110561024318153,11.276497635109266,-8.976095920476386,Inf,16.919905767040937
-4.427465215088606,16.63074397783752,-4.735714131513609,14.719932532470633,14.719932532470633
-4.8319315676298835,18.31710574214567,-4.567497109245284,Inf,15.709399307741453
-7.9597897268554085,15.6374709595583,-1.8494267244688274,13.007758464652474,12.908971729634201
-9.889662075107823,10.73748648993945,-1.0237752949925394,11.526845443399573,11.526845443399573
-10.876219042713231,17.49521377809021,0.48229164379569767,15.336828495690344,14.482129141014592
-8.753003047919332,11.14081012725616,-1.4407336196800031,11.086983798662484,11.086983798662484
-9.981759703337003,19.370515412604973,-0.38753590929212933,Inf,15.49658799635467
-11.786038573103834,18.10551533176786,-2.7759234300249602,Inf,17.55545635804083
-11.930914282380725,19.635289098726012,0.7110785952690506,Inf,16.27950862717747
-5.916186645317039,19.78067032209627,-0.543267189528784,15.0888525788828,14.654636257444746
-7.146162492202546,17.162256715393205,-0.5178281937559177,13.085566107120592,13.050408526899254
-7.931098867072164,15.741711946796158,-2.699395248310612,13.563744062335221,13.477380273427162
-4.209104741099097,14.003250365224972,14.204233424335932,9.455259301301107,9.455259301301107
-13.48862754407297,9.096299273057447,11.925698601088701,11.643154378159371,11.643154378159371
-8.007242542584851,6.006814300593533,5.170911062249068,5.691294532423435,5.691294532423435
-10.386970551238361,2.601332278506547,4.610294504334462,9.456407322443981,9.456407322443981
-15.907602411208233,6.859605858750957,4.372736474384542,13.343907520247317,13.343907520247317
-16.06873467711913,4.693230721541539,1.4674870580053962,14.659488699005767,14.659488699005767
-14.420646379192066,5.687368403985715,3.373869679709564,12.359364131852283,12.359364131852283
-14.305992336421403,1.2279534819556943,3.348019347253917,13.796711418211633,13.796711418211633
-11.819228854831225,9.084130319096921,4.553279706640289,9.216321193220812,9.216321193220812
-4.440446851559576,8.559233927923849,2.681685537494431,4.586444103594177,4.586444103594177
-7.178964460286492,5.326712908334372,17.207366998132727,13.544136689051324,13.333107253754346
-8.716664818012685,3.469360278328999,11.226394149607344,8.430264553198924,8.430264553198924
-16.621487194004665,2.1595656599418405,7.270347510999457,15.356394967486324,15.356394967486324
-15.841472072357785,1.6092351691465545,6.4975951750361105,14.772811216195244,14.772811216195244
-12.290107706802402,0.7191565680793488,12.532352432559449,13.124797710406778,13.124797710406778
-17.873144402290198,1.8524874218963383,19.048095826695516,Inf,20.423223426030585
-19.096552833180223,0.7324117512370876,7.316799677175354,Inf,18.2138196823478
-10.79854045362862,1.154588346841365,19.013488802529793,Inf,16.287856860733363
-15.470920474684347,6.678502977356953,5.2098993379884995,13.18523702207775,12.85072559446735
-10.01892159492841,8.279368664407862,5.6636276262704115,7.150468399180088,7.150468399180088
-18.017029808669633,5.531963120283166,15.508831180882865,Inf,17.841002040927375
-12.136367456640977,3.471154715848151,14.552672206590664,13.054093723776488,12.957332517583135
-19.906583012673387,4.243509848293272,9.59981437246708,Inf,19.098128338990605
-14.768144038328943,7.9506646407704125,16.334121905225167,15.286529652092451,15.286529652092451
-19.891335523637117,6.192489301279931,13.302190126338331,Inf,18.80705769568488
-16.418154605910047,8.463984584400272,6.263992028003802,13.580453125571003,13.580453125571003
-14.184188609990533,5.8713110471807965,13.873237393204924,13.763026805751913,13.763026805751913
-14.275139190521884,8.422001045718464,6.911532926447556,11.588147956724553,11.588147956724553
-19.297808448978728,6.4384801617602605,11.436221543136131,Inf,17.460453170398814
-10.077156840524957,8.711993142664369,10.471364015552549,7.91476160784792,7.91476160784792
-14.629165487690994,8.949363408617003,9.065623631018582,12.521508531926859,12.521508531926859
-11.233938778684518,6.84045469277401,17.48012801188623,13.941127397437882,13.941127397437882
-17.1611795597157,7.353054494186537,18.703725217661855,Inf,18.70687711283817
-14.924508471878877,6.387878514319453,18.168677164261517,Inf,16.961769245815105
-14.05384031168281,7.834513261368052,17.575943098369954,Inf,15.513616175456885
-13.894366262386226,9.047537670942614,19.12949815696912,Inf,16.433933706301858
-8.821599154844204,5.2640198983817825,9.87099983202966,7.044092835251955,7.044092835251955
-8.861792759697877,5.105570108080329,13.326952517389032,9.097728667869799,9.097728667869799
-8.49785826929569,8.523183207220669,15.853835571969768,11.070194341429382,11.070194341429382
-6.278334423223244,0.9067986345703645,7.342451579640841,7.821652976540306,7.821652976540306
-6.081246202315302,1.4273644652707063,15.151341673598296,13.580059815788943,11.712337116451593
-6.449050171856969,3.194967345948019,10.876546941592675,7.07190936627895,7.07190936627895
-6.046867662869166,1.4081551687733267,7.454670782305584,7.276162886734325,7.276162886734325
-16.033152976853742,17.010716901345937,17.569116420481954,24.96542573004549,19.447899571451256
-18.529243570322347,16.06220355288152,11.031399065805196,23.567368100730377,18.179798464830924
-19.456079123381535,19.246345776871635,4.146478854191862,Inf,20.508331431762123
-18.85039503043938,17.953960021676814,4.238073159239278,Inf,19.15525375444779
-19.972715382451696,9.432265853832522,17.44439963293643,Inf,20.164441236265123
-11.85927772700956,9.405263040091114,3.1099126347176735,9.777236100537973,9.777236100537973
-16.52133918630031,9.252258910919792,8.471447647127476,14.299720334443425,14.299720334443425
-7.741653445121601,9.199175235345074,11.6602283968911,6.755666314279344,6.755666314279344
-14.3357235100527,12.876782483295258,3.683507680305979,14.079937837495812,13.034849822475657
-4.445752237015688,12.04815287612508,1.5443698641111148,6.945620304834882,6.945620304834882
-6.005051926127596,18.651457938870415,1.9995697564657604,12.27567688883248,12.27567688883248
-4.843521683244223,12.190637960857636,1.3726411333026718,7.25445976831974,7.25445976831974
-12.312268393289498,11.725514611652777,2.071749097242204,12.35920268235399,12.35920268235399
-7.94770068411597,16.879385812456192,2.5905149937351695,11.189956403085414,11.189956403085414
-9.181306502400526,18.569686560479667,2.8837078683636435,13.019058899392105,13.019058899392105
-5.891585965136654,19.872766280753623,1.4360915427393905,13.601787493898048,13.601787493898048
-8.07681783362459,19.5813640452592,15.44268015752764,Inf,15.644026685646613
-10.154682331713962,16.323444306723864,10.825764346203385,11.63309035676644,11.63309035676644
-10.526712567741772,11.654309664949025,5.962093666876225,8.431051580976138,8.431051580976138
-12.185666236199788,10.46169892103751,3.836778238486282,10.727440075770037,10.727440075770037
-13.047297368937318,11.6553672207624,5.211991485317622,11.06088087985112,11.06088087985112
-16.385527955096066,15.290048390067966,5.378629977031455,15.350931904926561,15.350931904926561
-8.948446934433392,15.052161804960605,12.614423681828754,10.914493777517642,10.914493777517642
-15.865840875408539,11.653859351584927,16.620351403169018,Inf,16.585758671442626
-9.228402089403849,10.343433550408747,8.980295677299406,6.943071680603786,6.943071680603786
-11.94974433692125,10.026177271953898,10.574805741925495,9.84797208191311,9.84797208191311
-15.842267393543716,10.909976219481141,14.59124769431537,15.333728572394769,15.333728572394769
-9.352885049620845,10.60738632830006,14.148888859105746,9.912831272575376,9.912831272575376
-10.343422856122855,15.811813674350113,14.286123024703471,13.146155632995931,13.146155632995931
-14.579830375667946,14.897443918841809,12.545610024848187,Inf,14.822682174508959
-14.858076179768958,16.216050777643225,14.21345259732378,Inf,16.61606474433222
-17.89947109193416,15.78821722052627,7.997739735208931,Inf,17.12533791451891
-14.911019922827302,14.538796942768649,7.640886519750971,13.941111769633217,13.941111769633217
-12.41944026967845,12.44380078379669,14.13012291828808,13.323124695151924,12.961281793221737
-13.06306996409834,11.988684760371264,13.122877415842844,Inf,12.82291119487717
-13.251871002282671,15.22147069768765,7.824359276750982,13.16089138331499,13.16089138331499
-13.483988542562102,13.063401467052145,9.079723826773012,11.99461871936144,11.99461871936144
-11.079168765210703,13.319555750071892,16.981029770942754,14.197331311507089,14.197331311507089
-11.50524805385893,15.287537288009318,14.426489664264615,13.673181058796919,13.673181058796919
-8.816485499818327,19.44521594259662,10.62855546643626,13.527980900414157,13.527980900414157
-8.757598050431694,17.13674220660625,4.500142321984217,11.378510811548475,11.378510811548475
-17.75270023005893,19.62869128746226,3.7961915856171835,Inf,20.167268010635844
-10.38792694518925,17.257872021770105,9.089153915994544,12.186393915380286,12.186393915380286
-8.287395477403487,17.160296340381052,15.624266607831672,14.033885539408995,14.033885539408995
-18.170020646972613,16.33448093628192,12.867700779847581,Inf,18.70318266131732
-12.666428188361856,18.329553417299707,11.824135692702917,14.999109720560199,14.999109720560199
-5.149138801980415,14.879598429348675,9.785934810268486,7.727166680377762,7.727166680377762
-5.753030145179325,11.361672611686533,8.73347471700594,4.678135560554896,4.678135560554896
-5.3676228442259255,13.619935338710263,4.7940586264567315,6.4850203151027115,6.4850203151027115
-5.975051859332394,10.13506492559678,16.821415215115117,12.861572586529034,12.290521330252366
-7.474785135058344,10.564301436906902,16.4560203050914,11.749102833137485,11.749102833137485
-7.926575661438591,17.431904264052562,14.820958579526518,13.545461662660628,13.545461662660628
-6.930429187031519,17.73591370597289,5.901279629205256,11.751928535134073,11.024797835402001
-7.67605401423233,15.3290402387438,6.7819790213068565,8.696427146379966,8.696427146379966
-8.174759490900234,12.891073149225932,19.21481094209372,15.941339998907905,15.17525113098426
-14.864719261716717,18.170426318445024,19.13403386035661,Inf,20.135229365362832
-7.27348224226839,11.979588460557604,19.270625945711174,Inf,14.8715786369455
-4.75800154080293,13.263002838021862,19.30112574411686,14.634792621755492,14.634792621755492
-3.1496253921726876,4.087759109723834,19.173822160258226,14.64131051363336,14.64131051363336
-3.684418998183318,15.484731650212503,12.602765793365329,9.374466479542804,9.374466479542804
-4.095923793637342,16.692625252810203,2.140203967213587,11.641205665150206,10.739616222573353
10.18320259254212,-19.012425666925363,-7.440562775832333,33.346631378445586,33.346631378445586
18.334026511291142,-19.735554432982056,-17.146035207079116,Inf,47.55331174652071
3.3449848453227986,-19.8948354079213,-18.458219577953415,Inf,40.51587445338292
1.4903099269332287,-19.130727415754556,-4.574169675246118,Inf,41.380984901213765
-0.12038705070562372,-19.13294776032319,9.994146478537225,Inf,29.07804119470706
17.876100194342115,-19.67954303974283,1.7797970918068984,Inf,42.243058808385726
17.19567645382056,-19.732912145977952,-7.5087297619839255,Inf,39.2886436445427
4.909189098748392,-19.942121802734334,19.599426874057215,Inf,33.15777488082228
10.72819675714257,-19.580458397125255,15.144354029045957,Inf,33.93649758264013
17.285220112861452,-19.266395138555865,7.038219043017904,Inf,38.08546219455188
15.080952117715604,-19.034515004946222,-14.04191760104041,Inf,40.587890964072436
16.95087768601222,-19.37360465332742,5.600977708546743,Inf,36.395782992360466
8.459121900807816,-19.40142264066859,0.8181767242956113,Inf,32.01767307868383
9.931843000742752,-19.633624872927015,10.423316911510206,Inf,31.879210238616373
15.050476319496354,1.2144178511405173,19.071686362401294,22.750591906405525,22.750591906405525
19.018217014179143,-3.8935064831809356,-6.337059349899201,50.89248322229106,50.89248322229106
16.090207674638435,13.035198661051403,2.95673868632214,70.42525001276056,20.75400247439132
3.5761068856165856,-12.348899126868442,-19.714144674554348,48.79645701678706,48.79645701678706
7.184813421135505,0.368313699748704,-19.837039328629167,Inf,30.185474300731073
0.02920375233275152,-17.111424031352975,-19.82530828651121,Inf,38.589149340860956
10.339933778122095,-5.241173034591791,-19.83814786318313,Inf,35.524177998961434
6.97273878536312,-17.486041886610167,13.38201864000581,32.49648120877798,32.49648120877798
6.143907568037051,-4.440369494885417,-14.576741567507812,58.57047113427656,58.57047113427656
3.198322281442767,-18.00642752502128,16.130986001533344,32.88356217141642,32.88356217141642
0.03356778862046994,-16.497597542019633,-2.650712598715444,37.80954853544337,37.80954853544337
-1.5180404230919997,-8.90441180369474,-0.8629567730123711,29.85593120798227,19.27316006732172
-1.3615927544295303,-17.960424414366585,14.646132798734385,31.824985823329705,31.824985823329705
-1.0677928874885723,-15.87195264657062,6.04620294576857,Inf,24.52286251463297
-1.17249618307401,-17.319431569484813,-18.345759430122037,Inf,55.805586923149164
-2.3169044495478808,-18.351595423078706,0.44802093892268857,Inf,28.145461839956415
-1.2108355929998211,-17.492799670519965,-1.3099183601886182,Inf,27.87865573108646
-2.686183630673842,-11.583849217669888,-12.460385671335272,Inf,35.89903021075629
-2.274493560443929,-11.25310766799867,5.197105381827242,Inf,19.604728256804798
-2.511802050303224,-16.22418676171354,6.588543412063402,Inf,24.639239445611928
-2.5939498523060607,-17.24494289481268,2.2214307811710725,Inf,26.039808984391065
-2.896744640717621,-12.938488848120375,-3.512314955403557,Inf,24.583332180001687
-1.9313502451883657,-11.227433385273446,14.021480446833472,Inf,22.111990623212897
-2.0380232341209563,-13.469513631135142,11.281858369049242,Inf,22.699791252811533
-1.7096418729571283,-9.621100778602107,-1.884927460517325,Inf,20.53600538186485
-0.04295608427784714,-12.466447529298055,-15.328349185602335,Inf,39.456380953430994
-0.7582614031564532,-15.23438871585486,-4.797175934116176,Inf,27.454130370745467
-0.5275449343820249,-18.85901606969192,-7.690792406568336,Inf,31.34087873335411
-0.8399920099340648,-15.744007102424113,6.013627591246397,Inf,24.389357913007323
-0.8288909594728295,-10.782149447520437,-9.987874300046213,Inf,29.3041090923275
-3.0,-7.0,7.0,15.392983166619015,15.086527905853236
-1.570120803656387,-6.397449113472682,-14.14384107436284,Inf,58.4365658797665
-2.197116294790451,-5.326337014960529,-12.941948530966982,Inf,24.44791940512434
-1.9860222216537338,-6.023219985663539,-5.311073967074691,Inf,19.12620017004157
-2.0670359215301026,-7.504167698559057,-14.786032975179833,Inf,27.3045808879253
-2.17041629261481,-7.369852286470238,-13.840830838747413,Inf,26.680553938192894
-2.2318383945715503,-7.616788035886497,-11.44651615345933,Inf,25.081591135343402
-2.136134222300612,-7.8419207275734415,14.123257641871007,Inf,18.71014828797623
-0.38729573318352095,-8.325662311398299,11.822771155495147,Inf,18.18074639597841
-1.1645648611784694,-6.008767275003608,9.049655178387866,14.863440264998893,14.863440264998893
4.44301365225882,-16.97378059555672,-8.268791292678266,39.49413536569791,39.49413536569791
5.451442362275529,-17.054019349623417,14.013724451027343,31.688100820867888,31.688100820867888
4.246033369212292,-18.779502064773716,7.627365845535863,Inf,29.681541135695106
6.9386339868984415,-17.054095079129993,6.131923460619877,Inf,29.076812239648604
4.600834168970547,-18.894087711434466,2.4005196305586907,Inf,30.30075111555255
4.71862033467934,-18.00205511817298,-2.2207021828626594,Inf,29.751911713828704
0.9696802503931394,-11.941616719676604,8.861930694240154,23.157929006029512,21.171288171485898
6.3716952457004865,-12.357129732262342,-0.25334998272501963,34.2957496558446,24.592877990350846
5.32615806987274,-14.2910990965132,-4.3395434845268355,Inf,38.935831855770175
2.950993115013425,-16.921131171032407,-17.433115850955055,Inf,43.97758507554101
3.5667039049704385,-15.138791781182874,-18.02587865921664,Inf,37.674841459782456
0.42759921372535104,-14.998281174654737,-16.721194653483753,Inf,37.3009696513968
1.1491864060912533,-14.463515740511577,-3.9764963995655407,Inf,26.180537612002787
6.087204252252949,-15.051700352788435,-0.5964639930672107,Inf,26.672776027647316
3.998604078122405,-14.822800424489495,-7.011297767005624,Inf,28.424718832491997
1.5287073714290855,-5.127706111699801,-18.455094129075682,Inf,56.407152228729636
5.944423171941729,-7.704184153467519,-18.57660333472839,Inf,32.4147521210261
4.633639653516283,-9.383986645933566,-1.2023467132474082,Inf,21.197334699332178
4.040238970854073,-14.218046277817686,-1.2492293478434568,Inf,28.766710160831295
3.03998751196535,-4.843778556728298,1.2979925036477198,Inf,15.47244824065875
3.720445058900612,-7.192074640740991,-0.4252062576354092,Inf,18.46274590439318
1.2808102168066604,-14.00077590693284,-16.60942401954471,Inf,41.85381156149097
2.3859993625448013,-11.393021927258724,-8.484286321317986,Inf,27.960580799731964
3.2994602036370146,-4.506492285114474,-9.769771551789166,Inf,22.679180825944186
1.7860067492427163,-13.819620239534798,-13.435153123871242,Inf,31.401443269086496
1.7207971621207285,-6.839126695920834,-16.939096807419354,Inf,29.47669804606876
3.571780951065911,-5.963245609166545,-3.1554801371845613,Inf,18.787277684630386
1.5513170056552816,-8.799409107603564,-5.755631898435434,Inf,22.22360881117484
0.08890319120559553,-11.685918957390973,-2.5719103880683036,Inf,22.50706395188152
1.3496447264786582,-11.157875685442695,-5.543066520874138,Inf,23.67031435015618
0.19572774477997257,-11.528546018634183,-1.2241827092567874,Inf,21.792267971621776
3.88089871077198,-9.13359793336796,-11.779428137980865,Inf,29.430162405896215
4.460444730525328,-13.901500764215449,-12.683671043083917,Inf,32.1188677433401
4.401436577098767,-6.129911783657853,-11.853165539183248,Inf,25.533404841430336
2.6286773615269254,-8.741363734449727,6.924946435405062,Inf,17.84366593129936
2.4954289593544203,-6.274917292684696,3.981349118912341,Inf,15.627307857390601
0.6240021754066305,-12.086776262042118,6.478640794856361,Inf,21.6603988962651
4.857894814669692,-9.02214203621348,6.642965373760205,Inf,19.7873250912622
6.360305760168874,-12.62288057716809,7.680246670742868,Inf,23.546692720656644
5.125837085556483,-10.526454721684146,4.6671421644299045,Inf,21.615678425895062
4.805534960807883,-10.483947189579812,-3.836484874010921,Inf,23.126435018761573
5.514456380529971,-8.463733898710606,-6.26857823395043,Inf,23.643393432617184
5.053860363634833,-4.459326736536164,6.689167544942656,15.220069832797597,15.220069832797597
6.702721200037452,-9.638619392307719,1.9010692658797268,Inf,22.40290608486935
6.8299975412214735,-11.852833508462997,-17.346539125846885,Inf,41.76877383914353
1.0712269838831219,-5.4231680476122435,11.824910029255964,15.996942246570253,15.996942246570253
4.459260871233639,-12.882931025869686,15.441852124742468,Inf,24.952895988954037
5.270894239357311,-14.756628945614887,15.576251168359654,Inf,26.999247796839104
4.571963926459148,-13.057390770572637,11.892431941919497,Inf,24.013165278885666
4.793933576801752,-14.56749051562106,13.499332389356496,Inf,25.70760455687069
6.124776784218547,-14.580845008420438,9.782283695725546,Inf,25.225171803519135
3.5259008577268425,-4.654531009540168,15.363455720616614,Inf,17.528320399276062
2.963539877857677,-7.847899600673891,14.541382685492081,Inf,19.34228654698225
2.305319233089598,-11.462490260070037,12.38842450058172,Inf,22.138780161685453
6.76603868269374,-10.222199771804998,11.248622217040793,Inf,21.94739134857297
4.70910425059958,-7.668114476536179,11.2051176761356,Inf,18.941375948649252
4.8332599061313,-7.50544036935648,10.999069263886696,Inf,18.215914859271216
5.184132614789334,-8.149664080119763,12.091706379368091,Inf,19.400980538052934
3.107740786380404,-5.347810226552143,17.326978264712693,21.86429447194234,19.319887336834235
2.7924903110882155,-7.555969049524762,16.883716572892816,Inf,20.31558558062806
6.587233411264535,-17.894394658630066,17.075254898271538,Inf,30.637176022008166
4.4372441090889865,-14.185436873106418,17.924928789903873,Inf,27.75694234109772
5.621346056197769,-9.971366097239596,17.860351094113227,Inf,23.764834845324867
-1.5502506257162167,12.75019196089496,18.08790525853098,14.325841144086471,14.325841144086471
1.368470731063816,3.617241865368392,9.349048478798395,6.618922431225933,6.618922431225933
0.9149185685238876,-4.2157078473395515,0.0868395461756748,14.785998214986414,14.785998214986414
1.2469477129325135,-4.430491051894601,13.79718933328357,Inf,15.814939504550349
0.03927258683618362,8.378183824428884,-4.804454011927932,13.312436926198492,13.290916422959107
-0.8586121284525987,9.275849215734748,-9.321262549835305,Inf,17.1383306316107
-2.9413544587661207,2.2564823501890103,-6.947741082505683,15.146548793641934,15.146548793641934
-2.748162287993587,2.1505857315304056,-9.897409718219814,Inf,17.923921933631224
-1.9554175258974666,9.089614074271175,-6.213490161194004,13.83743456730007,13.83743456730007
-0.8656861737042476,8.978247729065075,-12.662229431519751,Inf,20.378547244776193
-2.2709033228717175,10.88058682960563,-11.327763545940988,Inf,19.26540904700925
-2.970939484693666,10.213561883014009,-12.009902898972289,Inf,19.828506604277546
1.1418806990030994,-0.1518517779197559,-11.229464745393472,Inf,21.534509356418543
-0.2807645200563442,-3.515844887235289,-13.733964741809688,Inf,24.444469642518392
0.3250500900901869,12.01142450779544,-15.179309133771737,Inf,23.53915702292899
1.2347926288237616,9.439186422300232,-16.593061805158136,Inf,25.573187321271
-0.29209001069702367,6.990410672416225,-17.894603150128646,Inf,26.005113111554262
-0.3162472432530805,0.1258842600200083,-11.553389611972689,Inf,20.85992209596973
-0.41292633033539516,2.2854038127315235,-11.981411918661653,Inf,20.779632082428144
-0.2621963765801105,6.038863280926961,-7.089589833633143,Inf,15.46299623458335
-0.882396240620249,11.889020949875952,3.1999313239410228,5.835173654063599,5.835173654063599
-2.5220666897403454,0.9965982638469555,4.171905326385605,7.567970375862562,7.567970375862562
-1.3660756257283353,-1.1365720880450247,5.1130005179148625,9.471400394148272,9.471400394148272
-2.947260349268319,0.23500287623939187,-1.8597676218452435,11.915038847768606,11.915038847768606
-1.1250338160861872,7.120878542059508,8.796526771094257,2.741507097909852,2.741507097909852
-2.6313576771561813,4.868781434169236,4.582954159519623,3.9727241867739123,3.9727241867739123
-1.4226198607397293,11.348658159317758,-0.2913501236959881,8.177128236613369,8.177128236613369
-1.7962243387198207,6.786866733673442,7.731590185946253,1.8590299526181793,1.8590299526181793
-2.0253526842736314,6.303569491366066,7.122997770005295,1.9603423966498505,1.9603423966498505
-1.9579018128200047,7.936950053475378,6.061980437993597,1.4035044090373474,1.4035044090373474
-1.2589006472484243,7.944739064492488,17.643106332509944,11.489062066081644,11.489062066081644
0.18448094215070654,-0.9615860980052844,-4.554501290378745,Inf,15.645796180238627
0.7597946366032637,-3.594249800201492,0.5400521862777836,14.01654909586538,13.946082099447722
0.20161115027644172,-4.037102917464166,1.6604802364485138,13.818076338268082,13.764626059898678
-0.2866886598102596,3.38677298655087,3.7456243470365465,6.263775442735821,6.263775442735821
0.9633247109832794,6.933598042751417,0.7552500775818487,7.47275434446067,7.47275434446067
0.1381773389865586,12.180934623298036,3.5818665737159705,6.245959290221259,6.245959290221259
0.9028640501198026,1.1515836913091633,0.2999082475763615,10.539762612190868,10.539762612190868
0.9853753840771944,3.2680002176586065,-0.8629808922160187,10.703360644574518,10.258845320151218
-0.2589206774596242,12.949752907780663,9.491486789454449,6.182319639307529,6.182319639307529
-0.4004908662441693,0.1004631868480459,5.699436075117632,8.417339016668413,8.417339016668413
-0.011553568419884641,7.566925691161472,14.203318784947285,7.810644464381562,7.810644464381562
0.5916307303360924,3.4688482144865596,5.322654153553231,6.020351891297421,6.020351891297421
0.04396977187483486,4.672148935951832,7.533802961793768,4.541507489655176,4.541507489655176
2.9358977175109935,4.813402559945963,-1.7408977552051113,11.295976435121567,11.129281030227952
2.3630869822709784,4.072845750886689,-19.588331479271346,Inf,73.29057697176452
3.1915866142669636,4.0673128058358365,3.183046065566259,8.268670431617277,8.268670431617277
1.6578777471141848,-1.9467679374041857,11.884121943528385,12.740079101159045,12.62482579167562
2.8922219407256833,-3.1679620426126043,5.9449805684206325,14.361563334709071,13.032928876634749
1.587396005818789,-2.259843443340806,-18.853895344338156,Inf,28.77275586413529
2.5679155981005124,0.5554271611518331,17.152354612088978,15.086800788988747,14.580238758602125
2.2175868731288233,3.2860133500253674,-15.278349909624787,Inf,24.308881353303725
1.426668005809411,0.8192050008063667,0.3361161625973992,10.862986514735123,10.862986514735123
2.1849460146046162,1.6444885020061406,-16.8540935077938,Inf,26.83613403784952
1.6171020594602759,1.4051829132884919,3.6246720933123733,8.72938040827175,8.72938040827175
2.3458325413787477,2.719982588069236,-8.465031222581292,Inf,18.363122604391364
2.8888139087355142,2.454804028629482,7.322568554369777,8.095145340566091,8.095145340566091
2.3681072366669014,3.2140528119377905,16.06175385111719,11.699679133781267,11.699679133781267
3.1635695673493913,4.625523591328786,-13.29338640933722,Inf,21.92613514824825
4.256720781932906,1.792531478156178,-5.1253351283314785,Inf,15.949682176272866
5.866791482247066,1.6441124476669273,17.107519314574418,15.018582803242467,15.018582803242467
6.389296853505407,1.3721058998492985,-1.744372646428893,14.731560358231214,14.731560358231214
3.2272651509691563,-4.280832179019258,9.197425709586746,14.734196904110046,14.188106940371812
5.504762330051747,-1.060228266193377,9.388573040131291,12.863055454669553,12.672963435216872
5.695833744306455,-1.0237871975417363,-17.916161635602972,Inf,29.24499706695149
3.7501765396161417,-0.392473484608189,-18.93226500187442,Inf,29.30102979300795
4.76049227760133,-1.3814442148694113,-15.398801019695059,Inf,26.77320269086885
5.851373765944423,0.6326076347956118,10.046463859654828,11.971965175310071,11.971965175310071
6.657126328060528,-0.6411634335769101,2.2081289082062554,13.98167716395998,13.98167716395998
6.9601550061196065,-1.5843419962939542,-7.4317518988415365,Inf,20.698447397164323
6.65233821930957,1.4169808935494288,9.617587365185898,12.29255939826644,12.197146585194435
6.2427823554469875,2.635817302838035,-14.021473633853585,Inf,23.87280454309319
3.9263288911396828,2.3098847545050916,9.872080736778557,9.412772767565587,9.412772767565587
3.8482598124591227,2.813093385681242,15.773162210527815,12.331298780944607,12.331298780944607
4.71851555463374,3.4051001117269237,13.001566361435543,10.843138819217835,10.843138819217835
3.1225996816475465,5.845541841616601,-6.497352085256347,15.117790173557246,15.117790173557246
2.526405751325356,6.116863807941755,-7.145393963532323,Inf,15.567842572107102
1.5319639354473296,7.312536008230957,-14.250792927341491,Inf,22.777125370927152
1.6215821173654348,5.6984095095447,-16.40861132485459,Inf,24.88454830383018
2.0638990167752453,11.306730034337065,-18.163580330630687,Inf,26.669969107230614
5.455900219279748,7.667859738686886,-17.105196541269,Inf,31.296990337114536
6.56009061240141,6.857112012738924,-9.580482180886154,Inf,19.62414174584065
5.7953710928418545,6.128179453432097,-16.710902983202054,Inf,26.280319765612784
4.673951956829441,8.578000070901286,-19.308211738262074,Inf,30.03877776089694
4.5698257774512925,8.681209535356686,-7.599822285229063,Inf,16.73926555738906
4.229671574248073,11.375113382503805,-10.059375603196328,Inf,20.108759830300883
1.81645124122835,10.53713219342906,0.26847539875817006,8.657289748136435,8.657289748136435
1.686027142293387,7.006553441023353,-3.6908388243165575,11.977787953429946,11.977787953429946
5.345083395700616,6.905679826243329,8.430603903602556,8.537246690408555,8.537246690408555
2.604799610733302,6.783671547653356,0.29719466733341804,8.821611695607993,8.821611695607993
3.6694592074475985,5.093527856500479,6.8411669908050925,7.276983878335595,7.276983878335595
4.188407472231539,12.579573973589639,7.063424534200529,8.523480652758728,8.523480652758728
4.3767667465793565,9.63464636548185,7.071190357501067,7.556045555753561,7.556045555753561
3.6930179260456875,10.680483404545804,17.56704542496118,Inf,13.70409409095182
5.784236675166142,10.45811866948771,14.072087690019444,12.053152140473383,12.053152140473383
6.73093380580152,3.8374255765803333,18.115036572958722,Inf,16.184017472805706
-0.9387858784485381,-3.5942581961140796,19.024460299617793,Inf,19.827795173623784
3.8112694089136028,3.9798745282843058,18.498276281771375,14.587632841282673,14.587632841282673
12.437149229000504,-1.9030409988676027,-7.720927977226024,57.905863178849685,23.84321877950866
12.116981957868404,-3.675882133928905,-12.875023949845286,60.40139413627,60.40139413627
18.18668503361537,-11.944881617388807,-13.589376390184125,Inf,46.5764755234097
11.330681501967604,-4.513351553338483,-18.59427613136684,Inf,65.13160931254711
7.989445680534189,-14.194808807517258,-17.377184588066676,Inf,54.12058364128372
11.633206661371052,-17.0151055740497,-18.752970911205615,Inf,54.961690179912594
9.838731996349608,-8.164074255626073,-18.79847493016717,Inf,40.65922861395703
10.114743003102696,-15.220856063710784,-18.795951980674317,Inf,39.514146920312456
12.053695306870651,-7.668224821507641,-19.46912762848264,Inf,40.45899040402408
14.701577578989927,-13.735489737245121,-18.48337509708714,Inf,40.40035554649903
7.6941174639661085,-9.32183421520059,-15.325546804969044,Inf,47.80808184842673
12.983810504605543,-6.710391520668235,-16.284587647686728,Inf,33.67915922977462
8.705285991206033,-15.379569189265796,-14.257277390150884,Inf,36.88117816298281
12.045905077030064,-16.532359163772536,-14.612117557277085,Inf,38.056554399986645
11.553023976246195,-10.830598807170935,-17.0362312440915,Inf,36.68819600822247
15.684685311268147,-7.18826513835797,-15.092038815612181,Inf,33.47718783707034
12.824352123316444,-16.723720321966216,-16.96078693217096,Inf,39.067020959461864
13.501558792998942,-9.487945239247395,-17.204890576836274,Inf,36.60152353730258
18.00712700571289,-17.089335102648995,-17.118317424214595,Inf,42.36903578425416
16.409034482205854,-7.184933397853186,-14.816586907335694,Inf,33.53974575732587
17.31123144618354,-9.88795201783888,-13.39184608509333,Inf,35.400980303066845
11.236117566823076,-9.36008917218472,-14.038844584448862,Inf,33.334518169442426
15.287376690262406,-10.649782216964105,-13.871240743206776,Inf,35.53132182223563
17.725443601466672,-16.341600099734332,-13.725019984088753,Inf,39.430155547713966
14.920385234725003,-6.539053408197599,-13.421781099183905,Inf,31.599429093684343
9.618954153181036,-2.8106687055357327,-19.548979018534503,Inf,64.85179413991162
16.972327991129397,-4.22268298983278,-18.43269791760494,Inf,40.63548942654189
16.622044080458878,-2.7003118164557023,-16.966493888739393,Inf,36.70614010756268
18.58738564780319,-3.8115447465930004,-13.745500362059149,Inf,35.4536431029768
18.588023882630765,-9.588949815054066,-16.46131302481466,Inf,41.32028282336359
18.574236868286107,-14.682481193974004,-13.484655016636289,Inf,45.19667427239906
14.975142537123041,-10.79474411836335,0.23274836733592252,43.05341177017264,43.05341177017264
13.980946259520117,-18.049412823689917,-8.026159283943386,37.308092468323885,37.308092468323885
12.000680041677143,-18.799542544465808,7.182170061097828,Inf,34.224536713515455
11.687613566864464,-18.26544585562783,0.7588858164117163,Inf,31.789463290816
8.660183594085503,-18.388633425915202,12.611675402028546,Inf,31.152516016849557
11.344156336962989,-18.902745899576765,13.82226748017036,Inf,33.54759320215458
9.708571033446603,-7.502091994930051,6.267940862612544,Inf,20.797003018272854
12.239567270261837,-3.8153346402490413,-1.5442046631969149,Inf,21.41935267136894
9.846143039041255,-5.582650009966619,4.635205643865923,Inf,20.34397381283878
10.09024389235977,-8.5177276314593,-4.760804913465337,Inf,25.468099443788283
9.518939999249561,-16.959685027583564,-8.685698503120056,Inf,32.592268332541316
7.654918354564117,-16.752181165011002,-12.77244006778842,Inf,36.401264317912144
11.443504566088496,-10.463593715386352,-8.106726715449604,Inf,29.139553197337772
9.851241187804298,-13.947141297331198,-12.261716908816505,Inf,32.85171414488758
7.200736347071064,-10.405828703712361,-4.007776609074654,Inf,24.2131243348701
9.51229692687745,-10.327873077770242,-2.9801223872048226,Inf,24.973413923020537
7.642320015688007,-13.374388728808455,4.518077592047636,Inf,24.41258301938627
10.035656324782202,-8.020542175290384,2.9871252120776575,Inf,22.134991262769503
8.481885226896377,-5.52421103327422,-3.874850030327952,Inf,21.992702795328352
10.805201272701986,-2.4979769778272853,-4.951250794267947,Inf,21.421987906202492
9.618684744613084,-3.7982080110341343,-4.051350074719977,Inf,21.249476968847844
8.023602351382813,-2.080298065928517,0.13015729570427226,Inf,16.662812755614407
9.413284235040091,-3.2212276526928285,3.4543234031713794,Inf,17.568759710803747
13.360183534007376,-3.367472396151541,-0.2744222534831664,Inf,21.631957991224834
13.497884544979122,-6.668857611006862,-6.159153979794052,Inf,31.935821266643693
13.337285942148128,-3.7513250178414097,-10.999724328511675,Inf,31.03983432460318
12.977681776737398,-6.078783285735971,-6.590342213176923,Inf,25.919594606961645
13.381267707491986,-4.7678517451871105,-7.6962880880200135,Inf,26.792878149428965
13.676783381809699,-14.168303823682677,-12.008265555506377,Inf,35.3330861427879
14.770631921645354,-13.587461349772312,-10.750840148961478,Inf,34.41398788614916
13.099634832093216,-17.09449870465729,2.2795600300302787,Inf,32.43299060897113
14.463982978511211,-14.920849796947575,-2.7432034114172836,Inf,32.85831447006776
14.147418816681324,-12.61015511493067,-3.789663602568414,Inf,30.694634368086177
8.019463366510287,-15.720425866935104,12.8953245366963,Inf,28.866028411080514
7.198091822872328,-1.963190944217068,16.79287723035393,Inf,17.867445577618906
7.034732913308872,-4.172154002356452,10.964681632177793,Inf,16.38577891570281
13.818955587400438,-17.12180191144291,7.7867709866759505,Inf,34.556304134619225
14.03412025761984,-17.46236829080012,10.425539768795282,Inf,32.869599202837406
11.237226725075242,-4.68620191117358,11.602283322193312,Inf,19.69968937352553
10.41575251318303,-12.998769995482125,8.434790948981615,Inf,28.68210518092909
8.08769895327871,-7.804372900541878,7.1003945434540405,Inf,19.754672138584333
14.957479656198636,-10.398788171783924,7.795480448810892,Inf,28.308263083375564
13.35287327777074,-14.29158319828665,8.718489913384015,Inf,29.442324070999913
11.066028629361028,-16.468949194602203,8.101875965705368,Inf,28.971412074925126
12.634820522733143,-6.347007610294284,10.787706126316987,Inf,21.658804467479495
10.386781032794772,-3.9778873490998734,15.870285206232488,Inf,20.273814288678864
13.524111101301301,-5.534895632505812,14.96677141357857,Inf,23.491162334269433
13.681484610276904,-11.384611530946325,18.22488573434002,Inf,28.715305769240032
12.317208740556978,-7.681878713761554,15.733095390687176,Inf,24.25558944619982
14.041084753237087,-16.046223239150113,13.829752340361551,Inf,33.0052593036124
14.112329972502991,-11.79949929058977,15.796144799259359,Inf,28.7419142306735
12.94246296152805,-13.318821250807371,12.95945053243004,Inf,28.603163421428004
12.384289673411722,-6.557650355852234,16.558280779917595,Inf,23.591236641146757
17.423914036956987,-12.49236641108185,-4.249873046511032,Inf,44.85760435290091
18.8837288596146,-14.476475695551843,0.6137664222346189,Inf,47.13000685024609
16.518726716948258,-16.724399685304945,-8.935225717438255,Inf,37.24152714631108
15.712215422911598,-18.555794440291464,-3.633605682759633,Inf,36.80340293551943
18.551892677962655,-16.963916784174515,-9.6708721991165,Inf,38.898135709246404
16.594909385634374,-13.97569037579272,-5.0608301374377085,Inf,33.20744786894097
15.98683408109386,-17.930462937232143,17.597858995007115,Inf,38.3779730223202
15.318575612956941,-13.021791485713461,13.264641669039193,Inf,29.12852268274886
16.44687077465639,-13.652520833123303,3.5809438299407077,Inf,30.30765028066537
16.598906435584162,-17.291609730743637,5.497009894731939,Inf,34.42315656927943
18.10230857023238,-15.630448064630658,1.29509756371381,Inf,33.75406342783494
17.07210123932603,-13.71524050114627,4.064388825918812,Inf,30.68034420592861
18.85159763220608,-13.799907341699233,15.643639387263022,Inf,33.20748951580073
17.44186386240513,-14.341993153929256,14.867599142054857,Inf,32.703565430446666
18.33647094937205,-3.990257737066063,-12.277098683587147,Inf,34.326265271506095
18.440559115686312,-6.051592380604198,16.43479318480008,Inf,31.19101675844478
18.070081743079733,-12.399990003899628,4.003059470179629,Inf,43.07277604306611
15.050821541730464,-6.071472011611521,8.641558554431032,Inf,31.580669750871145
16.218600993422882,-6.986006250314087,0.4486836486123309,Inf,26.430920611324872
17.23113832718387,-12.368030150473777,4.2687720726272715,Inf,29.976493672619263
17.3333201804682,-7.310731466692086,4.161521443985965,Inf,27.213462934027568
18.208692924267908,-6.780829083003033,-6.683998597494378,Inf,29.836127591156163
16.74384905616155,-11.067626603931089,-12.141952075242735,Inf,35.204658275215195
16.66785864957633,-9.229326986682365,3.050646772327088,Inf,28.239851449992173
17.335787159099347,-11.75507281933652,5.6315226624834125,Inf,29.55298953297478
17.766596411586164,-2.688823766091115,13.397547307977938,Inf,25.185251958326724
15.77481251483168,-9.498286250551562,14.617691960935261,Inf,26.968700980840925
16.024007159500556,-11.682070107944975,11.499218769466086,Inf,28.177074645885355
19.001218714782688,-12.223900729402706,-12.167777675618163,Inf,42.58742243014048
18.695921113507254,-2.171470900259198,16.316887095709916,Inf,28.437632383033034
18.96976717235087,-4.548724531640946,11.835498839101668,Inf,26.193835334144843
18.539182836498647,-7.073535450993065,-11.695560347330547,Inf,32.77442975585334
18.646306288488475,-10.636788582510146,-11.563278391454936,Inf,34.73088341018861
10.607972137412816,12.63879771571166,-5.18172052655383,70.68237653535103,21.545934178635957
11.739287639349527,5.34243010307798,-18.531532383531584,70.51416472189256,70.51416472189256
7.521890066985641,3.77715212759729,-16.06031397330267,Inf,67.03377335425047
8.690568155525806,3.279053596826209,-19.48211487105871,Inf,68.06455667549163
10.352717204246467,-1.644934875693636,-14.71402134624534,Inf,29.847419677921465
9.063395823726886,-1.4495815499318354,-9.016636793353507,Inf,22.932350039812302
8.821140647520693,3.124683066838678,-12.634167554605709,Inf,23.92329673007437
8.57419773547381,2.3418873529708932,-15.27957040968941,Inf,26.538268852931722
10.352210127021522,11.714792272711144,-10.849598925515318,Inf,29.910942899993973
8.79944136289394,8.01948845003534,-15.708501847963676,Inf,35.1179385023121
7.635712155582031,7.485162667183431,-12.434814798977953,Inf,22.75388892428394
7.73679839845191,11.395268205064948,-10.90095880516821,Inf,22.05841326807186
8.618482936784424,8.840088868534039,-15.69658265067794,Inf,25.7932368325718
9.540262120046563,11.146989702480194,-16.429887186717842,Inf,34.079975012278595
10.509487324599025,9.49559803326169,-11.548276648039923,Inf,23.91792140478734
11.426314712945207,5.232722088681967,-14.982223000113164,Inf,27.29454273524242
9.290179232185984,5.294628817900914,-18.279142634181945,Inf,28.874083977431102
8.802023639765252,12.730460616856256,-10.647392597774292,Inf,24.96059461605376
7.425278361809742,12.789306437519613,-7.73204366100555,Inf,20.132194798796977
17.283029583510725,0.9829587242842734,-7.828515416995563,56.27906187104826,56.27906187104826
13.001641832935285,-1.2689626552047955,-7.1268868746208724,Inf,23.657354925449088
17.827334128172858,0.5396910954199186,-8.248656427613232,Inf,31.701670685247453
16.399848053822282,0.9024603593592744,-9.221148047659309,Inf,28.160982378005183
15.760371129704197,0.7472746772470451,-11.32433273815698,Inf,29.069780637728194
14.029532613139189,-1.6077028429756695,-18.84692624409962,Inf,37.140166882935404
12.142671611865566,-0.6051793435385093,-15.06027031239019,Inf,29.767586727594423
17.76985514923436,0.2964557754296777,-12.664722670245272,Inf,31.13090952764481
16.499870750165925,0.10933604729195423,-14.803787905037069,Inf,32.205578267258666
14.971012246271073,-0.4998255089307868,-13.11234322155662,Inf,29.96341761927608
18.585641292663766,0.7654642104083536,-8.20623032709375,Inf,28.106587226183635
15.591098925526325,2.17348991203993,-18.74413384526313,69.38644243895719,69.38644243895719
18.241817282497628,12.581954180965084,-11.929183579884146,70.5719352819781,70.5719352819781
14.175930084334077,5.59017939595946,-8.920133092011397,61.942292288725255,61.942292288725255
11.747858612192267,1.332060620435147,-16.245381705210058,Inf,35.99223716454985
17.23682861516673,1.3358176467779437,-17.864435057758676,Inf,41.71501092970948
15.411770063459286,2.9615177393290963,-16.9264710077178,Inf,32.27674344000486
17.59782044957535,4.447286406145032,-14.039153260961639,Inf,38.69107918798087
15.033395775635142,4.971687225228749,-13.596965145738231,Inf,29.409592382111363
14.851608047614548,1.1387669540946455,-12.657522960609482,Inf,29.80787352376558
17.930912165842216,4.583127459820695,-7.410554719467681,Inf,27.277881369470272
15.82519028277175,9.704944816354583,-16.234817311637784,70.49541796884252,70.49541796884252
12.257911988280881,8.121710059508487,-17.00724782928563,Inf,29.286657685898405
11.905808955343993,9.453818128875085,-7.177480123728772,Inf,22.89863516735054
12.129902184271664,7.718087432142546,-8.314343203773618,Inf,23.26874062788694
16.921912544042513,6.9248981245837555,-5.8699779887991,Inf,25.769742635574172
18.04565138938805,12.67844180538792,-12.41729168879492,Inf,31.568746492155313
15.756306849489832,11.020455197284704,-16.011404400692157,Inf,30.97297731058584
19.01541397748467,1.557767835474408,-14.4551037201294,Inf,36.31984935997841
18.744398134370577,8.734556761798551,-13.97779245162675,Inf,34.308593124756015
17.529860522419497,11.619540957348164,8.784532309392503,76.59289669275756,21.025222271339018
15.560513830759362,5.120948947969552,-0.5668950185016257,64.81259305231283,21.29093672051924
15.68479838147993,0.6175105532649106,15.225537984528188,26.69413348032004,26.69413348032004
12.976676034587001,2.4594908479661193,-4.1086878758026035,Inf,20.91733591678669
11.941115126268535,-1.0635622581119648,8.520118274215235,Inf,17.880705313921247
12.351911705013848,-1.8877826297131683,15.222605901996687,Inf,20.39386450599202
12.563417430151418,0.24773843596163303,-0.5535239484517902,Inf,19.76706621603957
7.076265845630232,3.2132260517815254,-1.630279224850284,14.512731391073041,14.512731391073041
10.791260728220749,0.09753982518905246,-0.19467635426418894,Inf,17.484046327455587
8.571318279492992,2.179369889355325,15.003726309955042,Inf,15.354806789511482
7.437076368988052,-0.9325094426895149,14.613986086572197,Inf,15.85189483276442
10.323576988155317,4.890504340693667,12.636776029353165,Inf,15.359138996734874
7.671346717850813,4.314281418770271,1.2429643891157909,13.15673354421466,13.15673354421466
12.219554189629925,1.7521227023202073,0.38095038239078605,Inf,18.00088723843433
11.797260754433935,-0.09873290767936638,5.943499077594396,Inf,16.963393817670344
12.898559164577783,3.454155469965137,-0.15404615490361806,Inf,18.635346970176258
16.911868972554778,-1.0667251743287487,-4.752407952806186,Inf,54.757520698285276
14.431464754376066,-1.3837399320235555,2.201658749857252,Inf,21.79140185090514
13.757165408694362,-1.747781964001149,10.437488559766841,Inf,20.11346288216319
17.210766449967565,3.545412598871227,13.123876546182515,Inf,22.245801997935736
16.631611538869144,3.64672845583069,5.882385082369204,Inf,21.069149508526426
13.164564378878474,1.3687864945706991,-0.39531097034704743,Inf,19.601524213688318
15.71729700352644,-0.08609054686710138,11.461746326658613,Inf,21.664518840652356
13.93012302781451,-0.026059738188308756,-1.8488727111725822,Inf,21.034271528071333
15.498148418918603,0.1853732937555037,-0.28911031564958733,Inf,21.695865610308953
15.385238228560539,-0.8793763634038783,-1.4508980917065912,Inf,22.345845126952124
15.410174152439382,2.6067571760873243,-0.5498157939674115,Inf,21.28195045741436
14.611114783496504,2.386462735631369,1.465003768911366,Inf,20.36271489072085
10.002248477469607,2.8793748872127445,16.106557247821122,28.837354341650673,16.994170360031752
11.049674392603805,-0.39583422935488954,18.38600382578946,Inf,19.982221973690145
12.720100650161783,4.642972932248668,18.252308156372408,Inf,20.49342288539225
15.547426048391927,4.395413250145033,15.654093819139334,Inf,22.448635483114998
14.016245531599623,6.586493906399067,2.177413140315913,68.28589319418373,19.06351308257753
15.750939283859282,8.904823910122069,1.8005124922319666,Inf,20.43512593861697
13.779233588280242,7.39511200036673,0.9161077228185093,Inf,19.066162455974627
7.599393678117153,5.334935821117909,-0.7364059440165605,14.123793824417715,14.123793824417715
14.589688883679159,12.17470899218032,-2.231205559928977,Inf,22.379209157230875
12.813862538243164,12.304088458438933,-3.6091611307676246,Inf,22.300980937833266
12.633603094053178,11.821490883248398,-4.266148054913073,Inf,22.74505229615423
14.471995964146089,8.447375073454175,-4.088327076317242,Inf,22.379417093352508
16.25011852331643,8.868411839701949,1.308361186866776,Inf,21.13706515204642
16.643317440053494,5.741654717785103,4.186169677856924,Inf,20.785623497273633
13.990836963549356,8.534742893572222,5.344659600798394,Inf,17.385645864931384
12.662533308103114,6.091970887954723,9.54861707689691,Inf,15.984202371250882
8.855912356384465,6.941198004653568,6.365578331731918,12.61051468363631,12.61051468363631
9.042014461726879,8.398940691195953,3.3733549732562977,13.635970825534777,13.635970825534777
10.468197901016325,6.695030039715036,8.893552218350909,13.685547061333796,13.685547061333796
15.707738944062406,5.268804134694591,16.992536189786513,Inf,23.436467635489173
12.920831209673658,7.450735374264514,17.580047638082235,Inf,20.554982462913532
10.103465975696757,6.243228404349974,15.262056928825167,Inf,16.888881087327665
14.443174650554525,5.226191104025499,16.570300965754242,Inf,21.06495961505178
16.178167124505208,6.1718936962389925,9.7523933286611,Inf,19.483393922006695
14.639272894858024,11.283924713015885,2.52325143058102,Inf,19.24662581790907
16.307959605551126,10.426740887528211,17.567857517750937,Inf,30.751531995597418
9.329591990196064,11.814094544106624,4.329848472829319,14.396314303392934,13.62196902920535
7.612182651229844,9.625732797015996,6.916109084425006,10.795188301763224,10.795188301763224
11.688505845201433,9.391753281529436,6.1493206516091625,Inf,14.92967217033013
15.507999818478133,9.215921511928542,7.8851090887041835,Inf,18.760791545478725
14.088522807660667,11.374025615027861,8.715393153644602,Inf,17.71166541396286
11.136744707024846,10.921412423399637,7.390852649947828,14.444822870686187,14.444822870686187
13.038590188187143,12.355005422094848,9.756735053166928,Inf,17.023869436820508
14.407700427502796,12.179314523394858,4.368252439769648,Inf,18.48878401265499
18.028781258323924,3.0516881038634125,-1.2489326004188968,Inf,27.33928112508385
19.013950808196242,0.5328164407517555,7.548244660075561,Inf,24.658658678958325
18.549835172598634,-0.47433243954348114,-4.322567042330263,Inf,28.116191696831535
18.057375930003808,-1.2449471477874852,18.03809047224484,Inf,26.77032348074856
18.768113292234418,4.496227455995996,-4.795299634582815,Inf,27.991770092547107
17.761673858271827,5.435727299497373,-0.07770744378952799,Inf,23.47075223656993
18.07252049716333,11.616697833667367,5.072045709781847,Inf,21.77558647280584
8.569502431526601,18.724472155281504,0.8884618351627438,80.07960702806514,17.734783471298574
5.182008574636967,19.170801569205402,-14.442369244671927,92.8105150367168,30.202671103646598
-2.9783565131750755,13.576235314311198,-4.155292570807267,13.667099363463615,12.90073572959664
1.9912979285480148,13.234027065149448,-13.724811635762872,Inf,23.280562873726858
1.871325133272748,13.56766734840221,-10.274010466960686,Inf,20.355638134304467
4.750918103092907,15.573732965890386,-7.402768211378108,22.28555519950814,18.291936686690846
-1.4849960462014806,13.957281960722185,-10.0461123449276,Inf,19.7561945049627
-2.905356225187621,14.24939266684818,-12.332619034927026,Inf,20.988723104714985
-0.4988422942685915,15.734805761930687,-17.156220096973325,Inf,27.151174040567565
1.910241522458584,19.862093939920754,-10.430374898037718,Inf,22.210922644944276
0.28548837718046727,18.6798948044392,-18.08795950229621,Inf,29.248770175851853
-0.2606656988925167,16.257159016996923,-11.850116430192248,Inf,21.61601408525704
1.3358177178881974,17.45401621268276,-11.678978160639515,Inf,22.526551225757224
3.616967352790816,17.24109905334724,-19.968884155111564,Inf,31.127220895657324
-2.4008975985540744,18.292666626029032,-3.3788280160080575,15.140688082225438,15.140688082225438
-0.26267175248397834,17.565402371753144,-3.8267486683394303,14.889432110819886,14.889432110819886
2.012145475303228,13.927551133672424,-2.324096257573352,12.396336491305338,12.396336491305338
-1.6933764477826685,16.558252802789283,-4.508760118597683,14.88411495948376,14.88411495948376
3.7093614594718076,16.077843142325037,-4.6525882887868075,Inf,15.99163522142738
2.2489184734408774,16.31408622905588,-3.6812611944162583,14.595147685885593,14.595147685885593
-1.0208921049394064,16.85574426139837,-3.544768861209697,14.212434670960821,14.212434670960821
3.4156783772820276,16.15822571764958,0.1675647775992033,12.428055557686054,12.428055557686054
4.036138817836388,18.281417422435176,-0.5379538328781486,14.724858981971652,14.575599994102465
0.6427874457997085,19.73420785134155,0.4313542433625912,14.293197173027895,14.293197173027895
17.20657776795042,17.915331588050023,-10.924313476612602,Inf,39.154028197783994
8.534653251133186,17.345512287871294,-7.453885292478679,Inf,21.370761357557754
11.905977150173843,16.962067659218306,-11.169395280824448,Inf,29.4393852104642
9.342106820702398,15.249867624827942,-10.672802815824465,Inf,27.007712770115095
7.421113170807114,14.025863484068779,-15.733107904320418,Inf,27.175652183723052
9.673536932449522,13.72592770880096,-16.716359017248237,Inf,28.615989763857982
8.287107204896465,13.246845657317728,-19.06245341388213,Inf,30.330592491003785
6.130740480815895,13.35745611303932,-13.931608559890352,Inf,24.76393092078319
11.2159192192929,17.448132395755856,-17.33877280131532,Inf,32.532016362059494
8.461072011780956,16.062736296485845,-13.844925831535253,Inf,25.742155548337493
9.240352830408554,17.413166855653643,-12.863454586194436,Inf,25.596567881333186
13.535136013378406,16.330293963206785,-14.848353476145189,Inf,30.354839263581415
15.897217639731231,13.2012640025198,-13.167672477098789,Inf,31.141136879152718
12.200468702752318,13.371443920987417,-18.332402780138615,Inf,30.94975639489015
14.202725377660514,16.293451102530973,-11.74763169633966,Inf,28.15785852039989
18.837769930237663,16.8579403075206,-8.812757759552046,Inf,31.4814848583024
12.157583223905782,16.051659126451028,-0.14441144188003463,Inf,20.072775739614496
5.664515485397665,15.750720994083053,-0.6050658141291798,14.33533739368782,14.044304682797026
10.158359540569393,15.165769439024544,-7.210276214368827,Inf,21.97593683469332
11.098724125480544,15.14524576170838,-6.75343313494686,Inf,22.272284052768086
7.234667949274723,15.442320170540043,-4.111447891588851,Inf,17.177951073143507
11.58913768049868,16.868727846983106,-6.449711742415927,Inf,22.73241864283945
11.542276972622815,16.488004403089242,-3.0971912286339247,Inf,20.470995589284083
16.576283354266856,14.111213336431796,0.2815342405645964,Inf,22.898298744063712
18.02766967267288,17.229558752730114,-0.4526184274993206,Inf,26.41534018832198
12.773650165723296,14.26579868677669,-2.0606875347455684,Inf,21.174994313870016
17.647736964159066,15.885346496967244,-5.399546182765302,Inf,27.023909185149243
16.846286008785597,18.8910274099093,-14.939955636328897,Inf,43.302181334229985
14.722573401310882,19.18076034155292,-17.637088327719923,Inf,33.698848956668066
14.210623146302893,18.323960550425383,-19.648051764984746,Inf,34.05611225712234
6.966545934412647,19.108658915089393,-12.469939631048632,Inf,24.85554349617943
15.738567791274853,18.56443132946805,-12.254271183299217,Inf,30.066318754476836
11.905549027145792,17.375734501510607,16.018926331788848,84.81178418412125,21.333166034453388
-0.9107053250013131,19.005524743561672,13.579642367614284,13.51786404889629,13.51786404889629
-0.75950422889564,16.715835215002066,15.07504863891974,13.929203802408068,12.935846330121642
9.857015686256272,14.244756255554435,4.497724870317068,14.964658020408983,14.964658020408983
2.8942572734044703,17.346921059084224,12.420174386073136,12.334947531455892,12.334947531455892
-2.8834518706023786,16.121572148692948,15.015649735786582,12.082622835694341,11.995367675613425
4.877268815732432,14.350114874930412,8.39642103665075,10.84430479720289,10.456118290653357
3.9175862663845784,17.200786241363197,2.6089788977566712,13.018759621351393,12.604367309365731
2.4030400383887063,13.492227205491709,7.643028752971759,7.731163386601211,7.731163386601211
3.4998816359432823,15.418354079284939,4.6124967402484955,11.025513563827396,10.776860764208253
2.065325289927145,14.882949901280838,6.7990260748788245,8.548269424561678,8.548269424561678
3.781582160815276,15.614829814939014,14.839701084648183,13.395619456623518,13.395619456623518
4.915137421345442,16.185159241400115,1.972430510364056,13.154665373360615,12.68361778245915
7.269289295207997,13.132908842600102,3.2421025397388163,13.448351409869048,13.448351409869048
5.330066156152206,17.112078754961118,1.0531582209559964,14.230628175545611,13.839789540520709
7.216851656312031,16.19637222797565,8.374440127331944,13.300736547447714,13.300736547447714
7.391133522841685,17.0228663922802,11.635752094528353,15.031048958248181,15.031048958248181
0.08783891641650499,17.756895523109925,12.480856271424955,11.853756162781668,11.853756162781668
4.069984273932398,17.713174481366977,5.491338582272178,12.753600004500573,12.254868323039444
2.2275353536510707,18.271765871893592,3.4697352782555413,12.686162364638445,12.686162364638445
-0.679339870035875,17.829703665266933,13.291862808822792,12.381797809409209,12.381797809409209
10.595533967444474,15.716538501703312,2.4649243263220484,Inf,17.011002113006207
10.979145696022606,17.554802933944025,19.039710842968766,Inf,21.951815954822727
6.304518002151891,15.496430263076455,16.133268388643778,Inf,15.86103627243234
2.526845822050234,17.72268051732992,16.37022984207895,15.006062549196667,15.006062549196667
11.33792152432548,16.13861902997705,18.74878595822799,Inf,21.271774946574432
10.070435913921408,19.97759316444234,13.45903994165699,Inf,19.416644718742326
7.677197884236211,19.25264151167326,6.4160254081409995,Inf,15.637151697369305
5.242654887895153,19.770328955930545,11.606923080144675,15.196900163651067,15.196900163651067
6.376714847685719,19.067726367900377,9.08752719255957,14.728509893816145,14.728509893816145
6.5649120297657575,19.518756560169493,12.42109558503384,Inf,16.096910377024987
-2.949203668019038,19.928947464534694,12.614939804786104,13.879102313051892,13.879102313051892
4.225916610479032,19.387987874068187,15.04642281077323,Inf,15.79595314497838
14.659356418353994,14.794001927131681,10.508080306532605,78.30963232918258,20.243781909586488
12.370859075283455,14.709207470171329,10.85405078276252,Inf,17.789369731651092
17.36105379645562,13.39696401307372,1.9060588928128475,Inf,22.933562714291533
18.448106877621925,14.485921556240271,3.4587696084873514,Inf,23.16370638268964
18.03106842896632,16.142815473194972,15.251905139715596,Inf,25.099248306485535
14.270068675532954,16.911003387701847,2.000865629583881,Inf,20.693376596485386
19.04682225908715,-6.538744122180047,14.652784462898623,32.528577151375785,32.528577151375785
19.767742148415337,-15.339318505225279,-8.429411853299218,Inf,43.71076616838084
19.59734835278376,-16.438392785568166,-13.237614505906379,Inf,45.137436219045995
19.264611421121458,-11.051156325300706,-19.814957962214955,Inf,40.549517601352775
19.917344882293868,-7.922938957050727,3.956739014173351,Inf,32.32440429151026
19.770431566811205,-14.636609760266994,16.716515235420808,Inf,39.882993027348135
19.44276620199551,5.25368550715995,-6.5210394547763695,Inf,60.05137027258394
19.865028222412022,11.130192228818771,-16.97280305469679,Inf,38.81781033985113
19.682004738050523,11.976469531863039,-15.57231043021953,Inf,37.92213045453413
19.530259471650382,0.281291851787806,-13.686020503074507,Inf,33.040764287983805
19.657947422565556,-3.9483854686484143,-19.090147716588348,Inf,38.8997124609959
19.532769666244562,19.165297877291636,-17.8595173474369,Inf,36.76088253687567
19.919218186423237,19.170068437310334,-18.419254110574926,Inf,37.53971480489801
19.425088583947804,-2.9628173927457198,-0.31637666270000153,Inf,34.400964328049746
19.348717675039126,6.366474085623992,-2.81461786443721,Inf,34.685446726276524
19.31565161690814,2.286987146427535,15.772733690043701,Inf,25.231825478110817
19.05746197911735,14.327765210367083,8.017515170652445,Inf,23.08968882271582
19.207810964443766,9.675558843348284,-2.4865507052453424,Inf,26.998175609014492
19.96055571247213,9.76598948538836,0.4186305959355323,Inf,25.697700430873887
19.4740010403956,5.433627199336861,17.155511324773293,Inf,27.842317587700446
19.72410913070437,7.650637199035685,14.413690352850125,Inf,24.699948566961233
19.851921919432094,5.5809729781540085,-4.124859493091897,Inf,27.65570231857312
5.519227566367064,12.96416602612527,19.836120262558666,Inf,17.373499460691832
2.9323345614388607,-6.218949140393555,19.596667009852396,Inf,21.648452903533595
2.442512869578472,-10.923454924185343,19.83280439801402,Inf,25.303165361114743
4.513402317870032,-3.5274499148473737,19.972908227761657,Inf,19.783445493506868
5.409431032038388,12.251093731218383,19.495239271875,Inf,16.717547781801237
2.7179231853947243,7.055244852496905,19.553364569171507,13.838484087626874,13.838484087626874
16.760719898407586,-11.711050831062773,19.367368007463767,Inf,39.89107120522346
17.193575938621606,-8.977761225830694,19.67187552131285,Inf,38.4085942779557
13.089340545385625,-7.882357285793571,19.319866870623777,Inf,26.14308401028348
14.937482942275096,-7.879714706249246,19.86490542588126,Inf,27.47729506488518
