4.509948155506799,0.8306370274781321,10.707810729147985,1.5
4.187717737222572,1.828247400100607,10.537603151902692,1.5
3.865487318938345,2.825857772723082,10.3673955746574,1.0
-3.3506943472279898,-0.6568873250033302,7.823813176366648,1.5
-3.2166989681933615,-1.9012952746826368,7.741049795608256,1.5
-3.0827035891587333,-3.1457032243619434,7.658286414849864,1.0
4.478843149319033,0.8903166695568783,10.684512236277973,1.5
4.152508610245865,1.9175299793004545,10.515304906736324,1.5
3.826174071172696,2.944743289044031,10.346097577194675,1.0
-3.313724766989982,-0.7382194168506402,7.852195492979876,1.5
-3.189015869201017,-2.016411664874985,7.751704621241245,1.5
-3.064306971412052,-3.29460391289933,7.651213749502615,1.0
4.444612741280247,0.957675475730368,10.65921333401341,1.5
4.115364047211328,2.0126511494881356,10.491969484263661,1.5
3.786115353142407,3.067626823245903,10.324725634513912,1.0
-3.2765862583286376,-0.828595806619441,7.87901571650083,1.5
-3.1617717075361513,-2.1383404418859002,7.760504193089745,1.5
-3.046957156743665,-3.4480850771523595,7.64199266967866,1.0
4.40755719652601,1.0331298882585713,10.632319195607423,1.5
4.076508313490496,2.1137339419728125,10.467864467688134,1.5
3.7454594304549835,3.1943379956870537,10.303409739768846,1.0
-3.239390276993954,-0.9286561449406929,7.904019018118124,1.5
-3.135061535631487,-2.2672960711645334,7.767293937162801,1.5
-3.03073279426902,-3.605935997388374,7.6305688562074785,1.0
4.368061244435763,1.1170390821885912,10.604328256102958,1.5
4.036216677115997,2.2208510206114553,10.443310021068855,1.5
3.7043721097962314,3.3246629590343195,10.282291786034753,1.0
-3.202264430486911,-1.0391280693161686,7.9269319300634,1.5
-3.108985165064165,-2.4035176342588827,7.771918327267034,1.5
-3.015705899641419,-3.7679071992015967,7.616904724470668,1.0
4.326396734972157,1.2097788005816352,10.575627036053147,1.5
3.9947017683041346,2.334064372248727,10.418560474238499,1.5
3.663006801636112,3.458349943915819,10.26149391242385,1.0
-3.1654085989925753,-1.1607756479046811,7.9473979708457,1.5
-3.0836805607550724,-2.5472378424080917,7.7741831422395,1.5
-3.0019525225175694,-3.9337000369115023,7.6009683136333,1.0
4.282647031307498,1.3118156554769906,10.546410159468113,1.5
3.9520690187077223,2.453465157800889,10.393756934553576,1.5
3.621491006107947,3.595114660124787,10.241103709639038,1.0
-3.1290727478921934,-1.2943466094002698,7.9649975808152895,1.5
-3.0593113146198077,-2.6986520020929294,7.773867244394204,1.5
-2.989549881347422,-4.102957394785589,7.582736907973118,1.0
4.282647031307498,1.3118156554769906,10.546410159468113,1.5
3.9520690187077223,2.453465157800889,10.393756934553576,1.5
3.621491006107947,3.595114660124787,10.241103709639038,1.0
-3.1290727478921934,-1.2943466094002698,7.9649975808152895,1.5
-3.0593113146198077,-2.6986520020929294,7.773867244394204,1.5
-2.989549881347422,-4.102957394785589,7.582736907973118,1.0
4.282647031307498,1.3118156554769906,10.546410159468113,1.5
3.9520690187077223,2.453465157800889,10.393756934553576,1.5
3.621491006107947,3.595114660124787,10.241103709639038,1.0
-3.1290727478921934,-1.2943466094002698,7.9649975808152895,1.5
-3.0593113146198077,-2.6986520020929294,7.773867244394204,1.5
-2.989549881347422,-4.102957394785589,7.582736907973118,1.0
4.282647031307498,1.3118156554769906,10.546410159468113,1.5
3.9520690187077223,2.453465157800889,10.393756934553576,1.5
3.621491006107947,3.595114660124787,10.241103709639038,1.0
-3.1290727478921934,-1.2943466094002698,7.9649975808152895,1.5
-3.0593113146198077,-2.6986520020929294,7.773867244394204,1.5
-2.989549881347422,-4.102957394785589,7.582736907973118,1.0
4.282647031307498,1.3118156554769906,10.546410159468113,1.5
3.9520690187077223,2.453465157800889,10.393756934553576,1.5
3.621491006107947,3.595114660124787,10.241103709639038,1.0
-3.1290727478921934,-1.2943466094002698,7.9649975808152895,1.5
-3.0593113146198077,-2.6986520020929294,7.773867244394204,1.5
-2.989549881347422,-4.102957394785589,7.582736907973118,1.0
4.282647031307498,1.3118156554769906,10.546410159468113,1.5
3.9520690187077223,2.453465157800889,10.393756934553576,1.5
3.621491006107947,3.595114660124787,10.241103709639038,1.0
-3.1290727478921934,-1.2943466094002698,7.9649975808152895,1.5
-3.0593113146198077,-2.6986520020929294,7.773867244394204,1.5
-2.989549881347422,-4.102957394785589,7.582736907973118,1.0
4.282647031307498,1.3118156554769906,10.546410159468113,1.5
3.9520690187077223,2.453465157800889,10.393756934553576,1.5
3.621491006107947,3.595114660124787,10.241103709639038,1.0
-3.1290727478921934,-1.2943466094002698,7.9649975808152895,1.5
-3.0593113146198077,-2.6986520020929294,7.773867244394204,1.5
-2.989549881347422,-4.102957394785589,7.582736907973118,1.0
4.282647031307498,1.3118156554769906,10.546410159468113,1.5
3.9520690187077223,2.453465157800889,10.393756934553576,1.5
3.621491006107947,3.595114660124787,10.241103709639038,1.0
-3.1290727478921934,-1.2943466094002698,7.9649975808152895,1.5
-3.0593113146198077,-2.6986520020929294,7.773867244394204,1.5
-2.989549881347422,-4.102957394785589,7.582736907973118,1.0
4.282647031307498,1.3118156554769906,10.546410159468113,1.5
3.9520690187077223,2.453465157800889,10.393756934553576,1.5
3.621491006107947,3.595114660124787,10.241103709639038,1.0
-3.1290727478921934,-1.2943466094002698,7.9649975808152895,1.5
-3.0593113146198077,-2.6986520020929294,7.773867244394204,1.5
-2.989549881347422,-4.102957394785589,7.582736907973118,1.0
4.282647031307498,1.3118156554769906,10.546410159468113,1.5
3.9520690187077223,2.453465157800889,10.393756934553576,1.5
3.621491006107947,3.595114660124787,10.241103709639038,1.0
-3.1290727478921934,-1.2943466094002698,7.9649975808152895,1.5
-3.0593113146198077,-2.6986520020929294,7.773867244394204,1.5
-2.989549881347422,-4.102957394785589,7.582736907973118,1.0
4.282647031307498,1.3118156554769906,10.546410159468113,1.5
3.9520690187077223,2.453465157800889,10.393756934553576,1.5
3.621491006107947,3.595114660124787,10.241103709639038,1.0
-3.1290727478921934,-1.2943466094002698,7.9649975808152895,1.5
-3.0593113146198077,-2.6986520020929294,7.773867244394204,1.5
-2.989549881347422,-4.102957394785589,7.582736907973118,1.0
4.282647031307498,1.3118156554769906,10.546410159468113,1.5
3.9520690187077223,2.453465157800889,10.393756934553576,1.5
3.621491006107947,3.595114660124787,10.241103709639038,1.0
-3.1290727478921934,-1.2943466094002698,7.9649975808152895,1.5
-3.0593113146198077,-2.6986520020929294,7.773867244394204,1.5
-2.989549881347422,-4.102957394785589,7.582736907973118,1.0
4.282647031307498,1.3118156554769906,10.546410159468113,1.5
3.9520690187077223,2.453465157800889,10.393756934553576,1.5
3.621491006107947,3.595114660124787,10.241103709639038,1.0
-3.1290727478921934,-1.2943466094002698,7.9649975808152895,1.5
-3.0593113146198077,-2.6986520020929294,7.773867244394204,1.5
-2.989549881347422,-4.102957394785589,7.582736907973118,1.0
4.282647031307498,1.3118156554769906,10.546410159468113,1.5
3.9520690187077223,2.453465157800889,10.393756934553576,1.5
3.621491006107947,3.595114660124787,10.241103709639038,1.0
-3.1290727478921934,-1.2943466094002698,7.9649975808152895,1.5
-3.0593113146198077,-2.6986520020929294,7.773867244394204,1.5
-2.989549881347422,-4.102957394785589,7.582736907973118,1.0
4.282647031307498,1.3118156554769906,10.546410159468113,1.5
3.9520690187077223,2.453465157800889,10.393756934553576,1.5
3.621491006107947,3.595114660124787,10.241103709639038,1.0
-3.1290727478921934,-1.2943466094002698,7.9649975808152895,1.5
-3.0593113146198077,-2.6986520020929294,7.773867244394204,1.5
-2.989549881347422,-4.102957394785589,7.582736907973118,1.0
4.282647031307498,1.3118156554769906,10.546410159468113,1.5
3.9520690187077223,2.453465157800889,10.393756934553576,1.5
3.621491006107947,3.595114660124787,10.241103709639038,1.0
-3.1290727478921934,-1.2943466094002698,7.9649975808152895,1.5
-3.0593113146198077,-2.6986520020929294,7.773867244394204,1.5
-2.989549881347422,-4.102957394785589,7.582736907973118,1.0
4.282647031307498,1.3118156554769906,10.546410159468113,1.5
3.9520690187077223,2.453465157800889,10.393756934553576,1.5
3.621491006107947,3.595114660124787,10.241103709639038,1.0
-3.1290727478921934,-1.2943466094002698,7.9649975808152895,1.5
-3.0593113146198077,-2.6986520020929294,7.773867244394204,1.5
-2.989549881347422,-4.102957394785589,7.582736907973118,1.0
4.282647031307498,1.3118156554769906,10.546410159468113,1.5
3.9520690187077223,2.453465157800889,10.393756934553576,1.5
3.621491006107947,3.595114660124787,10.241103709639038,1.0
-3.1290727478921934,-1.2943466094002698,7.9649975808152895,1.5
-3.0593113146198077,-2.6986520020929294,7.773867244394204,1.5
-2.989549881347422,-4.102957394785589,7.582736907973118,1.0
4.282647031307498,1.3118156554769906,10.546410159468113,1.5
3.9520690187077223,2.453465157800889,10.393756934553576,1.5
3.621491006107947,3.595114660124787,10.241103709639038,1.0
-3.1290727478921934,-1.2943466094002698,7.9649975808152895,1.5
-3.0593113146198077,-2.6986520020929294,7.773867244394204,1.5
-2.989549881347422,-4.102957394785589,7.582736907973118,1.0
4.282647031307498,1.3118156554769906,10.546410159468113,1.5
3.9520690187077223,2.453465157800889,10.393756934553576,1.5
3.621491006107947,3.595114660124787,10.241103709639038,1.0
-3.1290727478921934,-1.2943466094002698,7.9649975808152895,1.5
-3.0593113146198077,-2.6986520020929294,7.773867244394204,1.5
-2.989549881347422,-4.102957394785589,7.582736907973118,1.0
4.282647031307498,1.3118156554769906,10.546410159468113,1.5
3.9520690187077223,2.453465157800889,10.393756934553576,1.5
3.621491006107947,3.595114660124787,10.241103709639038,1.0
-3.1290727478921934,-1.2943466094002698,7.9649975808152895,1.5
-3.0593113146198077,-2.6986520020929294,7.773867244394204,1.5
-2.989549881347422,-4.102957394785589,7.582736907973118,1.0
4.282647031307498,1.3118156554769906,10.546410159468113,1.5
3.9520690187077223,2.453465157800889,10.393756934553576,1.5
3.621491006107947,3.595114660124787,10.241103709639038,1.0
-3.1290727478921934,-1.2943466094002698,7.9649975808152895,1.5
-3.0593113146198077,-2.6986520020929294,7.773867244394204,1.5
-2.989549881347422,-4.102957394785589,7.582736907973118,1.0
4.282647031307498,1.3118156554769906,10.546410159468113,1.5
3.9520690187077223,2.453465157800889,10.393756934553576,1.5
3.621491006107947,3.595114660124787,10.241103709639038,1.0
-3.1290727478921934,-1.2943466094002698,7.9649975808152895,1.5
-3.0593113146198077,-2.6986520020929294,7.773867244394204,1.5
-2.989549881347422,-4.102957394785589,7.582736907973118,1.0
4.282647031307498,1.3118156554769906,10.546410159468113,1.5
3.9520690187077223,2.453465157800889,10.393756934553576,1.5
3.621491006107947,3.595114660124787,10.241103709639038,1.0
-3.1290727478921934,-1.2943466094002698,7.9649975808152895,1.5
-3.0593113146198077,-2.6986520020929294,7.773867244394204,1.5
-2.989549881347422,-4.102957394785589,7.582736907973118,1.0
4.282647031307498,1.3118156554769906,10.546410159468113,1.5
3.9520690187077223,2.453465157800889,10.393756934553576,1.5
3.621491006107947,3.595114660124787,10.241103709639038,1.0
-3.1290727478921934,-1.2943466094002698,7.9649975808152895,1.5
-3.0593113146198077,-2.6986520020929294,7.773867244394204,1.5
-2.989549881347422,-4.102957394785589,7.582736907973118,1.0
4.282647031307498,1.3118156554769906,10.546410159468113,1.5
3.9520690187077223,2.453465157800889,10.393756934553576,1.5
3.621491006107947,3.595114660124787,10.241103709639038,1.0
-3.1290727478921934,-1.2943466094002698,7.9649975808152895,1.5
-3.0593113146198077,-2.6986520020929294,7.773867244394204,1.5
-2.989549881347422,-4.102957394785589,7.582736907973118,1.0
4.282647031307498,1.3118156554769906,10.546410159468113,1.5
3.9520690187077223,2.453465157800889,10.393756934553576,1.5
3.621491006107947,3.595114660124787,10.241103709639038,1.0
-3.1290727478921934,-1.2943466094002698,7.9649975808152895,1.5
-3.0593113146198077,-2.6986520020929294,7.773867244394204,1.5
-2.989549881347422,-4.102957394785589,7.582736907973118,1.0
4.282647031307498,1.3118156554769906,10.546410159468113,1.5
3.9520690187077223,2.453465157800889,10.393756934553576,1.5
3.621491006107947,3.595114660124787,10.241103709639038,1.0
-3.1290727478921934,-1.2943466094002698,7.9649975808152895,1.5
-3.0593113146198077,-2.6986520020929294,7.773867244394204,1.5
-2.989549881347422,-4.102957394785589,7.582736907973118,1.0
4.282647031307498,1.3118156554769906,10.546410159468113,1.5
3.9520690187077223,2.453465157800889,10.393756934553576,1.5
3.621491006107947,3.595114660124787,10.241103709639038,1.0
-3.1290727478921934,-1.2943466094002698,7.9649975808152895,1.5
-3.0593113146198077,-2.6986520020929294,7.773867244394204,1.5
-2.989549881347422,-4.102957394785589,7.582736907973118,1.0
4.282647031307498,1.3118156554769906,10.546410159468113,1.5
3.9520690187077223,2.453465157800889,10.393756934553576,1.5
3.621491006107947,3.595114660124787,10.241103709639038,1.0
-3.1290727478921934,-1.2943466094002698,7.9649975808152895,1.5
-3.0593113146198077,-2.6986520020929294,7.773867244394204,1.5
-2.989549881347422,-4.102957394785589,7.582736907973118,1.0
4.282647031307498,1.3118156554769906,10.546410159468113,1.5
3.9520690187077223,2.453465157800889,10.393756934553576,1.5
3.621491006107947,3.595114660124787,10.241103709639038,1.0
-3.1290727478921934,-1.2943466094002698,7.9649975808152895,1.5
-3.0593113146198077,-2.6986520020929294,7.773867244394204,1.5
-2.989549881347422,-4.102957394785589,7.582736907973118,1.0
4.282647031307498,1.3118156554769906,10.546410159468113,1.5
3.9520690187077223,2.453465157800889,10.393756934553576,1.5
3.621491006107947,3.595114660124787,10.241103709639038,1.0
-3.1290727478921934,-1.2943466094002698,7.9649975808152895,1.5
-3.0593113146198077,-2.6986520020929294,7.773867244394204,1.5
-2.989549881347422,-4.102957394785589,7.582736907973118,1.0
4.282647031307498,1.3118156554769906,10.546410159468113,1.5
3.9520690187077223,2.453465157800889,10.393756934553576,1.5
3.621491006107947,3.595114660124787,10.241103709639038,1.0
-3.1290727478921934,-1.2943466094002698,7.9649975808152895,1.5
-3.0593113146198077,-2.6986520020929294,7.773867244394204,1.5
-2.989549881347422,-4.102957394785589,7.582736907973118,1.0
4.282647031307498,1.3118156554769906,10.546410159468113,1.5
3.9520690187077223,2.453465157800889,10.393756934553576,1.5
3.621491006107947,3.595114660124787,10.241103709639038,1.0
-3.1290727478921934,-1.2943466094002698,7.9649975808152895,1.5
-3.0593113146198077,-2.6986520020929294,7.773867244394204,1.5
-2.989549881347422,-4.102957394785589,7.582736907973118,1.0
4.282647031307498,1.3118156554769906,10.546410159468113,1.5
3.9520690187077223,2.453465157800889,10.393756934553576,1.5
3.621491006107947,3.595114660124787,10.241103709639038,1.0
-3.1290727478921934,-1.2943466094002698,7.9649975808152895,1.5
-3.0593113146198077,-2.6986520020929294,7.773867244394204,1.5
-2.989549881347422,-4.102957394785589,7.582736907973118,1.0
4.282647031307498,1.3118156554769906,10.546410159468113,1.5
3.9520690187077223,2.453465157800889,10.393756934553576,1.5
3.621491006107947,3.595114660124787,10.241103709639038,1.0
-3.1290727478921934,-1.2943466094002698,7.9649975808152895,1.5
-3.0593113146198077,-2.6986520020929294,7.773867244394204,1.5
-2.989549881347422,-4.102957394785589,7.582736907973118,1.0
4.282647031307498,1.3118156554769906,10.546410159468113,1.5
3.9520690187077223,2.453465157800889,10.393756934553576,1.5
3.621491006107947,3.595114660124787,10.241103709639038,1.0
-3.1290727478921934,-1.2943466094002698,7.9649975808152895,1.5
-3.0593113146198077,-2.6986520020929294,7.773867244394204,1.5
-2.989549881347422,-4.102957394785589,7.582736907973118,1.0
4.282647031307498,1.3118156554769906,10.546410159468113,1.5
3.9520690187077223,2.453465157800889,10.393756934553576,1.5
3.621491006107947,3.595114660124787,10.241103709639038,1.0
-3.1290727478921934,-1.2943466094002698,7.9649975808152895,1.5
-3.0593113146198077,-2.6986520020929294,7.773867244394204,1.5
-2.989549881347422,-4.102957394785589,7.582736907973118,1.0
4.282647031307498,1.3118156554769906,10.546410159468113,1.5
3.9520690187077223,2.453465157800889,10.393756934553576,1.5
3.621491006107947,3.595114660124787,10.241103709639038,1.0
-3.1290727478921934,-1.2943466094002698,7.9649975808152895,1.5
-3.0593113146198077,-2.6986520020929294,7.773867244394204,1.5
-2.989549881347422,-4.102957394785589,7.582736907973118,1.0
4.282647031307498,1.3118156554769906,10.546410159468113,1.5
3.9520690187077223,2.453465157800889,10.393756934553576,1.5
3.621491006107947,3.595114660124787,10.241103709639038,1.0
-3.1290727478921934,-1.2943466094002698,7.9649975808152895,1.5
-3.0593113146198077,-2.6986520020929294,7.773867244394204,1.5
-2.989549881347422,-4.102957394785589,7.582736907973118,1.0
4.282647031307498,1.3118156554769906,10.546410159468113,1.5
3.9520690187077223,2.453465157800889,10.393756934553576,1.5
3.621491006107947,3.595114660124787,10.241103709639038,1.0
-3.1290727478921934,-1.2943466094002698,7.9649975808152895,1.5
-3.0593113146198077,-2.6986520020929294,7.773867244394204,1.5
-2.989549881347422,-4.102957394785589,7.582736907973118,1.0
4.282647031307498,1.3118156554769906,10.546410159468113,1.5
3.9520690187077223,2.453465157800889,10.393756934553576,1.5
3.621491006107947,3.595114660124787,10.241103709639038,1.0
-3.1290727478921934,-1.2943466094002698,7.9649975808152895,1.5
-3.0593113146198077,-2.6986520020929294,7.773867244394204,1.5
-2.989549881347422,-4.102957394785589,7.582736907973118,1.0
4.282647031307498,1.3118156554769906,10.546410159468113,1.5
3.9520690187077223,2.453465157800889,10.393756934553576,1.5
3.621491006107947,3.595114660124787,10.241103709639038,1.0
-3.1290727478921934,-1.2943466094002698,7.9649975808152895,1.5
-3.0593113146198077,-2.6986520020929294,7.773867244394204,1.5
-2.989549881347422,-4.102957394785589,7.582736907973118,1.0
4.282647031307498,1.3118156554769906,10.546410159468113,1.5
3.9520690187077223,2.453465157800889,10.393756934553576,1.5
3.621491006107947,3.595114660124787,10.241103709639038,1.0
-3.1290727478921934,-1.2943466094002698,7.9649975808152895,1.5
-3.0593113146198077,-2.6986520020929294,7.773867244394204,1.5
-2.989549881347422,-4.102957394785589,7.582736907973118,1.0
4.282647031307498,1.3118156554769906,10.546410159468113,1.5
3.9520690187077223,2.453465157800889,10.393756934553576,1.5
3.621491006107947,3.595114660124787,10.241103709639038,1.0
-3.1290727478921934,-1.2943466094002698,7.9649975808152895,1.5
-3.0593113146198077,-2.6986520020929294,7.773867244394204,1.5
-2.989549881347422,-4.102957394785589,7.582736907973118,1.0
4.282647031307498,1.3118156554769906,10.546410159468113,1.5
3.9520690187077223,2.453465157800889,10.393756934553576,1.5
3.621491006107947,3.595114660124787,10.241103709639038,1.0
-3.1290727478921934,-1.2943466094002698,7.9649975808152895,1.5
-3.0593113146198077,-2.6986520020929294,7.773867244394204,1.5
-2.989549881347422,-4.102957394785589,7.582736907973118,1.0
4.282647031307498,1.3118156554769906,10.546410159468113,1.5
3.9520690187077223,2.453465157800889,10.393756934553576,1.5
3.621491006107947,3.595114660124787,10.241103709639038,1.0
-3.1290727478921934,-1.2943466094002698,7.9649975808152895,1.5
-3.0593113146198077,-2.6986520020929294,7.773867244394204,1.5
-2.989549881347422,-4.102957394785589,7.582736907973118,1.0
4.282647031307498,1.3118156554769906,10.546410159468113,1.5
3.9520690187077223,2.453465157800889,10.393756934553576,1.5
3.621491006107947,3.595114660124787,10.241103709639038,1.0
-3.1290727478921934,-1.2943466094002698,7.9649975808152895,1.5
-3.0593113146198077,-2.6986520020929294,7.773867244394204,1.5
-2.989549881347422,-4.102957394785589,7.582736907973118,1.0
4.282647031307498,1.3118156554769906,10.546410159468113,1.5
3.9520690187077223,2.453465157800889,10.393756934553576,1.5
3.621491006107947,3.595114660124787,10.241103709639038,1.0
-3.1290727478921934,-1.2943466094002698,7.9649975808152895,1.5
-3.0593113146198077,-2.6986520020929294,7.773867244394204,1.5
-2.989549881347422,-4.102957394785589,7.582736907973118,1.0
4.282647031307498,1.3118156554769906,10.546410159468113,1.5
3.9520690187077223,2.453465157800889,10.393756934553576,1.5
3.621491006107947,3.595114660124787,10.241103709639038,1.0
-3.1290727478921934,-1.2943466094002698,7.9649975808152895,1.5
-3.0593113146198077,-2.6986520020929294,7.773867244394204,1.5
-2.989549881347422,-4.102957394785589,7.582736907973118,1.0
4.282647031307498,1.3118156554769906,10.546410159468113,1.5
3.9520690187077223,2.453465157800889,10.393756934553576,1.5
3.621491006107947,3.595114660124787,10.241103709639038,1.0
-3.1290727478921934,-1.2943466094002698,7.9649975808152895,1.5
-3.0593113146198077,-2.6986520020929294,7.773867244394204,1.5
-2.989549881347422,-4.102957394785589,7.582736907973118,1.0
4.282647031307498,1.3118156554769906,10.546410159468113,1.5
3.9520690187077223,2.453465157800889,10.393756934553576,1.5
3.621491006107947,3.595114660124787,10.241103709639038,1.0
-3.1290727478921934,-1.2943466094002698,7.9649975808152895,1.5
-3.0593113146198077,-2.6986520020929294,7.773867244394204,1.5
-2.989549881347422,-4.102957394785589,7.582736907973118,1.0
4.282647031307498,1.3118156554769906,10.546410159468113,1.5
3.9520690187077223,2.453465157800889,10.393756934553576,1.5
3.621491006107947,3.595114660124787,10.241103709639038,1.0
-3.1290727478921934,-1.2943466094002698,7.9649975808152895,1.5
-3.0593113146198077,-2.6986520020929294,7.773867244394204,1.5
-2.989549881347422,-4.102957394785589,7.582736907973118,1.0
4.282647031307498,1.3118156554769906,10.546410159468113,1.5
3.9520690187077223,2.453465157800889,10.393756934553576,1.5
3.621491006107947,3.595114660124787,10.241103709639038,1.0
-3.1290727478921934,-1.2943466094002698,7.9649975808152895,1.5
-3.0593113146198077,-2.6986520020929294,7.773867244394204,1.5
-2.989549881347422,-4.102957394785589,7.582736907973118,1.0
4.282647031307498,1.3118156554769906,10.546410159468113,1.5
3.9520690187077223,2.453465157800889,10.393756934553576,1.5
3.621491006107947,3.595114660124787,10.241103709639038,1.0
-3.1290727478921934,-1.2943466094002698,7.9649975808152895,1.5
-3.0593113146198077,-2.6986520020929294,7.773867244394204,1.5
-2.989549881347422,-4.102957394785589,7.582736907973118,1.0
4.282647031307498,1.3118156554769906,10.546410159468113,1.5
3.9520690187077223,2.453465157800889,10.393756934553576,1.5
3.621491006107947,3.595114660124787,10.241103709639038,1.0
-3.1290727478921934,-1.2943466094002698,7.9649975808152895,1.5
-3.0593113146198077,-2.6986520020929294,7.773867244394204,1.5
-2.989549881347422,-4.102957394785589,7.582736907973118,1.0
4.282647031307498,1.3118156554769906,10.546410159468113,1.5
3.9520690187077223,2.453465157800889,10.393756934553576,1.5
3.621491006107947,3.595114660124787,10.241103709639038,1.0
-3.1290727478921934,-1.2943466094002698,7.9649975808152895,1.5
-3.0593113146198077,-2.6986520020929294,7.773867244394204,1.5
-2.989549881347422,-4.102957394785589,7.582736907973118,1.0
4.282647031307498,1.3118156554769906,10.546410159468113,1.5
3.9520690187077223,2.453465157800889,10.393756934553576,1.5
3.621491006107947,3.595114660124787,10.241103709639038,1.0
-3.1290727478921934,-1.2943466094002698,7.9649975808152895,1.5
-3.0593113146198077,-2.6986520020929294,7.773867244394204,1.5
-2.989549881347422,-4.102957394785589,7.582736907973118,1.0
4.282647031307498,1.3118156554769906,10.546410159468113,1.5
3.9520690187077223,2.453465157800889,10.393756934553576,1.5
3.621491006107947,3.595114660124787,10.241103709639038,1.0
-3.1290727478921934,-1.2943466094002698,7.9649975808152895,1.5
-3.0593113146198077,-2.6986520020929294,7.773867244394204,1.5
-2.989549881347422,-4.102957394785589,7.582736907973118,1.0
4.282647031307498,1.3118156554769906,10.546410159468113,1.5
3.9520690187077223,2.453465157800889,10.393756934553576,1.5
3.621491006107947,3.595114660124787,10.241103709639038,1.0
-3.1290727478921934,-1.2943466094002698,7.9649975808152895,1.5
-3.0593113146198077,-2.6986520020929294,7.773867244394204,1.5
-2.989549881347422,-4.102957394785589,7.582736907973118,1.0
4.282647031307498,1.3118156554769906,10.546410159468113,1.5
3.9520690187077223,2.453465157800889,10.393756934553576,1.5
3.621491006107947,3.595114660124787,10.241103709639038,1.0
-3.1290727478921934,-1.2943466094002698,7.9649975808152895,1.5
-3.0593113146198077,-2.6986520020929294,7.773867244394204,1.5
-2.989549881347422,-4.102957394785589,7.582736907973118,1.0
4.282647031307498,1.3118156554769906,10.546410159468113,1.5
3.9520690187077223,2.453465157800889,10.393756934553576,1.5
3.621491006107947,3.595114660124787,10.241103709639038,1.0
-3.1290727478921934,-1.2943466094002698,7.9649975808152895,1.5
-3.0593113146198077,-2.6986520020929294,7.773867244394204,1.5
-2.989549881347422,-4.102957394785589,7.582736907973118,1.0
4.282647031307498,1.3118156554769906,10.546410159468113,1.5
3.9520690187077223,2.453465157800889,10.393756934553576,1.5
3.621491006107947,3.595114660124787,10.241103709639038,1.0
-3.1290727478921934,-1.2943466094002698,7.9649975808152895,1.5
-3.0593113146198077,-2.6986520020929294,7.773867244394204,1.5
-2.989549881347422,-4.102957394785589,7.582736907973118,1.0
4.282647031307498,1.3118156554769906,10.546410159468113,1.5
3.9520690187077223,2.453465157800889,10.393756934553576,1.5
3.621491006107947,3.595114660124787,10.241103709639038,1.0
-3.1290727478921934,-1.2943466094002698,7.9649975808152895,1.5
-3.0593113146198077,-2.6986520020929294,7.773867244394204,1.5
-2.989549881347422,-4.102957394785589,7.582736907973118,1.0
4.282647031307498,1.3118156554769906,10.546410159468113,1.5
3.9520690187077223,2.453465157800889,10.393756934553576,1.5
3.621491006107947,3.595114660124787,10.241103709639038,1.0
-3.1290727478921934,-1.2943466094002698,7.9649975808152895,1.5
-3.0593113146198077,-2.6986520020929294,7.773867244394204,1.5
-2.989549881347422,-4.102957394785589,7.582736907973118,1.0
4.282647031307498,1.3118156554769906,10.546410159468113,1.5
3.9520690187077223,2.453465157800889,10.393756934553576,1.5
3.621491006107947,3.595114660124787,10.241103709639038,1.0
-3.1290727478921934,-1.2943466094002698,7.9649975808152895,1.5
-3.0593113146198077,-2.6986520020929294,7.773867244394204,1.5
-2.989549881347422,-4.102957394785589,7.582736907973118,1.0
4.282647031307498,1.3118156554769906,10.546410159468113,1.5
3.9520690187077223,2.453465157800889,10.393756934553576,1.5
3.621491006107947,3.595114660124787,10.241103709639038,1.0
-3.1290727478921934,-1.2943466094002698,7.9649975808152895,1.5
-3.0593113146198077,-2.6986520020929294,7.773867244394204,1.5
-2.989549881347422,-4.102957394785589,7.582736907973118,1.0
4.282647031307498,1.3118156554769906,10.546410159468113,1.5
3.9520690187077223,2.453465157800889,10.393756934553576,1.5
3.621491006107947,3.595114660124787,10.241103709639038,1.0
-3.1290727478921934,-1.2943466094002698,7.9649975808152895,1.5
-3.0593113146198077,-2.6986520020929294,7.773867244394204,1.5
-2.989549881347422,-4.102957394785589,7.582736907973118,1.0
4.282647031307498,1.3118156554769906,10.546410159468113,1.5
3.9520690187077223,2.453465157800889,10.393756934553576,1.5
3.621491006107947,3.595114660124787,10.241103709639038,1.0
-3.1290727478921934,-1.2943466094002698,7.9649975808152895,1.5
-3.0593113146198077,-2.6986520020929294,7.773867244394204,1.5
-2.989549881347422,-4.102957394785589,7.582736907973118,1.0
4.282647031307498,1.3118156554769906,10.546410159468113,1.5
3.9520690187077223,2.453465157800889,10.393756934553576,1.5
3.621491006107947,3.595114660124787,10.241103709639038,1.0
-3.1290727478921934,-1.2943466094002698,7.9649975808152895,1.5
-3.0593113146198077,-2.6986520020929294,7.773867244394204,1.5
-2.989549881347422,-4.102957394785589,7.582736907973118,1.0
4.282647031307498,1.3118156554769906,10.546410159468113,1.5
3.9520690187077223,2.453465157800889,10.393756934553576,1.5
3.621491006107947,3.595114660124787,10.241103709639038,1.0
-3.1290727478921934,-1.2943466094002698,7.9649975808152895,1.5
-3.0593113146198077,-2.6986520020929294,7.773867244394204,1.5
-2.989549881347422,-4.102957394785589,7.582736907973118,1.0
4.282647031307498,1.3118156554769906,10.546410159468113,1.5
3.9520690187077223,2.453465157800889,10.393756934553576,1.5
3.621491006107947,3.595114660124787,10.241103709639038,1.0
-3.1290727478921934,-1.2943466094002698,7.9649975808152895,1.5
-3.0593113146198077,-2.6986520020929294,7.773867244394204,1.5
-2.989549881347422,-4.102957394785589,7.582736907973118,1.0
4.282647031307498,1.3118156554769906,10.546410159468113,1.5
3.9520690187077223,2.453465157800889,10.393756934553576,1.5
3.621491006107947,3.595114660124787,10.241103709639038,1.0
-3.1290727478921934,-1.2943466094002698,7.9649975808152895,1.5
-3.0593113146198077,-2.6986520020929294,7.773867244394204,1.5
-2.989549881347422,-4.102957394785589,7.582736907973118,1.0
4.282647031307498,1.3118156554769906,10.546410159468113,1.5
3.9520690187077223,2.453465157800889,10.393756934553576,1.5
3.621491006107947,3.595114660124787,10.241103709639038,1.0
-3.1290727478921934,-1.2943466094002698,7.9649975808152895,1.5
-3.0593113146198077,-2.6986520020929294,7.773867244394204,1.5
-2.989549881347422,-4.102957394785589,7.582736907973118,1.0
4.282647031307498,1.3118156554769906,10.546410159468113,1.5
3.9520690187077223,2.453465157800889,10.393756934553576,1.5
3.621491006107947,3.595114660124787,10.241103709639038,1.0
-3.1290727478921934,-1.2943466094002698,7.9649975808152895,1.5
-3.0593113146198077,-2.6986520020929294,7.773867244394204,1.5
-2.989549881347422,-4.102957394785589,7.582736907973118,1.0
4.282647031307498,1.3118156554769906,10.546410159468113,0.1009677464807564
3.9520690187077223,2.453465157800889,10.393756934553576,NaN
3.621491006107947,3.595114660124787,10.241103709639038,0.1009677464807564
-3.1290727478921934,-1.2943466094002698,7.9649975808152895,0.1009677464807564
-3.0593113146198077,-2.6986520020929294,7.773867244394204,0.1009677464807564
-2.989549881347422,-4.102957394785589,7.582736907973118,0.1009677464807564
4.236758994034062,1.4237401200318311,10.516732787691724,0.1009677464807564
3.9083469914856446,2.5791900712880027,10.368957581750463,0.1009677464807564
3.579934988937227,3.7346400225441743,10.221182375809201,0.1009677464807564
-3.0935155123995006,-1.4405362864863651,7.979290115321408,0.1009677464807564
-3.0360419679936435,-2.8578961234933296,7.770748215525613,0.1009677464807564
-2.9785684235877863,-4.275255960500294,7.562206315729817,NaN
4.236758994034062,1.4237401200318311,10.516732787691724,0.1009677464807564
3.9083469914856446,2.5791900712880027,10.368957581750463,0.1009677464807564
3.579934988937227,3.7346400225441743,10.221182375809201,0.1009677464807564
-3.0935155123995006,-1.4405362864863651,7.979290115321408,NaN
-3.0360419679936435,-2.8578961234933296,7.770748215525613,0.1009677464807564
-2.9785684235877863,-4.275255960500294,7.562206315729817,0.1009677464807564
4.236758994034062,1.4237401200318311,10.516732787691724,0.1009677464807564
3.9083469914856446,2.5791900712880027,10.368957581750463,0.1009677464807564
3.579934988937227,3.7346400225441743,10.221182375809201,0.1009677464807564
-3.0935155123995006,-1.4405362864863651,7.979290115321408,0.1009677464807564
-3.0360419679936435,-2.8578961234933296,7.770748215525613,0.1009677464807564
-2.9785684235877863,-4.275255960500294,7.562206315729817,0.1009677464807564
4.236758994034062,1.4237401200318311,10.516732787691724,0.1009677464807564
3.9083469914856446,2.5791900712880027,10.368957581750463,0.1009677464807564
3.579934988937227,3.7346400225441743,10.221182375809201,NaN
-3.0935155123995006,-1.4405362864863651,7.979290115321408,0.1009677464807564
-3.0360419679936435,-2.8578961234933296,7.770748215525613,0.1009677464807564
-2.9785684235877863,-4.275255960500294,7.562206315729817,0.1009677464807564
4.236758994034062,1.4237401200318311,10.516732787691724,0.1009677464807564
3.9083469914856446,2.5791900712880027,10.368957581750463,0.1009677464807564
3.579934988937227,3.7346400225441743,10.221182375809201,NaN
-3.0935155123995006,-1.4405362864863651,7.979290115321408,0.1009677464807564
-3.0360419679936435,-2.8578961234933296,7.770748215525613,0.1009677464807564
-2.9785684235877863,-4.275255960500294,7.562206315729817,0.1009677464807564
4.236758994034062,1.4237401200318311,10.516732787691724,0.1009677464807564
3.9083469914856446,2.5791900712880027,10.368957581750463,0.1009677464807564
3.579934988937227,3.7346400225441743,10.221182375809201,0.1009677464807564
-3.0935155123995006,-1.4405362864863651,7.979290115321408,0.1009677464807564
-3.0360419679936435,-2.8578961234933296,7.770748215525613,NaN
-2.9785684235877863,-4.275255960500294,7.562206315729817,0.1009677464807564
4.236758994034062,1.4237401200318311,10.516732787691724,0.1009677464807564
3.9083469914856446,2.5791900712880027,10.368957581750463,0.1009677464807564
3.579934988937227,3.7346400225441743,10.221182375809201,0.1009677464807564
-3.0935155123995006,-1.4405362864863651,7.979290115321408,0.1009677464807564
-3.0360419679936435,-2.8578961234933296,7.770748215525613,NaN
-2.9785684235877863,-4.275255960500294,7.562206315729817,0.1009677464807564
4.236758994034062,1.4237401200318311,10.516732787691724,NaN
3.9083469914856446,2.5791900712880027,10.368957581750463,0.1009677464807564
3.579934988937227,3.7346400225441743,10.221182375809201,0.1009677464807564
-3.0935155123995006,-1.4405362864863651,7.979290115321408,0.1009677464807564
-3.0360419679936435,-2.8578961234933296,7.770748215525613,0.1009677464807564
-2.9785684235877863,-4.275255960500294,7.562206315729817,0.1009677464807564
4.236758994034062,1.4237401200318311,10.516732787691724,0.1009677464807564
3.9083469914856446,2.5791900712880027,10.368957581750463,0.1009677464807564
3.579934988937227,3.7346400225441743,10.221182375809201,NaN
-3.0935155123995006,-1.4405362864863651,7.979290115321408,0.1009677464807564
-3.0360419679936435,-2.8578961234933296,7.770748215525613,0.1009677464807564
-2.9785684235877863,-4.275255960500294,7.562206315729817,0.1009677464807564
4.236758994034062,1.4237401200318311,10.516732787691724,0.1009677464807564
3.9083469914856446,2.5791900712880027,10.368957581750463,0.1009677464807564
3.579934988937227,3.7346400225441743,10.221182375809201,0.1009677464807564
-3.0935155123995006,-1.4405362864863651,7.979290115321408,0.1009677464807564
-3.0360419679936435,-2.8578961234933296,7.770748215525613,0.1009677464807564
-2.9785684235877863,-4.275255960500294,7.562206315729817,0.1009677464807564
4.236758994034062,1.4237401200318311,10.516732787691724,0.1009677464807564
3.9083469914856446,2.5791900712880027,10.368957581750463,0.1009677464807564
3.579934988937227,3.7346400225441743,10.221182375809201,NaN
-3.0935155123995006,-1.4405362864863651,7.979290115321408,0.1009677464807564
-3.0360419679936435,-2.8578961234933296,7.770748215525613,0.1009677464807564
-2.9785684235877863,-4.275255960500294,7.562206315729817,0.1009677464807564
4.236758994034062,1.4237401200318311,10.516732787691724,0.1009677464807564
3.9083469914856446,2.5791900712880027,10.368957581750463,0.1009677464807564
3.579934988937227,3.7346400225441743,10.221182375809201,0.1009677464807564
-3.0935155123995006,-1.4405362864863651,7.979290115321408,0.1009677464807564
-3.0360419679936435,-2.8578961234933296,7.770748215525613,NaN
-2.9785684235877863,-4.275255960500294,7.562206315729817,0.1009677464807564
4.236758994034062,1.4237401200318311,10.516732787691724,0.1009677464807564
3.9083469914856446,2.5791900712880027,10.368957581750463,0.1009677464807564
3.579934988937227,3.7346400225441743,10.221182375809201,NaN
-3.0935155123995006,-1.4405362864863651,7.979290115321408,0.1009677464807564
-3.0360419679936435,-2.8578961234933296,7.770748215525613,0.1009677464807564
-2.9785684235877863,-4.275255960500294,7.562206315729817,0.1009677464807564
4.236758994034062,1.4237401200318311,10.516732787691724,0.1009677464807564
3.9083469914856446,2.5791900712880027,10.368957581750463,0.1009677464807564
3.579934988937227,3.7346400225441743,10.221182375809201,0.1009677464807564
-3.0935155123995006,-1.4405362864863651,7.979290115321408,0.1009677464807564
-3.0360419679936435,-2.8578961234933296,7.770748215525613,NaN
-2.9785684235877863,-4.275255960500294,7.562206315729817,0.1009677464807564
4.236758994034062,1.4237401200318311,10.516732787691724,0.1009677464807564
3.9083469914856446,2.5791900712880027,10.368957581750463,0.1009677464807564
3.579934988937227,3.7346400225441743,10.221182375809201,0.1009677464807564
-3.0935155123995006,-1.4405362864863651,7.979290115321408,0.1009677464807564
-3.0360419679936435,-2.8578961234933296,7.770748215525613,NaN
-2.9785684235877863,-4.275255960500294,7.562206315729817,0.1009677464807564
4.236758994034062,1.4237401200318311,10.516732787691724,0.1009677464807564
3.9083469914856446,2.5791900712880027,10.368957581750463,0.1009677464807564
3.579934988937227,3.7346400225441743,10.221182375809201,0.1009677464807564
-3.0935155123995006,-1.4405362864863651,7.979290115321408,0.1009677464807564
-3.0360419679936435,-2.8578961234933296,7.770748215525613,0.1009677464807564
-2.9785684235877863,-4.275255960500294,7.562206315729817,0.1009677464807564
4.236758994034062,1.4237401200318311,10.516732787691724,NaN
3.9083469914856446,2.5791900712880027,10.368957581750463,0.1009677464807564
3.579934988937227,3.7346400225441743,10.221182375809201,0.1009677464807564
-3.0935155123995006,-1.4405362864863651,7.979290115321408,0.1009677464807564
-3.0360419679936435,-2.8578961234933296,7.770748215525613,0.1009677464807564
-2.9785684235877863,-4.275255960500294,7.562206315729817,0.1009677464807564
4.236758994034062,1.4237401200318311,10.516732787691724,0.1009677464807564
3.9083469914856446,2.5791900712880027,10.368957581750463,0.1009677464807564
3.579934988937227,3.7346400225441743,10.221182375809201,0.1009677464807564
-3.0935155123995006,-1.4405362864863651,7.979290115321408,0.1009677464807564
-3.0360419679936435,-2.8578961234933296,7.770748215525613,0.1009677464807564
-2.9785684235877863,-4.275255960500294,7.562206315729817,0.1009677464807564
4.236758994034062,1.4237401200318311,10.516732787691724,NaN
3.9083469914856446,2.5791900712880027,10.368957581750463,0.1009677464807564
3.579934988937227,3.7346400225441743,10.221182375809201,0.1009677464807564
-3.0935155123995006,-1.4405362864863651,7.979290115321408,0.1009677464807564
-3.0360419679936435,-2.8578961234933296,7.770748215525613,0.1009677464807564
-2.9785684235877863,-4.275255960500294,7.562206315729817,0.1009677464807564
4.236758994034062,1.4237401200318311,10.516732787691724,0.1009677464807564
3.9083469914856446,2.5791900712880027,10.368957581750463,NaN
3.579934988937227,3.7346400225441743,10.221182375809201,0.1009677464807564
-3.0935155123995006,-1.4405362864863651,7.979290115321408,0.1009677464807564
-3.0360419679936435,-2.8578961234933296,7.770748215525613,0.1009677464807564
-2.9785684235877863,-4.275255960500294,7.562206315729817,0.1009677464807564
4.236758994034062,1.4237401200318311,10.516732787691724,0.1009677464807564
3.9083469914856446,2.5791900712880027,10.368957581750463,NaN
3.579934988937227,3.7346400225441743,10.221182375809201,0.1009677464807564
-3.0935155123995006,-1.4405362864863651,7.979290115321408,0.1009677464807564
-3.0360419679936435,-2.8578961234933296,7.770748215525613,0.1009677464807564
-2.9785684235877863,-4.275255960500294,7.562206315729817,0.1009677464807564
4.236758994034062,1.4237401200318311,10.516732787691724,0.1009677464807564
3.9083469914856446,2.5791900712880027,10.368957581750463,0.1009677464807564
3.579934988937227,3.7346400225441743,10.221182375809201,NaN
-3.0935155123995006,-1.4405362864863651,7.979290115321408,0.1009677464807564
-3.0360419679936435,-2.8578961234933296,7.770748215525613,0.1009677464807564
-2.9785684235877863,-4.275255960500294,7.562206315729817,0.1009677464807564
4.236758994034062,1.4237401200318311,10.516732787691724,NaN
3.9083469914856446,2.5791900712880027,10.368957581750463,0.1009677464807564
3.579934988937227,3.7346400225441743,10.221182375809201,0.1009677464807564
-3.0935155123995006,-1.4405362864863651,7.979290115321408,0.1009677464807564
-3.0360419679936435,-2.8578961234933296,7.770748215525613,0.1009677464807564
-2.9785684235877863,-4.275255960500294,7.562206315729817,0.1009677464807564
4.236758994034062,1.4237401200318311,10.516732787691724,0.1009677464807564
3.9083469914856446,2.5791900712880027,10.368957581750463,0.1009677464807564
3.579934988937227,3.7346400225441743,10.221182375809201,0.1009677464807564
-3.0935155123995006,-1.4405362864863651,7.979290115321408,0.1009677464807564
-3.0360419679936435,-2.8578961234933296,7.770748215525613,NaN
-2.9785684235877863,-4.275255960500294,7.562206315729817,0.1009677464807564
4.236758994034062,1.4237401200318311,10.516732787691724,0.1009677464807564
3.9083469914856446,2.5791900712880027,10.368957581750463,0.1009677464807564
3.579934988937227,3.7346400225441743,10.221182375809201,0.1009677464807564
-3.0935155123995006,-1.4405362864863651,7.979290115321408,0.1009677464807564
-3.0360419679936435,-2.8578961234933296,7.770748215525613,0.1009677464807564
-2.9785684235877863,-4.275255960500294,7.562206315729817,0.1009677464807564
4.236758994034062,1.4237401200318311,10.516732787691724,0.1009677464807564
3.9083469914856446,2.5791900712880027,10.368957581750463,0.1009677464807564
3.579934988937227,3.7346400225441743,10.221182375809201,0.1009677464807564
-3.0935155123995006,-1.4405362864863651,7.979290115321408,0.1009677464807564
-3.0360419679936435,-2.8578961234933296,7.770748215525613,NaN
-2.9785684235877863,-4.275255960500294,7.562206315729817,0.1009677464807564
4.236758994034062,1.4237401200318311,10.516732787691724,0.1009677464807564
3.9083469914856446,2.5791900712880027,10.368957581750463,0.1009677464807564
3.579934988937227,3.7346400225441743,10.221182375809201,0.1009677464807564
-3.0935155123995006,-1.4405362864863651,7.979290115321408,0.1009677464807564
-3.0360419679936435,-2.8578961234933296,7.770748215525613,0.1009677464807564
-2.9785684235877863,-4.275255960500294,7.562206315729817,0.1009677464807564
4.236758994034062,1.4237401200318311,10.516732787691724,0.1009677464807564
3.9083469914856446,2.5791900712880027,10.368957581750463,0.1009677464807564
3.579934988937227,3.7346400225441743,10.221182375809201,0.1009677464807564
-3.0935155123995006,-1.4405362864863651,7.979290115321408,0.1009677464807564
-3.0360419679936435,-2.8578961234933296,7.770748215525613,NaN
-2.9785684235877863,-4.275255960500294,7.562206315729817,0.1009677464807564
4.236758994034062,1.4237401200318311,10.516732787691724,NaN
3.9083469914856446,2.5791900712880027,10.368957581750463,0.1009677464807564
3.579934988937227,3.7346400225441743,10.221182375809201,0.1009677464807564
-3.0935155123995006,-1.4405362864863651,7.979290115321408,0.1009677464807564
-3.0360419679936435,-2.8578961234933296,7.770748215525613,0.1009677464807564
-2.9785684235877863,-4.275255960500294,7.562206315729817,0.1009677464807564
4.236758994034062,1.4237401200318311,10.516732787691724,0.1009677464807564
3.9083469914856446,2.5791900712880027,10.368957581750463,0.1009677464807564
3.579934988937227,3.7346400225441743,10.221182375809201,0.1009677464807564
-3.0935155123995006,-1.4405362864863651,7.979290115321408,0.1009677464807564
-3.0360419679936435,-2.8578961234933296,7.770748215525613,NaN
-2.9785684235877863,-4.275255960500294,7.562206315729817,0.1009677464807564
4.236758994034062,1.4237401200318311,10.516732787691724,0.1009677464807564
3.9083469914856446,2.5791900712880027,10.368957581750463,0.1009677464807564
3.579934988937227,3.7346400225441743,10.221182375809201,0.1009677464807564
-3.0935155123995006,-1.4405362864863651,7.979290115321408,0.1009677464807564
-3.0360419679936435,-2.8578961234933296,7.770748215525613,NaN
-2.9785684235877863,-4.275255960500294,7.562206315729817,0.1009677464807564
4.236758994034062,1.4237401200318311,10.516732787691724,0.1009677464807564
3.9083469914856446,2.5791900712880027,10.368957581750463,0.1009677464807564
3.579934988937227,3.7346400225441743,10.221182375809201,0.1009677464807564
-3.0935155123995006,-1.4405362864863651,7.979290115321408,0.1009677464807564
-3.0360419679936435,-2.8578961234933296,7.770748215525613,NaN
-2.9785684235877863,-4.275255960500294,7.562206315729817,0.1009677464807564
4.236758994034062,1.4237401200318311,10.516732787691724,0.1009677464807564
3.9083469914856446,2.5791900712880027,10.368957581750463,0.1009677464807564
3.579934988937227,3.7346400225441743,10.221182375809201,0.1009677464807564
-3.0935155123995006,-1.4405362864863651,7.979290115321408,0.1009677464807564
-3.0360419679936435,-2.8578961234933296,7.770748215525613,0.1009677464807564
-2.9785684235877863,-4.275255960500294,7.562206315729817,0.1009677464807564
4.236758994034062,1.4237401200318311,10.516732787691724,NaN
3.9083469914856446,2.5791900712880027,10.368957581750463,0.1009677464807564
3.579934988937227,3.7346400225441743,10.221182375809201,0.1009677464807564
-3.0935155123995006,-1.4405362864863651,7.979290115321408,0.1009677464807564
-3.0360419679936435,-2.8578961234933296,7.770748215525613,0.1009677464807564
-2.9785684235877863,-4.275255960500294,7.562206315729817,0.1009677464807564
4.236758994034062,1.4237401200318311,10.516732787691724,0.1009677464807564
3.9083469914856446,2.5791900712880027,10.368957581750463,0.1009677464807564
3.579934988937227,3.7346400225441743,10.221182375809201,0.1009677464807564
-3.0935155123995006,-1.4405362864863651,7.979290115321408,0.1009677464807564
-3.0360419679936435,-2.8578961234933296,7.770748215525613,NaN
-2.9785684235877863,-4.275255960500294,7.562206315729817,0.1009677464807564
4.236758994034062,1.4237401200318311,10.516732787691724,0.1009677464807564
3.9083469914856446,2.5791900712880027,10.368957581750463,0.1009677464807564
3.579934988937227,3.7346400225441743,10.221182375809201,NaN
-3.0935155123995006,-1.4405362864863651,7.979290115321408,0.1009677464807564
-3.0360419679936435,-2.8578961234933296,7.770748215525613,0.1009677464807564
-2.9785684235877863,-4.275255960500294,7.562206315729817,0.1009677464807564
4.236758994034062,1.4237401200318311,10.516732787691724,0.1009677464807564
3.9083469914856446,2.5791900712880027,10.368957581750463,0.1009677464807564
3.579934988937227,3.7346400225441743,10.221182375809201,0.1009677464807564
-3.0935155123995006,-1.4405362864863651,7.979290115321408,NaN
-3.0360419679936435,-2.8578961234933296,7.770748215525613,0.1009677464807564
-2.9785684235877863,-4.275255960500294,7.562206315729817,0.1009677464807564
4.236758994034062,1.4237401200318311,10.516732787691724,0.1009677464807564
3.9083469914856446,2.5791900712880027,10.368957581750463,0.1009677464807564
3.579934988937227,3.7346400225441743,10.221182375809201,0.1009677464807564
-3.0935155123995006,-1.4405362864863651,7.979290115321408,0.1009677464807564
-3.0360419679936435,-2.8578961234933296,7.770748215525613,0.1009677464807564
-2.9785684235877863,-4.275255960500294,7.562206315729817,0.1009677464807564
4.236758994034062,1.4237401200318311,10.516732787691724,0.1009677464807564
3.9083469914856446,2.5791900712880027,10.368957581750463,0.1009677464807564
3.579934988937227,3.7346400225441743,10.221182375809201,0.1009677464807564
-3.0935155123995006,-1.4405362864863651,7.979290115321408,NaN
-3.0360419679936435,-2.8578961234933296,7.770748215525613,0.1009677464807564
-2.9785684235877863,-4.275255960500294,7.562206315729817,0.1009677464807564
4.236758994034062,1.4237401200318311,10.516732787691724,0.1009677464807564
3.9083469914856446,2.5791900712880027,10.368957581750463,0.1009677464807564
3.579934988937227,3.7346400225441743,10.221182375809201,0.1009677464807564
-3.0935155123995006,-1.4405362864863651,7.979290115321408,0.1009677464807564
-3.0360419679936435,-2.8578961234933296,7.770748215525613,0.1009677464807564
-2.9785684235877863,-4.275255960500294,7.562206315729817,0.1009677464807564
4.236758994034062,1.4237401200318311,10.516732787691724,0.1009677464807564
3.9083469914856446,2.5791900712880027,10.368957581750463,0.1009677464807564
3.579934988937227,3.7346400225441743,10.221182375809201,0.1009677464807564
-3.0935155123995006,-1.4405362864863651,7.979290115321408,0.1009677464807564
-3.0360419679936435,-2.8578961234933296,7.770748215525613,0.1009677464807564
-2.9785684235877863,-4.275255960500294,7.562206315729817,NaN
4.236758994034062,1.4237401200318311,10.516732787691724,0.1009677464807564
3.9083469914856446,2.5791900712880027,10.368957581750463,0.1009677464807564
3.579934988937227,3.7346400225441743,10.221182375809201,0.1009677464807564
-3.0935155123995006,-1.4405362864863651,7.979290115321408,0.1009677464807564
-3.0360419679936435,-2.8578961234933296,7.770748215525613,0.1009677464807564
-2.9785684235877863,-4.275255960500294,7.562206315729817,NaN
4.236758994034062,1.4237401200318311,10.516732787691724,0.1009677464807564
3.9083469914856446,2.5791900712880027,10.368957581750463,0.1009677464807564
3.579934988937227,3.7346400225441743,10.221182375809201,0.1009677464807564
-3.0935155123995006,-1.4405362864863651,7.979290115321408,0.1009677464807564
-3.0360419679936435,-2.8578961234933296,7.770748215525613,0.1009677464807564
-2.9785684235877863,-4.275255960500294,7.562206315729817,NaN
4.236758994034062,1.4237401200318311,10.516732787691724,0.1009677464807564
3.9083469914856446,2.5791900712880027,10.368957581750463,0.1009677464807564
3.579934988937227,3.7346400225441743,10.221182375809201,0.1009677464807564
-3.0935155123995006,-1.4405362864863651,7.979290115321408,0.1009677464807564
-3.0360419679936435,-2.8578961234933296,7.770748215525613,0.1009677464807564
-2.9785684235877863,-4.275255960500294,7.562206315729817,0.1009677464807564
4.236758994034062,1.4237401200318311,10.516732787691724,0.1009677464807564
3.9083469914856446,2.5791900712880027,10.368957581750463,0.1009677464807564
3.579934988937227,3.7346400225441743,10.221182375809201,0.1009677464807564
-3.0935155123995006,-1.4405362864863651,7.979290115321408,NaN
-3.0360419679936435,-2.8578961234933296,7.770748215525613,0.1009677464807564
-2.9785684235877863,-4.275255960500294,7.562206315729817,0.1009677464807564
4.236758994034062,1.4237401200318311,10.516732787691724,0.1009677464807564
3.9083469914856446,2.5791900712880027,10.368957581750463,NaN
3.579934988937227,3.7346400225441743,10.221182375809201,0.1009677464807564
-3.0935155123995006,-1.4405362864863651,7.979290115321408,0.1009677464807564
-3.0360419679936435,-2.8578961234933296,7.770748215525613,0.1009677464807564
-2.9785684235877863,-4.275255960500294,7.562206315729817,0.1009677464807564
4.236758994034062,1.4237401200318311,10.516732787691724,0.1009677464807564
3.9083469914856446,2.5791900712880027,10.368957581750463,0.1009677464807564
3.579934988937227,3.7346400225441743,10.221182375809201,0.1009677464807564
-3.0935155123995006,-1.4405362864863651,7.979290115321408,0.1009677464807564
-3.0360419679936435,-2.8578961234933296,7.770748215525613,NaN
-2.9785684235877863,-4.275255960500294,7.562206315729817,0.1009677464807564
4.236758994034062,1.4237401200318311,10.516732787691724,NaN
3.9083469914856446,2.5791900712880027,10.368957581750463,0.1009677464807564
3.579934988937227,3.7346400225441743,10.221182375809201,0.1009677464807564
-3.0935155123995006,-1.4405362864863651,7.979290115321408,0.1009677464807564
-3.0360419679936435,-2.8578961234933296,7.770748215525613,0.1009677464807564
-2.9785684235877863,-4.275255960500294,7.562206315729817,0.1009677464807564
4.236758994034062,1.4237401200318311,10.516732787691724,0.1009677464807564
3.9083469914856446,2.5791900712880027,10.368957581750463,NaN
3.579934988937227,3.7346400225441743,10.221182375809201,0.1009677464807564
-3.0935155123995006,-1.4405362864863651,7.979290115321408,0.1009677464807564
-3.0360419679936435,-2.8578961234933296,7.770748215525613,0.1009677464807564
-2.9785684235877863,-4.275255960500294,7.562206315729817,0.1009677464807564
4.236758994034062,1.4237401200318311,10.516732787691724,0.1009677464807564
3.9083469914856446,2.5791900712880027,10.368957581750463,NaN
3.579934988937227,3.7346400225441743,10.221182375809201,0.1009677464807564
-3.0935155123995006,-1.4405362864863651,7.979290115321408,0.1009677464807564
-3.0360419679936435,-2.8578961234933296,7.770748215525613,0.1009677464807564
-2.9785684235877863,-4.275255960500294,7.562206315729817,0.1009677464807564
4.236758994034062,1.4237401200318311,10.516732787691724,0.1009677464807564
3.9083469914856446,2.5791900712880027,10.368957581750463,0.1009677464807564
3.579934988937227,3.7346400225441743,10.221182375809201,0.1009677464807564
-3.0935155123995006,-1.4405362864863651,7.979290115321408,NaN
-3.0360419679936435,-2.8578961234933296,7.770748215525613,0.1009677464807564
-2.9785684235877863,-4.275255960500294,7.562206315729817,0.1009677464807564
4.236758994034062,1.4237401200318311,10.516732787691724,0.1009677464807564
3.9083469914856446,2.5791900712880027,10.368957581750463,0.1009677464807564
3.579934988937227,3.7346400225441743,10.221182375809201,0.1009677464807564
-3.0935155123995006,-1.4405362864863651,7.979290115321408,0.1009677464807564
-3.0360419679936435,-2.8578961234933296,7.770748215525613,0.1009677464807564
-2.9785684235877863,-4.275255960500294,7.562206315729817,0.1009677464807564
4.236758994034062,1.4237401200318311,10.516732787691724,0.1009677464807564
3.9083469914856446,2.5791900712880027,10.368957581750463,0.1009677464807564
3.579934988937227,3.7346400225441743,10.221182375809201,0.1009677464807564
-3.0935155123995006,-1.4405362864863651,7.979290115321408,0.1009677464807564
-3.0360419679936435,-2.8578961234933296,7.770748215525613,0.1009677464807564
-2.9785684235877863,-4.275255960500294,7.562206315729817,NaN
4.236758994034062,1.4237401200318311,10.516732787691724,0.1009677464807564
3.9083469914856446,2.5791900712880027,10.368957581750463,NaN
3.579934988937227,3.7346400225441743,10.221182375809201,0.1009677464807564
-3.0935155123995006,-1.4405362864863651,7.979290115321408,0.1009677464807564
-3.0360419679936435,-2.8578961234933296,7.770748215525613,0.1009677464807564
-2.9785684235877863,-4.275255960500294,7.562206315729817,0.1009677464807564
4.236758994034062,1.4237401200318311,10.516732787691724,0.1009677464807564
3.9083469914856446,2.5791900712880027,10.368957581750463,NaN
3.579934988937227,3.7346400225441743,10.221182375809201,0.1009677464807564
-3.0935155123995006,-1.4405362864863651,7.979290115321408,0.1009677464807564
-3.0360419679936435,-2.8578961234933296,7.770748215525613,0.1009677464807564
-2.9785684235877863,-4.275255960500294,7.562206315729817,0.1009677464807564
4.236758994034062,1.4237401200318311,10.516732787691724,0.1009677464807564
3.9083469914856446,2.5791900712880027,10.368957581750463,0.1009677464807564
3.579934988937227,3.7346400225441743,10.221182375809201,0.1009677464807564
-3.0935155123995006,-1.4405362864863651,7.979290115321408,0.1009677464807564
-3.0360419679936435,-2.8578961234933296,7.770748215525613,0.1009677464807564
-2.9785684235877863,-4.275255960500294,7.562206315729817,0.1009677464807564
4.236758994034062,1.4237401200318311,10.516732787691724,0.1009677464807564
3.9083469914856446,2.5791900712880027,10.368957581750463,0.1009677464807564
3.579934988937227,3.7346400225441743,10.221182375809201,0.1009677464807564
-3.0935155123995006,-1.4405362864863651,7.979290115321408,0.1009677464807564
-3.0360419679936435,-2.8578961234933296,7.770748215525613,NaN
-2.9785684235877863,-4.275255960500294,7.562206315729817,0.1009677464807564
4.188635007553319,1.5462461880528875,10.486605744873138,0.1009677464807564
3.863542416844834,2.7114075581493196,10.34419420669542,0.1009677464807564
3.5384498261363486,3.8765689282457516,10.201782668517701,0.1009677464807564
-3.058991277005076,-1.5999868231426992,7.9898279259742715,0.1009677464807564
-3.014028771967561,-3.0250444024078265,7.764612924523378,0.1009677464807564
-2.9690662669300463,-4.450101981672954,7.539397923072485,0.1009677464807564
4.138184219631356,1.680077809099342,10.456049600214971,NaN
3.817671768966728,2.8502852694243535,10.319505115865748,0.1009677464807564
3.4971593183021006,4.020492729749365,10.182960631516526,0.1009677464807564
-3.0257741379936895,-1.7733197618809378,7.996133354605632,0.1009677464807564
-2.9934313206962537,-3.2001254480220727,7.755247126967916,0.1009677464807564
-2.961088503398818,-4.626931134163208,7.5143608993302,0.1009677464807564
4.085326125975662,1.8259772868460686,10.425099625872356,0.1009677464807564
3.770764062891861,2.9959583490664023,10.294938361527063,0.1009677464807564
3.456201999808059,4.165939411286736,10.16477709718177,NaN
-2.9941934244865522,-1.9611753825088591,7.99766387015581,0.1009677464807564
-2.9744312945988907,-3.383142736820389,7.742417804959192,0.1009677464807564
-2.954669164711229,-4.805110091131919,7.487171739762575,0.1009677464807564
4.02998685824074,1.9846650181566865,10.393802300697104,0.1009677464807564
3.7228579229518792,3.1485150081644733,10.270548536767837,0.1009677464807564
3.415728987663018,4.31236499817226,10.14729477283857,NaN
-2.964647860202599,-2.1642275985650903,7.993798406125742,0.1009677464807564
-2.9572397557937284,-3.5740817387844332,7.725866885978831,0.1009677464807564
-2.9498316513848577,-4.983935879003776,7.457935365831919,0.1009677464807564
3.97211686424558,2.1568564655214013,10.362232699899327,0.1009677464807564
3.674010197513843,3.3080030394076845,10.246404799664084,0.1009677464807564
3.375903530782106,4.459149613293968,10.130576899428842,NaN
-2.9375861236081224,-2.383164301617688,7.983857312685376,0.1009677464807564
-2.9420855690097056,-3.7728975364616026,7.705323867516207,0.1009677464807564
-2.946585014411289,-5.162630771305517,7.426790422347039,0.1009677464807564
3.9117215901956763,2.3432949687486317,10.330524749919888,NaN
3.6243123415827316,3.474445714330251,10.222606569630901,0.1009677464807564
3.336903092969787,4.605596459911871,10.114688389341914,0.1009677464807564
-2.913471572120504,-2.618652121104975,7.967138258074993,0.1009677464807564
-2.929194333435302,-3.979493049169375,7.680528021793167,0.1009677464807564
-2.9449170947501,-5.340333977233775,7.393917785511341,0.1009677464807564
